0.	2.799993311962682e-7
0.01	2.8077352108210423e-7
0.02	2.83062030540081e-7
0.03	2.8659356045483533e-7
0.04	2.91095882456849e-7
0.05	2.962081407268931e-7
0.06	3.011510824961567e-7
0.07	3.06212791777458e-7
0.08	3.1144566559377253e-7
0.09	3.181817238931869e-7
0.1	3.248484650278683e-7
0.11	3.341952314315381e-7
0.12	3.434013642119891e-7
0.13	3.5715618862902635e-7
0.14	3.778178994070428e-7
0.15	3.9970884988435044e-7
0.16	4.305818480757002e-7
0.17	4.6896269691614625e-7
0.18	5.180694058001651e-7
0.19	5.921799532404393e-7
0.2	6.790098491955877e-7
0.21	8.18440219810054e-7
0.22	1.0267277526499192e-6
0.23	1.455547335278376e-6
0.24	2.263341108731345e-6
0.25	0.000012269086983945199
0.26	0.0010264713076168156
0.27	0.004656729886501596
0.28	0.01841684329441032
0.29	0.028693090266832772
0.3	0.04325912217252233
0.31	0.05093485849662762
0.32	0.06454417384575493
0.33	0.06622848020728424
0.34	0.08432685959079989
0.35000000000000003	0.09792579272375175
0.36	0.0979889755396475
0.37	0.10205672658332848
0.38	0.12135200111668362
0.39	0.1255795634062809
0.4	0.14012336024542696
0.41000000000000003	0.14279698605620428
0.42	0.13779692897949394
0.43	0.13593246754868465
0.44	0.1445682332387127
0.45	0.13021539210972433
0.46	0.11348287665112909
0.47000000000000003	0.09836573807710614
0.48	0.10024769375177092
0.49	0.10789757630421895
0.5	0.10350904562763233
0.51	0.11885923961270793
0.52	0.12187635718866144
0.53	0.12438628351618386
0.54	0.1415784667130185
0.55	0.1423257062491111
0.56	0.15912306998188638
0.5700000000000001	0.16128490836338336
0.58	0.16215684065998953
0.59	0.17298054704972765
0.6	0.18632077185699567
0.61	0.18860028254103378
0.62	0.19142395086992212
0.63	0.21713204400078567
0.64	0.20048315946102815
0.65	0.2118815686469105
0.66	0.21112864678979792
0.67	0.21881005065510467
0.68	0.2339606795909628
0.6900000000000001	0.22358133544425998
0.7000000000000001	0.24170704787059635
0.71	0.24475396157622983
0.72	0.2542585185399892
0.73	0.23890103872190452
0.74	0.24800784500860693
0.75	0.25418789487848525
0.76	0.25639131199688786
0.77	0.27501900555022085
0.78	0.28548481210591997
0.79	0.2866658152528922
0.8	0.29668484492121966
0.81	0.30873723650140616
0.8200000000000001	0.3003109961374287
0.8300000000000001	0.32531138272051585
0.84	0.3097380691915004
0.85	0.33814951399118126
0.86	0.32616007170866906
0.87	0.32218391704983956
0.88	0.29550207619558416
0.89	0.24019578903122935
0.9	0.20213800392991546
0.91	0.2167720377965888
0.92	0.21438703023415256
0.93	0.23145742895440533
0.9400000000000001	0.2383527486759114
0.9500000000000001	0.25196645574204973
0.96	0.2665620973218673
0.97	0.2631857587468487
0.98	0.26334410326156193
0.99	0.29168289045059304
1.	0.31280031774171174
1.01	0.3340159517766011
1.02	0.3483262632963645
1.03	0.3305163016886371
1.04	0.31321673439164577
1.05	0.2735474763709234
1.06	0.21962145210642445
1.07	0.19279834874928387
1.08	0.15046089895933287
1.09	0.11281089772093164
1.1	0.08834262862726643
1.11	0.07669870116629507
1.12	0.0700919601859026
1.1300000000000001	0.05976073959008839
1.1400000000000001	0.06406689708963802
1.1500000000000001	0.06779040321559208
1.16	0.07278094303715313
1.17	0.08316696742229425
1.18	0.07628537589488005
1.19	0.08937770006292939
1.2	0.0884332319447486
1.21	0.08630988262391659
1.22	0.09265236112897418
1.23	0.07596786723881263
1.24	0.08683093551052841
1.25	0.08559382648851768
1.26	0.08611815367185546
1.27	0.08513947439106298
1.28	0.09411082444915919
1.29	0.09603301222004317
1.3	0.0888299701104995
1.31	0.09974199737574338
1.32	0.10190089266908044
1.33	0.09489707629712496
1.34	0.10383218042694337
1.35	0.10186943473595701
1.36	0.10033269989435974
1.37	0.10284730509164955
1.3800000000000001	0.11566648857415138
1.3900000000000001	0.113449055746479
1.4000000000000001	0.12066098959495403
1.41	0.11501949458442733
1.42	0.11022215200850578
1.43	0.11468633244147515
1.44	0.11748873052513653
1.45	0.11812104881391625
1.46	0.10951136384250867
1.47	0.11300047040146638
1.48	0.11972065281933902
1.49	0.11072469677973165
1.5	0.10173648067726035
1.51	0.11236338691509563
1.52	0.10937680811060042
1.53	0.11235975739016087
1.54	0.10863262408376304
1.55	0.11070435255050398
1.56	0.12314244735690334
1.57	0.11386386870365027
1.58	0.10297896562122082
1.59	0.1096040616997031
1.6	0.10637599527216386
1.61	0.10401737264748047
1.62	0.10813456614207863
1.6300000000000001	0.10973238777537954
1.6400000000000001	0.09672585188733819
1.6500000000000001	0.10474404978867068
1.6600000000000001	0.10296565104704548
1.67	0.10376172253241062
1.68	0.0948797190690451
1.69	0.10643871922879924
1.7	0.0960869725735704
1.71	0.09960418297387799
1.72	0.10110574588733688
1.73	0.089277099540952
1.74	0.08741772249383258
1.75	0.0774278582442472
1.76	0.08392976181980105
1.77	0.07240882300946183
1.78	0.0767672507322777
1.79	0.06790109255602543
1.8	0.06511521061133257
1.81	0.062390395162865646
1.82	0.05932676996449192
1.83	0.05968916274223328
1.84	0.05759617043177531
1.85	0.05622311923721486
1.86	0.04661657202017132
1.87	0.04655942833738247
1.8800000000000001	0.04601334400360521
1.8900000000000001	0.043791751945542585
1.9000000000000001	0.04126670462758805
1.9100000000000001	0.049000498849352
1.92	0.05459571653921398
1.93	0.04749341697959603
1.94	0.048683518791722946
1.95	0.050414808076051414
1.96	0.052278168037354564
1.97	0.05580045934973371
1.98	0.04994514982667862
1.99	0.05602894765728283
2.	0.047028275134487846
2.0100000000000002	0.05037868222832115
2.02	0.0444320828397438
2.0300000000000002	0.05728818580388093
2.04	0.053768735911125756
2.05	0.055664703551872245
2.06	0.05613376334445413
2.07	0.06039120208640841
2.08	0.05923492225029033
2.09	0.05977942223536655
2.1	0.059963492174424676
2.11	0.066672654162385
2.12	0.059212549984883595
2.13	0.06635630828857453
2.14	0.06374757337534341
2.15	0.06579105299913707
2.16	0.059397351477468004
2.17	0.056779468476516055
2.18	0.05714315561786492
2.19	0.05721037647144501
2.2	0.05960950225118599
2.21	0.054133414000144396
2.22	0.062213160535559565
2.23	0.0585759055585345
2.24	0.05525038589156202
2.25	0.0600965914638019
2.2600000000000002	0.059213009125676175
2.27	0.05797717553413572
2.2800000000000002	0.05533568478723781
2.29	0.05573452923126312
2.3000000000000003	0.06683466806230756
2.31	0.053067628846590324
2.32	0.05653794168479261
2.33	0.055731430919344675
2.34	0.04789752103072822
2.35	0.0544787419760545
2.36	0.05441065103430162
2.37	0.05300381627913471
2.38	0.04846796185348097
2.39	0.05058992116271917
2.4	0.054276813245976385
2.41	0.04462158119824238
2.42	0.04550298787876892
2.43	0.049748478833323236
2.44	0.04756267014529205
2.45	0.03973153159726297
2.46	0.039863152367986626
2.47	0.03377249597186422
2.48	0.03702614294564464
2.49	0.033442237030382814
2.5	0.024113803312159374
2.5100000000000002	0.02684935323079594
2.52	0.02986407670244394
2.5300000000000002	0.025311713946641553
2.54	0.022767502277971266
2.5500000000000003	0.020932302264285517
2.56	0.022134780760433816
2.57	0.02343414595904415
2.58	0.023465313843185433
2.59	0.02370018296771581
2.6	0.0229413469781482
2.61	0.02626560133992965
2.62	0.02642850895042776
2.63	0.027818900498330253
2.64	0.030015857360372242
2.65	0.029256454966642125
2.66	0.029438545200705588
2.67	0.03061411213794779
2.68	0.027726428317179374
2.69	0.031172633376959146
2.7	0.029476848964488225
2.71	0.03125782429797114
2.72	0.034154688010098896
2.73	0.024860367424286725
2.74	0.025695460883314737
2.75	0.03387126554399575
2.7600000000000002	0.02874334641776434
2.77	0.027789456106450342
2.7800000000000002	0.030145567142649633
2.79	0.027272391567128886
2.8000000000000003	0.025128264622127076
2.81	0.03038756678065981
2.82	0.023537188704313757
2.83	0.022567383430075024
2.84	0.022757728823147402
2.85	0.00022914079154434344
2.86	0.00001440224898548927
2.87	4.787856148168598e-6
2.88	2.31408537416356e-6
2.89	1.355042946240363e-6
2.9	8.85142868245085e-7
2.91	6.224252063473386e-7
2.92	4.604117529909028e-7
2.93	3.538892687469025e-7
2.94	2.8088960635560076e-7
2.95	2.2809622722736507e-7
2.96	1.8889886941827364e-7
2.97	1.5896644995138106e-7
2.98	1.3560929996334736e-7
2.99	1.1704400702395742e-7
3.	1.0204323486311978e-7