0.	32.86182701586744
0.01	33.81543490518228
0.02	37.906876024211996
0.03	24.717013178218163
0.04	19.51559859467865
0.05	20.017199693289335
0.06	27.13001163983962
0.07	16.857395201731702
0.08	11.862332537379203
0.09	9.7977382887589
0.1	9.142032941185592
0.11	8.682343819116817
0.12	9.564145070783583
0.13	20.01592903366302
0.14	10.904720232085747
0.15	7.016821815230768
0.16	4.803390497175747
0.17	3.727437544481297
0.18	3.083478542446052
0.19	2.63301534375751
0.2	2.809728594048007
0.21	3.2967431544046013
0.22	4.741062279009904
0.23	10.892431682016872
0.24	6.047921341471541
0.25	3.236018972763703
0.26	2.029421376205578
0.27	1.2561990163430528
0.28	1.138602197213223
0.29	1.084688393336334
0.3	1.1181823075126265
0.31	1.0884908114810465
0.32	1.113127294891714
0.33	0.9630612073874172
0.34	1.1775897373845745
0.35000000000000003	3.3635165502581197
0.36	3.563612117782306
0.37	2.698848680111254
0.38	1.5678658434936645
0.39	1.7867621268106855
0.4	1.924485001493938
0.41000000000000003	2.364994515916559
0.42	2.599513264471205
0.43	2.6639771247585724
0.44	2.6861516431988104
0.45	2.657350810766409
0.46	2.642201007524571
0.47000000000000003	2.5482273883325925
0.48	2.1802927737215936
0.49	1.5128590202071246
0.5	1.4484937414983823
0.51	2.4588645149516504
0.52	1.7078071876085468
0.53	2.0580919628205776
0.54	2.336910532830424
0.55	3.3363149036547832
0.56	3.791660388578267
0.5700000000000001	3.5995347979753416
0.58	4.141280348697492
0.59	4.069326628197166
0.6	4.179127373548339
0.61	4.190177976416548
0.62	4.059335889405637
0.63	4.023566648287974
0.64	3.978192714763195
0.65	3.6673299512379938
0.66	2.6151523500661087
0.67	1.8525313693923444
0.68	1.7054225562748588
0.6900000000000001	1.810013006429684
0.7000000000000001	2.733265431082049
0.71	3.439177565322522
0.72	3.71944515321905
0.73	4.085388640081009
0.74	4.769202872757831
0.75	4.94456970573718
0.76	5.126041526022463
0.77	5.444982490291866
0.78	5.198789226276804
0.79	5.195945895918011
0.8	5.048967018112434
0.81	4.730848939591499
0.8200000000000001	4.584718306843156
0.8300000000000001	4.394449830770625
0.84	4.334190613255581
0.85	3.6715453526520023
0.86	2.0851491977492724
0.87	2.7692531830492486
0.88	3.037221401263309
0.89	3.2903128409054516
0.9	3.668358142301715
0.91	4.360778954550407
0.92	4.8826163357517745
0.93	4.754642824402416
0.9400000000000001	5.169232809926836
0.9500000000000001	5.443354444215728
0.96	5.561603730275874
0.97	5.775669813326038
0.98	5.912467003561522
0.99	5.880120740164179
1.	5.696849173437852
1.01	5.451776040115601
1.02	5.248536662608582
1.03	5.170839211503897
1.04	4.896655106898885
1.05	4.60654925909821
1.06	4.416239956071608
1.07	1.9312351295248373
1.08	2.6700888954426256
1.09	4.149693521112125
1.1	4.299969549852721
1.11	4.482583154640674
1.12	4.502642341369528
1.1300000000000001	5.100405313114881
1.1400000000000001	5.545536027617423
1.1500000000000001	5.51782469473529
1.16	5.688990243337505
1.17	5.994484159412323
1.18	5.818413145377837
1.19	5.958248167478051
1.2	6.134207300411032
1.21	6.171843848668206
1.22	6.082960288596405
1.23	5.701529448610679
1.24	5.406232721803175
1.25	5.496801266653123
1.26	5.404858832305298
1.27	4.963983435756654
1.28	4.630097091134613
1.29	3.5256478053012565
1.3	2.2297737591748157
1.31	3.8147497921417206
1.32	4.475191891286068
1.33	5.036230951256237
1.34	5.012343475758747
1.35	4.756220043809
1.36	5.409348655843085
1.37	5.8849443004253805
1.3800000000000001	5.847483381215492
1.3900000000000001	5.919359952643321
1.4000000000000001	5.993359609037743
1.41	5.943211826641405
1.42	5.980476308459214
1.43	6.1486840103021
1.44	6.166070701687951
1.45	6.188695288161605
1.46	5.861297817918954
1.47	5.428911864189349
1.48	5.535014758768286
1.49	5.56094827780422
1.5	5.282523388241453
1.51	4.489485580680502
1.52	3.5717273068380297
1.53	3.811161933138792
1.54	3.004357226321831
1.55	4.521574602193822
1.56	4.726841706800034
1.57	5.43600472623478
1.58	5.228076771742375
1.59	4.9379661469863345
1.6	5.550790317704048
1.61	5.860725951675569
1.62	5.90183330556812
1.6300000000000001	5.72972611437729
1.6400000000000001	5.91061656387977
1.6500000000000001	5.984639065729165
1.6600000000000001	5.967977583829188
1.67	6.1487220512940395
1.68	6.140659449159092
1.69	6.095961138764334
1.7	5.732778761193794
1.71	5.3372327752528586
1.72	5.4047369186545575
1.73	5.392640236127783
1.74	5.1242480117446245
1.75	4.17192481618678
1.76	2.5229158516549166
1.77	4.39254846526599
1.78	3.55508347975494
1.79	4.237829213301959
1.8	4.73202757870725
1.81	5.076656315333701
1.82	5.1879457275937515
1.83	4.7650110849485445
1.84	5.121981631715004
1.85	5.51671686819135
1.86	5.720843540395592
1.87	5.535774194071616
1.8800000000000001	5.68782804346139
1.8900000000000001	5.9117836281250185
1.9000000000000001	5.877100172113094
1.9100000000000001	5.8937332427649185
1.92	5.920132190097573
1.93	5.866440077560992
1.94	5.506648184942484
1.95	5.120779473220069
1.96	5.138270460838476
1.97	5.207350088213791
1.98	5.045628387706869
1.99	4.4022749592382295
2.	2.213555795240553