0.	3.803284622716074
0.01	4.809824502098105
0.02	4.806263184378539
0.03	4.408639851160488
0.04	3.9088477166860893
0.05	3.6235024690902327
0.06	3.592739358882889
0.07	3.9883825109475874
0.08	4.426418095723624
0.09	4.837855098747159
0.1	4.8799859063298205
0.11	4.770255022730901
0.12	4.517436850140354
0.13	4.414309984805226
0.14	4.317915440561646
0.15	4.215751039967627
0.16	4.1450953094451215
0.17	4.078328839148395
0.18	4.2212446920183195
0.19	4.457045075537442
0.2	4.569235573698958
0.21	4.60102767304993
0.22	4.624379794049528
0.23	4.465977878448628
0.24	4.442220388430565
0.25	4.401916975315765
0.26	4.215582610314207
0.27	4.110879082675426
0.28	4.137914263575185
0.29	4.183814726250701
0.3	4.2357204058009446
0.31	4.435417114737624
0.32	4.5026023998676195
0.33	4.478321511351842
0.34	4.400582150812192
0.35000000000000003	4.479364363712764
0.36	4.3392906485399685
0.37	4.210270724948195
0.38	4.164314331249797
0.39	4.14161981317503
0.4	4.111181287360794
0.41000000000000003	3.9973268327887452
0.42	4.106583230088519
0.43	4.214361130169422
0.44	4.368435885227924
0.45	4.459561613965602
0.46	4.3412236963682655
0.47000000000000003	4.316595921557699
0.48	4.244256966557374
0.49	4.008585387622771
0.5	3.9220310666442444
0.51	3.9458963214641773
0.52	3.9893649830700024
0.53	4.0270120401804865
0.54	4.039565416114503
0.55	4.043963060636286
0.56	4.0736571872641765
0.5700000000000001	4.119104613833855
0.58	4.272720849321394
0.59	4.106073909238445
0.6	3.9746212074491494
0.61	4.0541895980292475
0.62	3.9773227433082345
0.63	3.8391321233502986
0.64	3.6070838646456083
0.65	3.759079664978533
0.66	3.8713612457077535
0.67	3.8422913864450874
0.68	4.035750639714591
0.6900000000000001	4.035258239054064
0.7000000000000001	3.9629517484319012
0.71	3.949106602206493
0.72	3.9134390497036993
0.73	3.7340978683658568
0.74	3.4718604804252693
0.75	3.4458667957346334
0.76	3.5586290363019843
0.77	3.625836888021661
0.78	3.7098226266961256
0.79	3.7115457495104147
0.8	3.857244945815556
0.81	3.922222422780445
0.8200000000000001	3.9026248517877695
0.8300000000000001	3.9259006755707344
0.84	3.727129078502462
0.85	3.477274858884451
0.86	3.2740231509153817
0.87	3.1784747478676496
0.88	3.302679125456363
0.89	3.2220497615658603
0.9	3.231058190535439
0.91	3.3608218065255993
0.92	3.5713851679659685
0.93	3.683302058073241
0.9400000000000001	3.7264179533495216
0.9500000000000001	3.77685521190869
0.96	3.584201649970669
0.97	3.2961363894005253
0.98	3.1846158790738404
0.99	3.256258611546018
1.	3.1743655596532343
1.01	3.0258159630270587
1.02	3.032758972500416
1.03	3.2195730583301567
1.04	3.312597353465453
1.05	3.5057694075195815
1.06	3.69118183069481
1.07	3.4834228750654197
1.08	3.2657136053807343
1.09	3.0715112787915144
1.1	3.02243280458839
1.11	3.0116355446729774
1.12	2.9308147696144005
1.1300000000000001	2.8352318330913637
1.1400000000000001	2.89172297047519
1.1500000000000001	2.9608083237582132
1.16	3.050749540196136
1.17	3.263007508290869
1.18	3.337544163401497
1.19	3.267262042463129
1.2	3.1298410488010915
1.21	2.928017629030685
1.22	2.9367552352038273
1.23	2.8328385428995957
1.24	2.764471955690739
1.25	2.731165899131169
1.26	2.785371584807419
1.27	2.7494426583781104
1.28	2.9126121595664327
1.29	3.0006818019621813
1.3	2.853306057201968
1.31	2.702432796891992
1.32	2.622555635457026
1.33	2.567831444657857
1.34	2.588770746580092
1.35	2.520072661170806
1.36	2.5668366317559426
1.37	2.589958602086538
1.3800000000000001	2.591687010730362
1.3900000000000001	2.595509898715363
1.4000000000000001	2.78961520221994
1.41	2.764112824604371
1.42	2.5649905622418063
1.43	2.413844096144795
1.44	2.3551698370449436
1.45	2.3607103818453594
1.46	2.427428991288353
1.47	2.41292524851644
1.48	2.491664406702102
1.49	2.430922114238225
1.5	2.41262089731121
1.51	2.3108715495262784
1.52	2.154557870854169
1.53	1.992732092527987
1.54	1.9868804465864203
1.55	2.0364047160002934
1.56	2.0977357856924157
1.57	2.171395183275792
1.58	2.111948693348586
1.59	2.0440102289151665
1.6	1.9618946245611988
1.61	1.8671207361994073
1.62	1.7707029414996391
1.6300000000000001	1.7019630765718985
1.6400000000000001	1.7386392689111705
1.6500000000000001	1.879086530641594
1.6600000000000001	1.8635706248818433
1.67	1.8554681574551506
1.68	1.8192653870157538
1.69	1.6961710701111747
1.7	1.6267727494367301
1.71	1.5342528273796783
1.72	1.4731532978937552
1.73	1.4900968459585615
1.74	1.4823758614095073
1.75	1.3656197256519895
1.76	0.9896701340750633
1.77	1.02913331697191
1.78	1.028036689163936
1.79	0.9835699086869042
1.8	1.0151777980094765
1.81	1.0195469392030236
1.82	1.004198640401308
1.83	0.9476800070549461
1.84	0.835544829133611
1.85	0.7986725981680733
1.86	0.7780882327439494
1.87	0.7874895620148298
1.8800000000000001	0.7419133709183962
1.8900000000000001	0.7315085172589688
1.9000000000000001	0.7710470039357064
1.9100000000000001	0.7636715118601534
1.92	0.7413291083396509
1.93	0.7406097616366689
1.94	0.7633988462639864
1.95	0.7022102596329861
1.96	0.6326553145597894
1.97	0.5590451986763567
1.98	0.49873683620071546
1.99	0.5321974802402568
2.	0.19307016364014248