0.	1.9498429040108913
0.01	1.9507508511148015
0.02	1.9496405824695682
0.03	1.9495787861589138
0.04	1.9490392660030993
0.05	1.9500819377459402
0.06	1.9493844498249866
0.07	1.9521756056915691
0.08	1.9517571854438336
0.09	1.9510292657183064
0.1	1.9508609069352219
0.11	1.9517867037265173
0.12	1.9525132275717538
0.13	1.9515894555486244
0.14	1.9543289357693987
0.15	1.952271216804962
0.16	1.9547501359691095
0.17	1.954658525466141
0.18	1.958251447668857
0.19	1.9556526617419816
0.2	1.9579934776899757
0.21	1.9550829220056731
0.22	1.95834023288283
0.23	1.9584177691529483
0.24	1.956764566294751
0.25	1.960218761568681
0.26	1.9598284858024266
0.27	1.9569722597780232
0.28	1.9582221977084437
0.29	1.9639603105829746
0.3	1.963941165273136
0.31	1.9617297203971142
0.32	1.9572430668872611
0.33	1.9615055289194756
0.34	1.9649909931312823
0.35000000000000003	1.9695283764637637
0.36	1.9672496738003078
0.37	1.9703133214279231
0.38	1.968829405749104
0.39	1.9697673301052134
0.4	1.9697071115800515
0.41000000000000003	1.968147386911538
0.42	1.9703007029668356
0.43	1.9696082037593647
0.44	1.9723048515234796
0.45	1.972961891467981
0.46	1.9748777800850679
0.47000000000000003	1.9757223038438279
0.48	1.9749313156111852
0.49	1.9723952439004466
0.5	1.9702323597240927
0.51	1.9720253265148577
0.52	1.9739778177148475
0.53	1.977475309008703
0.54	1.9797454034152098
0.55	1.9777124799835537
0.56	1.9746824173688255
0.5700000000000001	1.975593949417826
0.58	1.980973649850661
0.59	1.9819878040874541
0.6	1.9791535466145296
0.61	1.9772964060359215
0.62	1.9824792941115412
0.63	1.9840307307099878
0.64	1.9793905522978943
0.65	1.9802221098230635
0.66	1.9871816660581394
0.67	1.9849702081403684
0.68	1.9816647604852533
0.6900000000000001	1.9881298590221381
0.7000000000000001	1.9853560384562725
0.71	1.9826183319125152
0.72	1.9893709780073054
0.73	1.986422190959136
0.74	1.9885119091067345
0.75	1.9914925149329479
0.76	1.9884362919594223
0.77	1.9918249610418515
0.78	1.9933099114498476
0.79	1.9900653641926738
0.8	1.9934042279419002
0.81	1.992100328240091
0.8200000000000001	1.9941539295275301
0.8300000000000001	1.995768395838777
0.84	1.9950981621217247
0.85	2.0012512609314563
0.86	2.0243451482475936
0.87	5.376866042301225
0.88	5.661549595128181
0.89	5.807508195025444
0.9	5.8887339221808555
0.91	5.952839297600858
0.92	5.974910870270035
0.93	5.98784045920889
0.9400000000000001	5.995816015071224
0.9500000000000001	6.000187691489856
0.96	6.001219137075315
0.97	6.002943285095007
0.98	6.006761546231374
0.99	6.027084703200549
1.	5.163549936358269
1.01	4.953196773447689
1.02	4.099162772870181
1.03	2.4548813599658508
1.04	1.614024979133452
1.05	1.6618123103860267
1.06	2.0223268816348767
1.07	2.3401655210423726
1.08	2.5929412483726755
1.09	2.7777082258634365
1.1	2.9691390195801097
1.11	3.082911875584846
1.12	3.179963745997197
1.1300000000000001	3.298296962308579
1.1400000000000001	3.3445068021424214
1.1500000000000001	3.4248599582004564
1.16	3.4260517994719146
1.17	3.5206633285831384
1.18	3.5414415472793026
1.19	3.5654232619879704
1.2	3.624107779058009
1.21	3.5972178968245134
1.22	3.6369954043378963
1.23	3.6291571918900574
1.24	3.6156401730858
1.25	3.6383799068914158
1.26	3.635367033665466
1.27	3.638813872791774
1.28	3.6549357759038017
1.29	3.637537115227943
1.3	3.6620569598134503
1.31	3.6508564141473556
1.32	3.653284368542775
1.33	3.661948238073642
1.34	3.6771701667676826
1.35	3.665830142299037
1.36	3.6687253079790874
1.37	3.680443106466753
1.3800000000000001	3.67807970897503
1.3900000000000001	3.675132150460885
1.4000000000000001	3.671387228897577
1.41	3.670014801494615
1.42	3.6884776930945904
1.43	3.6845308164638073
1.44	3.6622780111900988
1.45	3.660862498685699
1.46	3.6637613337752257
1.47	3.635824904203184
1.48	3.6356966232783403
1.49	3.609467787364826
1.5	3.602763973664047
1.51	3.600990236306633
1.52	3.5618768204060878
1.53	3.563498747332363
1.54	3.536056199737607
1.55	3.522847687999257
1.56	3.498060442863644
1.57	3.4816536897078123
1.58	3.440943193512678
1.59	3.40889936352345
1.6	3.3782309695723893
1.61	3.3181263340623293
1.62	3.292971384356278
1.6300000000000001	3.2383326907359655
1.6400000000000001	3.1694375254571976
1.6500000000000001	3.1096150951971206
1.6600000000000001	3.0406468847699823
1.67	2.925991737740769
1.68	2.8007649488512625
1.69	2.648111951758522
1.7	2.4843775882620385
1.71	2.19805234459251
1.72	1.7750239995674775
1.73	1.60366467844105
1.74	2.044337202738257
1.75	1.6620180965496365
1.76	1.563637996115271
1.77	1.8554222463690189
1.78	2.0678417718500475
1.79	2.236048166547763
1.8	2.321271101281474
1.81	2.3661227461505296
1.82	2.4171155431782774
1.83	2.439288837798096
1.84	2.457138488878539
1.85	2.479062739776633
1.86	2.4996160149574105
1.87	2.497613000163162
1.8800000000000001	2.51032935462394
1.8900000000000001	2.5217814817307924
1.9000000000000001	2.5285900278486526
1.9100000000000001	2.530387709356469
1.92	2.539542777163225
1.93	2.54133229301074
1.94	2.5440403349795315
1.95	2.548518521467747
1.96	2.5441572680289086
1.97	2.5406501664620142
1.98	2.555190721202535
1.99	2.5470258489531292
2.	2.5553114336563434
2.0100000000000002	2.55369381088878
2.02	2.5538277226902992
2.0300000000000002	2.558407876770247
2.04	2.560657583618775
2.05	2.555591284890935
2.06	2.5537418791304933
2.07	2.55216212769908
2.08	2.5559285411194086
2.09	2.5536241988162547
2.1	2.5510674537473252
2.11	2.546607716127759
2.12	2.5479249405536777
2.13	2.548635787305232
2.14	2.5416354204298357
2.15	2.548186332906387
2.16	2.5414656573542134
2.17	2.5351255982002323
2.18	2.5430531457141243
2.19	2.534430261299925
2.2	2.5344707060793876
2.21	2.525732946605217
2.22	2.5269824972970083
2.23	2.5255156958577665
2.24	2.516709973352583
2.25	2.515430696515131
2.2600000000000002	2.5117987607291834
2.27	2.504643668076167
2.2800000000000002	2.499141802316231
2.29	2.5035102223849255
2.3000000000000003	2.4896105351149815
2.31	2.487643745496454
2.32	2.486825226988817
2.33	2.4775895366929963
2.34	2.468808720249207
2.35	2.459829321407419
2.36	2.4540207368775775
2.37	2.443706969100168
2.38	2.434737706853428
2.39	2.4266474652288292
2.4	2.4167991697451594
2.41	2.4075207873113493
2.42	2.3982990767127994
2.43	2.382543827398296
2.44	2.374468412879615
2.45	2.3654796939870435
2.46	2.35313131712283
2.47	2.3366467338943346
2.48	2.327250042838156
2.49	2.297973810626243
2.5	2.2909061832967925
2.5100000000000002	2.2683887206841606
2.52	2.2462724247828576
2.5300000000000002	2.227123593433734
2.54	2.200202891326627
2.5500000000000003	2.1851371643144186
2.56	2.1423747349878806
2.57	2.1054850365428384
2.58	2.0709890131225146
2.59	2.0228278912786495
2.6	1.9601167680306986
2.61	1.9012673477456452
2.62	1.8127101738621036
2.63	1.6676360074492163
2.64	1.398454612762965
2.65	0.6383353461962565
2.66	0.601363971653684
2.67	0.5466833506956403
2.68	0.596808598906437
2.69	0.7120819308573603
2.7	0.7753974471040016
2.71	0.806305988357418
2.72	0.8289745436739148
2.73	0.8372613846156656
2.74	0.8462421607841363
2.75	0.8507544889438062
2.7600000000000002	0.8586065945579681
2.77	0.8564909404430819
2.7800000000000002	0.853353920396568
2.79	0.8589302537764736
2.8000000000000003	0.8543347313307225
2.81	0.8528363886542486
2.82	0.8543522310428693
2.83	0.8485874729895068
2.84	0.8462632218578428
2.85	0.847763999264355
2.86	0.8369485729667209
2.87	0.8349687727326165
2.88	0.8286606469418475
2.89	0.8254871008435545
2.9	0.814275504253259
2.91	0.8112071925706587
2.92	0.7990588624967495
2.93	0.7886705344051765
2.94	0.7764274343774537
2.95	0.7704806502477041
2.96	0.7438095545812321
2.97	0.7153549353740216
2.98	0.6804404758731444
2.99	0.6280859850366619
3.	0.2708980900632335