0.	1.902744362063576
0.01	1.9063810576731317
0.02	1.9028671863976971
0.03	1.906322999870095
0.04	1.9070262797717878
0.05	1.9069039616423598
0.06	1.9008490438405892
0.07	1.907430335212146
0.08	1.9108235779598717
0.09	1.9074639071184332
0.1	1.9096486171390943
0.11	1.911568817001645
0.12	1.9109798583564366
0.13	1.9079448319563694
0.14	1.9159467246129662
0.15	1.9135981053467483
0.16	1.9147226288302854
0.17	1.9162005250407614
0.18	1.9189061580147053
0.19	1.9167531724683886
0.2	1.9197069573914178
0.21	1.9180766067299206
0.22	1.9235195582039124
0.23	1.9220010199993482
0.24	1.919448410634624
0.25	1.9249501387081274
0.26	1.9268037434208873
0.27	1.923441079220336
0.28	1.9270008992958036
0.29	1.9299561562740888
0.3	1.932284577371859
0.31	1.927996345751403
0.32	1.9272458353043223
0.33	1.9301779442452387
0.34	1.934090079956783
0.35000000000000003	1.9380181529425586
0.36	1.9377513503905643
0.37	1.9421855201002582
0.38	1.9418080252894994
0.39	1.9436737630336378
0.4	1.9388444755632745
0.41000000000000003	1.946072384243776
0.42	1.9461660608052065
0.43	1.945123574646392
0.44	1.9486739617332585
0.45	1.9485069807384752
0.46	1.9534091861595893
0.47000000000000003	1.9528028136366415
0.48	1.9538289378200246
0.49	1.9498760904452588
0.5	1.9503270904161143
0.51	1.9527033462322456
0.52	1.9553781910539703
0.53	1.9574842061996238
0.54	1.9623126947958887
0.55	1.960075924948924
0.56	1.956237735920547
0.5700000000000001	1.9597140202636625
0.58	1.9640216471140914
0.59	1.9667435288056567
0.6	1.9661120920089221
0.61	1.9636405011204447
0.62	1.9680890301738874
0.63	1.970561979619122
0.64	1.9683447646524384
0.65	1.9667925780961646
0.66	1.9760269715417307
0.67	1.9739401053417058
0.68	1.9723827341789184
0.6900000000000001	1.9773774070027181
0.7000000000000001	1.9759372588928783
0.71	1.9767703726844703
0.72	1.984046558377372
0.73	1.9798712317484253
0.74	1.9822976659066758
0.75	1.9839057838938225
0.76	1.9831339450484815
0.77	1.9861950340679047
0.78	1.9872580233108836
0.79	1.9851311428237675
0.8	1.9885928322863458
0.81	1.98755851923007
0.8200000000000001	1.9915095047923548
0.8300000000000001	1.9934129873564113
0.84	1.9938417438993061
0.85	1.9994703795564006
0.86	2.025373855319808
0.87	5.211938743760037
0.88	5.584371444017413
0.89	5.753173129633412
0.9	5.86238304600494
0.91	5.917264103857934
0.92	5.956194533698812
0.93	5.979824058074915
0.9400000000000001	5.996396622792029
0.9500000000000001	5.998616823195602
0.96	6.001338430131356
0.97	6.002943285095007
0.98	6.006761546231374
0.99	6.027084703200549
1.	5.056973310881539
1.01	5.000549580927205
1.02	4.807621038870724
1.03	4.114057036272987
1.04	3.058039004843143
1.05	2.109316721064245
1.06	1.568474613761804
1.07	1.4920948688104039
1.08	1.5731284322391552
1.09	1.8521638159339016
1.1	2.092450060473521
1.11	2.202454301332101
1.12	2.4002018822199624
1.1300000000000001	2.394285665506232
1.1400000000000001	2.5742404545448214
1.1500000000000001	2.6903988646416255
1.16	2.661572213693594
1.17	2.7331169101818804
1.18	2.771472844964107
1.19	2.8389256181838167
1.2	2.846317413264379
1.21	2.830777563252744
1.22	2.8779290586682236
1.23	2.836896487349912
1.24	2.8380122653003474
1.25	2.830562572221942
1.26	2.809805928950951
1.27	2.809040130974527
1.28	2.8324631262873736
1.29	2.8068626264967977
1.3	2.816563186336402
1.31	2.8507429890612404
1.32	2.8360704166027664
1.33	2.851457403563755
1.34	2.869411046317866
1.35	2.8545335179248377
1.36	2.84266974197634
1.37	2.863519753024276
1.3800000000000001	2.8713976615889223
1.3900000000000001	2.858259448635015
1.4000000000000001	2.8524462758880555
1.41	2.840038094425539
1.42	2.859375458113678
1.43	2.8524436875386714
1.44	2.8528299024744164
1.45	2.8556982707826135
1.46	2.8507285218023246
1.47	2.8216996012448896
1.48	2.807467942959251
1.49	2.7940465051305434
1.5	2.79074406485671
1.51	2.753771530678117
1.52	2.767235060346473
1.53	2.7470155956873152
1.54	2.7117372369928545
1.55	2.671382060343355
1.56	2.651241249210011
1.57	2.6167975559385295
1.58	2.5638660921736918
1.59	2.519601097747318
1.6	2.4748221347777415
1.61	2.4333253831758297
1.62	2.3675137858800017
1.6300000000000001	2.337157840483614
1.6400000000000001	2.223231836237321
1.6500000000000001	2.1351697937118206
1.6600000000000001	2.0345510770383104
1.67	1.8893030818616579
1.68	1.7543038240091777
1.69	1.5784012347393948
1.7	1.3331012077133615
1.71	1.0641507518754005
1.72	0.9905193766564007
1.73	2.734253298783337
1.74	2.2579613276806803
1.75	1.8433257451095402
1.76	1.3945649981100514
1.77	1.2384400668673585
1.78	1.4057237817406576
1.79	1.615634612485297
1.8	1.7834580829154634
1.81	1.901857997737048
1.82	1.9684446226338108
1.83	2.0323435137209187
1.84	2.0789179875307138
1.85	2.090071462031613
1.86	2.1157208445079396
1.87	2.1327852374370746
1.8800000000000001	2.161156673749521
1.8900000000000001	2.178005603317374
1.9000000000000001	2.1853221557094615
1.9100000000000001	2.196021874878321
1.92	2.207356216063062
1.93	2.207313154694713
1.94	2.213987044625613
1.95	2.22068762378181
1.96	2.2299521268406766
1.97	2.2323263255208796
1.98	2.2309277262408425
1.99	2.237215866306766
2.	2.2335954139027523
2.0100000000000002	2.2435015015195217
2.02	2.2449459408512804
2.0300000000000002	2.240380979412625
2.04	2.234378930616821
2.05	2.238165119552886
2.06	2.24231666484955
2.07	2.24018363947342
2.08	2.237355632879405
2.09	2.244664974320129
2.1	2.2371357366377906
2.11	2.231353452376836
2.12	2.242728672491673
2.13	2.2321227623048903
2.14	2.227703310639701
2.15	2.2262357757440743
2.16	2.216001283312634
2.17	2.2228222120846524
2.18	2.2267577298999983
2.19	2.224494506690981
2.2	2.2178458561216017
2.21	2.213708213507758
2.22	2.2179674470027386
2.23	2.2023662565436855
2.24	2.1936193593939026
2.25	2.1909391660371944
2.2600000000000002	2.173930813395077
2.27	2.181334168498401
2.2800000000000002	2.160149938889435
2.29	2.164405989170186
2.3000000000000003	2.152873885344664
2.31	2.1417780634884167
2.32	2.1387780348814314
2.33	2.134166233141541
2.34	2.1180233064243805
2.35	2.1154104825309754
2.36	2.105674838659207
2.37	2.0966268678351634
2.38	2.0885113064415117
2.39	2.072278276907719
2.4	2.067580542378366
2.41	2.047829525726063
2.42	2.0424377420515256
2.43	2.0237320075101137
2.44	2.00465328689083
2.45	1.9954555690258176
2.46	1.977911310850303
2.47	1.9586480089019516
2.48	1.9322192208835616
2.49	1.916813367069721
2.5	1.8993185205000922
2.5100000000000002	1.8740400633368088
2.52	1.85251191304242
2.5300000000000002	1.8305617119966957
2.54	1.8026849484134368
2.5500000000000003	1.77246723642307
2.56	1.7357282049022646
2.57	1.7047419905334151
2.58	1.6518439606837938
2.59	1.5868221147913664
2.6	1.5305063661334206
2.61	1.4543909116179539
2.62	1.3521135620378122
2.63	1.1738559776903807
2.64	0.8260622499031516
2.65	0.6380243771771067
2.66	0.6059454369823677
2.67	0.5106721329694569
2.68	0.4746204696154474
2.69	0.5036119717060119
2.7	0.5788039823527252
2.71	0.6528984092148882
2.72	0.6960601473609372
2.73	0.7324386212331496
2.74	0.7378916064707427
2.75	0.7561635574340648
2.7600000000000002	0.7557603646192308
2.77	0.766343685612767
2.7800000000000002	0.769322095151266
2.79	0.7708714668849685
2.8000000000000003	0.7682230748536155
2.81	0.7665859757672294
2.82	0.7751319263240225
2.83	0.7699057143993464
2.84	0.7610311520781506
2.85	0.766128968751076
2.86	0.7543544140270677
2.87	0.7532284973643186
2.88	0.7439879934674986
2.89	0.7420243060871023
2.9	0.7334614747025033
2.91	0.7239534909498727
2.92	0.7149238377640086
2.93	0.6966520496508605
2.94	0.6808387587788427
2.95	0.6731349032407038
2.96	0.6556659080375339
2.97	0.6234305783017903
2.98	0.5872089008513331
2.99	0.536972578321373
3.	0.23216774747464