0.	1.889291392260273
0.01	1.8925654805727963
0.02	1.891927470570442
0.03	1.8899842309985706
0.04	1.892128874714609
0.05	1.8912163587696813
0.06	1.8932602016321098
0.07	1.894329260921216
0.08	1.896210692085038
0.09	1.8945127944939868
0.1	1.8984901224047863
0.11	1.8990516565643247
0.12	1.8994431141300023
0.13	1.8977333469570508
0.14	1.900413626360686
0.15	1.8992161303180928
0.16	1.9040917483606294
0.17	1.904209806790778
0.18	1.9027177856058146
0.19	1.9037726353053395
0.2	1.907773815020881
0.21	1.9087248657088867
0.22	1.910419560870117
0.23	1.909053440718721
0.24	1.9124133004111772
0.25	1.9126197246824108
0.26	1.9144386930636919
0.27	1.914749386066811
0.28	1.9141934687375979
0.29	1.9212106517665066
0.3	1.9188325717773465
0.31	1.9169921484209824
0.32	1.9187922821090724
0.33	1.9216183851412811
0.34	1.9282158022755398
0.35000000000000003	1.9290406937763236
0.36	1.9311419028144923
0.37	1.9302090877843967
0.38	1.9320512524166453
0.39	1.9318133621948463
0.4	1.9344153263285768
0.41000000000000003	1.936617403638198
0.42	1.9357878971032976
0.43	1.9402741692168
0.44	1.940132781741725
0.45	1.9450789010575509
0.46	1.9469168733018154
0.47000000000000003	1.9464612558618324
0.48	1.9447473879956108
0.49	1.9447806452111198
0.5	1.9452451362662722
0.51	1.946699817743094
0.52	1.9468153812927709
0.53	1.9539203855635185
0.54	1.9577083842845555
0.55	1.9551108988199053
0.56	1.952908098004097
0.5700000000000001	1.9563302543218561
0.58	1.9593584582712904
0.59	1.9646659023754025
0.6	1.9592805771274888
0.61	1.9601276244515455
0.62	1.9659238541455761
0.63	1.968024853465777
0.64	1.966154167579723
0.65	1.9668892772514943
0.66	1.9745410308276468
0.67	1.9704920899260132
0.68	1.9688882842910398
0.6900000000000001	1.975892286300447
0.7000000000000001	1.975008798959881
0.71	1.9747217083474558
0.72	1.9788208984819458
0.73	1.9787840698041377
0.74	1.979230868542712
0.75	1.9832474028102047
0.76	1.9812205708044226
0.77	1.982884024449546
0.78	1.987139231759119
0.79	1.9847774192589709
0.8	1.9893887385645503
0.81	1.9888457013105132
0.8200000000000001	1.9902002453581764
0.8300000000000001	1.9930932327114312
0.84	1.9930181705373085
0.85	2.0004260290641396
0.86	2.0252155505893525
0.87	5.203534257229456
0.88	5.58051552582647
0.89	5.750165138027038
0.9	5.857452527710284
0.91	5.92986062378763
0.92	5.954327462323121
0.93	5.97250705069627
0.9400000000000001	5.990288598369461
0.9500000000000001	5.998244542888479
0.96	6.000817950098211
0.97	6.002943285095007
0.98	6.006761546231374
0.99	6.027084703200549
1.	5.13788845649394
1.01	5.0237203654327
1.02	4.837498879446155
1.03	4.3243656732591935
1.04	3.4886774669568132
1.05	2.4811912460105767
1.06	1.8736558502299976
1.07	1.5408976549340383
1.08	1.5206129020846453
1.09	1.684797570250506
1.1	1.8685884203924534
1.11	1.9954486861055787
1.12	2.1599121562530645
1.1300000000000001	2.284461774247422
1.1400000000000001	2.3361340145326266
1.1500000000000001	2.42952046008914
1.16	2.4859913148171326
1.17	2.6296122007036775
1.18	2.6412590625679497
1.19	2.6731044899133147
1.2	2.684508757452028
1.21	2.697141381614206
1.22	2.693711016776401
1.23	2.628855442922123
1.24	2.6175873128452687
1.25	2.650611938537
1.26	2.607474128898313
1.27	2.597533493458707
1.28	2.608859986606235
1.29	2.5979184459283235
1.3	2.624316210233577
1.31	2.626553123020085
1.32	2.6235928681880076
1.33	2.6492330817076755
1.34	2.6409943469104693
1.35	2.6385566823218407
1.36	2.647110368426402
1.37	2.6807276484525735
1.3800000000000001	2.6628124467474876
1.3900000000000001	2.6482822819182736
1.4000000000000001	2.6294917299353875
1.41	2.657954794149563
1.42	2.6405294854764323
1.43	2.6703086537887346
1.44	2.632595177464377
1.45	2.643038815850201
1.46	2.621904098340683
1.47	2.6365452850057305
1.48	2.5797771583407267
1.49	2.578884635267517
1.5	2.581764512465756
1.51	2.544844455600013
1.52	2.54535960634038
1.53	2.520960793015058
1.54	2.477852251914116
1.55	2.4398704177059534
1.56	2.4375590785301045
1.57	2.39257701653135
1.58	2.358814523902376
1.59	2.309425487909031
1.6	2.258617240642629
1.61	2.209815662580294
1.62	2.136476702780093
1.6300000000000001	2.088929321798989
1.6400000000000001	2.00597736046531
1.6500000000000001	1.9004258582827742
1.6600000000000001	1.8052498536863335
1.67	1.660054475176605
1.68	1.5099254916269749
1.69	1.307049619608476
1.7	1.1539352834958323
1.71	0.9008923221038753
1.72	0.9878899663177702
1.73	2.998525067440044
1.74	2.32311858348264
1.75	1.928551507909901
1.76	1.4326280702514333
1.77	1.2108618074676716
1.78	1.2588641496610442
1.79	1.4394971449223508
1.8	1.6067688724689781
1.81	1.7635053583286378
1.82	1.8551476824815294
1.83	1.9111044759774867
1.84	1.957332722280979
1.85	1.9989145173190157
1.86	2.0208300897329994
1.87	2.0364794827761963
1.8800000000000001	2.0596990240880633
1.8900000000000001	2.0740930389524146
1.9000000000000001	2.0840280510977554
1.9100000000000001	2.0941178649846175
1.92	2.1097408710504393
1.93	2.1198273559599983
1.94	2.1253832227993605
1.95	2.1330041833802187
1.96	2.133088369338958
1.97	2.1445013054266315
1.98	2.135587954648096
1.99	2.150731547921573
2.	2.155917167444985
2.0100000000000002	2.1519984628646904
2.02	2.1631595754710022
2.0300000000000002	2.15066012749506
2.04	2.1501914093626993
2.05	2.1529951406118744
2.06	2.157656357381056
2.07	2.1561973307304334
2.08	2.152275954855294
2.09	2.1538608204862677
2.1	2.151625896674646
2.11	2.146288629802248
2.12	2.138188171257585
2.13	2.1430466996140085
2.14	2.1480195699095486
2.15	2.1420008466251295
2.16	2.1392893444984957
2.17	2.145567211434217
2.18	2.139859602996692
2.19	2.137490614058602
2.2	2.127104693287932
2.21	2.12653348632317
2.22	2.116918391240904
2.23	2.1099045885674017
2.24	2.1072993736494605
2.25	2.0911145473391555
2.2600000000000002	2.100688653021181
2.27	2.081773490853538
2.2800000000000002	2.086159230380826
2.29	2.0771471622536053
2.3000000000000003	2.063913502194375
2.31	2.0641771088268075
2.32	2.0492587150737114
2.33	2.0518480212267924
2.34	2.0398282662155145
2.35	2.018194873250141
2.36	2.0164027970028764
2.37	2.0183675671437777
2.38	2.001831687095837
2.39	1.9914035463285171
2.4	1.9780009449692353
2.41	1.9473842864904631
2.42	1.9605992109344725
2.43	1.9355086441514529
2.44	1.9335269014743177
2.45	1.9264115001863267
2.46	1.8823793733701837
2.47	1.8830866432490807
2.48	1.854378797166452
2.49	1.8203156096976854
2.5	1.814139105497197
2.5100000000000002	1.7827440562685757
2.52	1.7722872991294216
2.5300000000000002	1.7525126404044258
2.54	1.703256779667341
2.5500000000000003	1.669031755034046
2.56	1.6557983350722856
2.57	1.6044052882189912
2.58	1.5503726967357403
2.59	1.503689429272257
2.6	1.4312139927178504
2.61	1.3470183696822178
2.62	1.2556074519102876
2.63	1.0460024711042741
2.64	0.7314519736682364
2.65	0.671326371514983
2.66	0.6254702216694633
2.67	0.5237987824325049
2.68	0.47706388050088266
2.69	0.4552599678122097
2.7	0.5225637758272843
2.71	0.6004389983219198
2.72	0.6632164665574389
2.73	0.6956352322317005
2.74	0.7173601910112032
2.75	0.7377163888503296
2.7600000000000002	0.7415822471117242
2.77	0.7422509037783381
2.7800000000000002	0.7500127833795681
2.79	0.7516334425728288
2.8000000000000003	0.7535500853626037
2.81	0.7570070207940741
2.82	0.7527086431947255
2.83	0.7440625795486462
2.84	0.7514608735658027
2.85	0.745005297589449
2.86	0.7423836142946095
2.87	0.7369094554495832
2.88	0.7299790874940747
2.89	0.7174991196422286
2.9	0.7158455839484443
2.91	0.7072074562943362
2.92	0.6952607909564927
2.93	0.6902001943600417
2.94	0.6685615463184911
2.95	0.6564726762716047
2.96	0.6277504161539518
2.97	0.6158862847197327
2.98	0.5684408245206859
2.99	0.5097905469273013
3.	0.22366733735930655