0.	1.872216461626104
0.01	1.8799804252426187
0.02	1.8820985889707527
0.03	1.8821203198831253
0.04	1.8811463356425584
0.05	1.8783759667070745
0.06	1.880803961029109
0.07	1.8831711889516913
0.08	1.886318228886636
0.09	1.8820874800708938
0.1	1.8856913828779798
0.11	1.8878237152355182
0.12	1.888829980040455
0.13	1.8822099077115428
0.14	1.8908319845251123
0.15	1.8887050992932182
0.16	1.8892904925916427
0.17	1.8877696174716043
0.18	1.8939452012717615
0.19	1.894569674155055
0.2	1.8983439571277654
0.21	1.8982590851535994
0.22	1.8994275528683169
0.23	1.9017349946825925
0.24	1.9000355058194345
0.25	1.9032479139997796
0.26	1.9048059297955733
0.27	1.9049454656823546
0.28	1.9064671008427978
0.29	1.9091760579028043
0.3	1.9107223134600155
0.31	1.9103745806167025
0.32	1.9067751822046664
0.33	1.9123358225362084
0.34	1.919479294493436
0.35000000000000003	1.9199608568561326
0.36	1.9224414470167681
0.37	1.9253813017398511
0.38	1.922291443469099
0.39	1.9237275996326892
0.4	1.9260236776694204
0.41000000000000003	1.9282947308555822
0.42	1.9333791419359556
0.43	1.931498533120116
0.44	1.9345876158903565
0.45	1.9356608718081776
0.46	1.9416379459689428
0.47000000000000003	1.9389800212166421
0.48	1.9426188739086911
0.49	1.9418328226037938
0.5	1.9426501868504913
0.51	1.9429826110117332
0.52	1.9421189580084905
0.53	1.9484175244790198
0.54	1.9541768669681532
0.55	1.9525312748493857
0.56	1.950860946994077
0.5700000000000001	1.9510995846847996
0.58	1.9602273510329984
0.59	1.9576009927476294
0.6	1.9545615012444497
0.61	1.9559046108810487
0.62	1.964880114837258
0.63	1.9622557935285099
0.64	1.9606591204341084
0.65	1.962818522639925
0.66	1.9681430115917486
0.67	1.9676701316101204
0.68	1.9681084489234502
0.6900000000000001	1.9737146962199676
0.7000000000000001	1.97322531106719
0.71	1.9728658679115894
0.72	1.9783455510076415
0.73	1.9784928021756665
0.74	1.9784383531528325
0.75	1.9833132355305754
0.76	1.9801461705094847
0.77	1.9832353964441745
0.78	1.9854761419494888
0.79	1.9849534941826237
0.8	1.987000530618479
0.81	1.9865815407666443
0.8200000000000001	1.9896613583230924
0.8300000000000001	1.9931092254059073
0.84	1.9939992163769948
0.85	1.9997070889789357
0.86	2.0257953591703792
0.87	5.187293656728485
0.88	5.550115343753789
0.89	5.733305977280895
0.9	5.844208455503933
0.91	5.9200721711474875
0.92	5.961373640367473
0.93	5.978969498699092
0.9400000000000001	5.994211576998115
0.9500000000000001	5.997899681142519
0.96	6.000540602048211
0.97	6.002943285095007
0.98	6.006398062365335
0.99	6.027084703200549
1.	5.05210206020355
1.01	5.0239245301105315
1.02	4.8452624528778285
1.03	4.528440989654778
1.04	3.7267833436141156
1.05	2.9556967161818593
1.06	2.1915445654233636
1.07	1.7524770957975009
1.08	1.6448443492211935
1.09	1.5894470988906952
1.1	1.732280785255112
1.11	1.8503742783848574
1.12	2.0096604220127054
1.1300000000000001	2.16595614339564
1.1400000000000001	2.183687038603606
1.1500000000000001	2.3466678535438277
1.16	2.39624924205915
1.17	2.4512628819729745
1.18	2.540532158465697
1.19	2.515742121711975
1.2	2.555471102688978
1.21	2.5138938595633546
1.22	2.5108147889809818
1.23	2.465856721506294
1.24	2.456496001806215
1.25	2.4619692591793614
1.26	2.4220649306887148
1.27	2.4332614285337724
1.28	2.4323587540035225
1.29	2.40675919854068
1.3	2.4258900245770683
1.31	2.451278467474949
1.32	2.4290737219957945
1.33	2.4428104449363404
1.34	2.484318897789982
1.35	2.436809100107013
1.36	2.4561601899890557
1.37	2.46203142546864
1.3800000000000001	2.483151487546349
1.3900000000000001	2.456571381333259
1.4000000000000001	2.4751499277514513
1.41	2.4677280136328634
1.42	2.4471616717813305
1.43	2.465073932368561
1.44	2.4573969039289687
1.45	2.4543655678337255
1.46	2.4631617017494603
1.47	2.4282573559289324
1.48	2.415279992452087
1.49	2.3911602803217793
1.5	2.3731664355756683
1.51	2.371960917426682
1.52	2.3717319980455205
1.53	2.3395159401244126
1.54	2.3057680498139788
1.55	2.281677464603517
1.56	2.2278321303544173
1.57	2.2088456844287943
1.58	2.164588238921855
1.59	2.105212122690133
1.6	2.056091056977497
1.61	2.0288110097650724
1.62	1.9576750740624314
1.6300000000000001	1.8919880708766974
1.6400000000000001	1.7990050360382042
1.6500000000000001	1.7165664963117664
1.6600000000000001	1.5971751428461085
1.67	1.4624612129540073
1.68	1.289629527370916
1.69	1.1360791330365911
1.7	0.9546094589533364
1.71	0.8485974077635344
1.72	1.1676347011293293
1.73	3.222477396989627
1.74	2.3632947356935614
1.75	2.015937412240584
1.76	1.5429925180331527
1.77	1.2234238533939739
1.78	1.1407412268202883
1.79	1.2902954692240878
1.8	1.4752901277875186
1.81	1.645214408100719
1.82	1.723161964505084
1.83	1.8044015806378997
1.84	1.8538897225739197
1.85	1.8961467240667988
1.86	1.9223502364767464
1.87	1.9559688466358818
1.8800000000000001	1.9761558549879823
1.8900000000000001	1.989939260692462
1.9000000000000001	2.0080437033359178
1.9100000000000001	2.0156565711114993
1.92	2.0318462521903062
1.93	2.0271340950159944
1.94	2.0455924045324494
1.95	2.044983410120156
1.96	2.0525297526457544
1.97	2.052112842963845
1.98	2.060226221208819
1.99	2.0657179766816642
2.	2.0726652311713827
2.0100000000000002	2.075906786187701
2.02	2.0680248964657104
2.0300000000000002	2.070599513989918
2.04	2.0635210232592374
2.05	2.068891076474422
2.06	2.069822164666498
2.07	2.074126498504544
2.08	2.0917142904763213
2.09	2.080103960606687
2.1	2.07606068274218
2.11	2.070334839576164
2.12	2.0668445028452807
2.13	2.058227867053845
2.14	2.068110462241696
2.15	2.059946546574083
2.16	2.0588868622437415
2.17	2.0467671107827234
2.18	2.0573275546133614
2.19	2.0581304555353745
2.2	2.05300114893675
2.21	2.048755810380464
2.22	2.038921197549286
2.23	2.037677350830468
2.24	2.0302018968119584
2.25	2.0286112147776905
2.2600000000000002	2.0124319463487472
2.27	2.0172920492400603
2.2800000000000002	2.005224566778369
2.29	1.9929931374913255
2.3000000000000003	1.9856221676950612
2.31	1.9877200875545171
2.32	1.9722552715450292
2.33	1.9728039315876054
2.34	1.9563044507577256
2.35	1.948265338366663
2.36	1.9417929412105632
2.37	1.9316608963009425
2.38	1.918914916486674
2.39	1.8992440299075426
2.4	1.9076320046654105
2.41	1.8837767896458533
2.42	1.8718798344447731
2.43	1.8543585389911308
2.44	1.8501232829052958
2.45	1.8313014677148685
2.46	1.8086022558117791
2.47	1.7959055934665789
2.48	1.7717096083118324
2.49	1.7546524217096313
2.5	1.7317675290895795
2.5100000000000002	1.7092789319372845
2.52	1.6935965989733512
2.5300000000000002	1.6494150525675177
2.54	1.6274068099272756
2.5500000000000003	1.5928279368561453
2.56	1.5656506994196682
2.57	1.5127816165971582
2.58	1.4706065861605928
2.59	1.4184922354398704
2.6	1.3484239552676922
2.61	1.2704624647873024
2.62	1.144537266129442
2.63	0.9768472078624527
2.64	0.670527880463073
2.65	0.684092990386314
2.66	0.6274639056908791
2.67	0.546134016871748
2.68	0.4855802129770339
2.69	0.44118680061998056
2.7	0.4832910097921772
2.71	0.5528265437385614
2.72	0.6213887540492087
2.73	0.6622053199938885
2.74	0.7000477144729385
2.75	0.709860263192192
2.7600000000000002	0.7163401732620405
2.77	0.7190605268851915
2.7800000000000002	0.7326173968361331
2.79	0.7339026675944044
2.8000000000000003	0.7367847728142792
2.81	0.7340794456824751
2.82	0.7364089465098499
2.83	0.742583684889842
2.84	0.733661136848448
2.85	0.7289571199305049
2.86	0.7254579573410608
2.87	0.722744059422932
2.88	0.7168224849080593
2.89	0.7034829564405349
2.9	0.7013411344784111
2.91	0.693910972754757
2.92	0.6851127456702588
2.93	0.6704586283224645
2.94	0.648723130060637
2.95	0.6425043777623264
2.96	0.6210007809519968
2.97	0.603645434232358
2.98	0.5699268725630812
2.99	0.5171501068717278
3.	0.2143140928777385