0.	1.9822659192187038
0.01	1.9819683491973763
0.02	1.9822247632254346
0.03	1.9824819543773595
0.04	1.9820391300949336
0.05	1.9822691548155191
0.06	1.9815921920028359
0.07	1.9824695636495113
0.08	1.9834799546914956
0.09	1.9822449152362729
0.1	1.9822692231167236
0.11	1.9829894924746074
0.12	1.9842583959930136
0.13	1.9813971599114184
0.14	1.9853068775210554
0.15	1.982438453855754
0.16	1.9845810051417587
0.17	1.9829452113853498
0.18	1.9863320121793904
0.19	1.983319740250946
0.2	1.9866069926719807
0.21	1.9828849759622231
0.22	1.9864112559260856
0.23	1.986563247748125
0.24	1.984037440150397
0.25	1.9863346860390156
0.26	1.9858739427963796
0.27	1.9837551707556789
0.28	1.985123426150226
0.29	1.9886592052220036
0.3	1.9878313287840017
0.31	1.9851998082814
0.32	1.9822970241816416
0.33	1.9843312845181849
0.34	1.9881945632304652
0.35000000000000003	1.990343196416223
0.36	1.9915966172469106
0.37	1.9912335403388346
0.38	1.989944191754394
0.39	1.9890711299878385
0.4	1.9899503874421798
0.41000000000000003	1.9890552865037963
0.42	1.9905563301081661
0.43	1.9901599009457391
0.44	1.991855751351849
0.45	1.9931782985238164
0.46	1.9935106665429863
0.47000000000000003	1.9931655597237885
0.48	1.9919471435672202
0.49	1.989536184527362
0.5	1.986729171469119
0.51	1.9865666703479363
0.52	1.990086602886298
0.53	1.9929613576400576
0.54	1.9945592335948
0.55	1.992580262483229
0.56	1.9884798834060289
0.5700000000000001	1.9894155924791668
0.58	1.9944217194124374
0.59	1.9954474987619593
0.6	1.991084210716234
0.61	1.9895126398495018
0.62	1.9949145765751113
0.63	1.9960899611318645
0.64	1.9899633574007485
0.65	1.9925007011204643
0.66	1.9968064868890663
0.67	1.9939918688298222
0.68	1.9916736470213932
0.6900000000000001	1.9971177374814089
0.7000000000000001	1.9946577569025552
0.71	1.992068358380814
0.72	1.9975358402224292
0.73	1.995168863661853
0.74	1.9944991101396212
0.75	1.998138604833351
0.76	1.9945171437579707
0.77	1.9968609959851442
0.78	1.9978622168547622
0.79	1.9948325109120593
0.8	1.9984940323230784
0.81	1.9967424879580011
0.8200000000000001	1.9978097592535473
0.8300000000000001	1.999444013527533
0.84	1.9980259284199682
0.85	2.0029773244420124
0.86	2.024602157998881
0.87	5.66446705319745
0.88	5.82853844662121
0.89	5.9092461346743175
0.9	5.952939004634538
0.91	5.977090065440792
0.92	5.990022631956152
0.93	5.996541908451757
0.9400000000000001	5.998318315204951
0.9500000000000001	6.000383188373302
0.96	6.001587804895992
0.97	6.002943285095007
0.98	6.006761546231374
0.99	6.027084703200549
1.	6.420699463522399
1.01	3.770238435853124
1.02	1.92910925502013
1.03	2.5173270122089297
1.04	3.0390436165848373
1.05	3.3928820886470263
1.06	3.6662148759397324
1.07	3.8280396734285906
1.08	3.9879215335042266
1.09	4.031695367220985
1.1	4.127364180907176
1.11	4.16705366700506
1.12	4.216319114176331
1.1300000000000001	4.271437623337711
1.1400000000000001	4.284338082837461
1.1500000000000001	4.336730030459286
1.16	4.342707098451504
1.17	4.377274763351698
1.18	4.383918380411726
1.19	4.394305592446786
1.2	4.422535424652964
1.21	4.414882430984866
1.22	4.444678284841589
1.23	4.437215767198106
1.24	4.439553511272492
1.25	4.455721779008259
1.26	4.446728153782782
1.27	4.4462569929601665
1.28	4.460641802182458
1.29	4.45045281051494
1.3	4.461643095599184
1.31	4.471640814501209
1.32	4.459812398075612
1.33	4.4651479272130405
1.34	4.477622987627608
1.35	4.4691532302320125
1.36	4.46403367547187
1.37	4.476717590189268
1.3800000000000001	4.478973172023427
1.3900000000000001	4.469215541082838
1.4000000000000001	4.466578966672836
1.41	4.475976457440644
1.42	4.472764715759081
1.43	4.456975091459727
1.44	4.458131554827498
1.45	4.465683703870638
1.46	4.465403380267017
1.47	4.451913270534345
1.48	4.441645021119706
1.49	4.432656970521052
1.5	4.430612081628016
1.51	4.431822316114395
1.52	4.427066633243692
1.53	4.41771863458513
1.54	4.396580683934811
1.55	4.389601475602803
1.56	4.378440657580287
1.57	4.368067385215906
1.58	4.350944130155286
1.59	4.328268425555341
1.6	4.31426100977221
1.61	4.295919162724271
1.62	4.263693165502553
1.6300000000000001	4.24814365767951
1.6400000000000001	4.217345776284328
1.6500000000000001	4.1783136919524155
1.6600000000000001	4.133463746692403
1.67	4.061057285432121
1.68	4.012657682478148
1.69	3.9126050719373695
1.7	3.8250233535260048
1.71	3.700898894637994
1.72	3.4838390792121228
1.73	3.1293733555535495
1.74	2.0886635223136962
1.75	2.122691253141502
1.76	2.3961721040133908
1.77	2.590047239389466
1.78	2.6757221859447045
1.79	2.716361512231555
1.8	2.7493522903107
1.81	2.769338675081185
1.82	2.7810215054205636
1.83	2.7867910298970098
1.84	2.7993282652362192
1.85	2.802134818209302
1.86	2.810403010475019
1.87	2.8098808170471594
1.8800000000000001	2.8168809705506175
1.8900000000000001	2.8190599045654547
1.9000000000000001	2.8180963217888384
1.9100000000000001	2.82207668845456
1.92	2.824657146071955
1.93	2.82659818824818
1.94	2.831710601907391
1.95	2.830473057005926
1.96	2.8306165474026836
1.97	2.8327836187973943
1.98	2.8342788611642225
1.99	2.830381258960945
2.	2.832056309949464
2.0100000000000002	2.8347850820985667
2.02	2.833807891988227
2.0300000000000002	2.834024489289279
2.04	2.8357894869674367
2.05	2.8338322473856405
2.06	2.8325167462750795
2.07	2.8331297087167253
2.08	2.833555398993075
2.09	2.835245415580846
2.1	2.8286734681000616
2.11	2.830112574632839
2.12	2.8307523031847426
2.13	2.827942539256542
2.14	2.8289428076617233
2.15	2.82604440638915
2.16	2.8252590628232794
2.17	2.827878410209363
2.18	2.82531043909135
2.19	2.8249388115474448
2.2	2.82142124773439
2.21	2.822397105080855
2.22	2.8198313869239087
2.23	2.8159917683285816
2.24	2.81338546498525
2.25	2.811040461374296
2.2600000000000002	2.809272775424357
2.27	2.8081751203520375
2.2800000000000002	2.8104361242266567
2.29	2.804598702641391
2.3000000000000003	2.7986768213117528
2.31	2.7991677252308382
2.32	2.7977617259947274
2.33	2.796345460023859
2.34	2.78778262266765
2.35	2.786892414066612
2.36	2.7826787658149317
2.37	2.7817402905198896
2.38	2.776270027845805
2.39	2.7706214250464836
2.4	2.7664221818743133
2.41	2.759874141559565
2.42	2.762072152965613
2.43	2.7508565017370157
2.44	2.7483035143459382
2.45	2.740423529819496
2.46	2.7356843658208505
2.47	2.724917392102694
2.48	2.7212803252295608
2.49	2.708429844718448
2.5	2.693460219072883
2.5100000000000002	2.68942716580895
2.52	2.682386060989452
2.5300000000000002	2.6667230476816357
2.54	2.6494188134362084
2.5500000000000003	2.6404086120767443
2.56	2.6179920474669625
2.57	2.597622113565967
2.58	2.5670624333158685
2.59	2.540602477937737
2.6	2.5156352632375234
2.61	2.4730139872299852
2.62	2.417177339357921
2.63	2.345773530011316
2.64	2.238736376618198
2.65	0.7454157763264248
2.66	0.6700324579723738
2.67	0.7805844245506658
2.68	0.8688290289083889
2.69	0.9038547744416381
2.7	0.9206000660978367
2.71	0.930207922886618
2.72	0.9352272458166399
2.73	0.9405089324958239
2.74	0.9413125148405903
2.75	0.9410475886907522
2.7600000000000002	0.9421557426574032
2.77	0.9407772302106421
2.7800000000000002	0.940788482327042
2.79	0.9421888450687945
2.8000000000000003	0.9408341080434123
2.81	0.9413277374876445
2.82	0.940226755997364
2.83	0.9385326339477412
2.84	0.9375044328338235
2.85	0.9348166374505089
2.86	0.9322127177795637
2.87	0.9322744621283341
2.88	0.9282443650119268
2.89	0.9219773771727108
2.9	0.9205822612809695
2.91	0.9173629158620786
2.92	0.911722287480517
2.93	0.9046727788999992
2.94	0.8975999738845173
2.95	0.889551318009613
2.96	0.8704132422564089
2.97	0.8566457405518129
2.98	0.8352827345234115
2.99	0.7886099885874523
3.	0.3109827144856897