-3.	0.15407656118412189
-2.99	0.6333690576464761
-2.98	0.6999451117979304
-2.97	0.7360618717046178
-2.96	0.7670229005651943
-2.95	0.7785710587461252
-2.94	0.8084793176906786
-2.93	0.8178170589921602
-2.92	0.827438515522934
-2.91	0.8423715071362045
-2.9	0.852226741453429
-2.89	0.8683534605155371
-2.88	0.8731972373337696
-2.87	0.8742868531501059
-2.86	0.8829464154141295
-2.85	0.8862510550440418
-2.84	0.8979543262854942
-2.83	0.8997582918777525
-2.82	0.9073178480918976
-2.81	0.9140676321768274
-2.8	0.9169457671376621
-2.79	0.9212364488676708
-2.78	0.9201230812282571
-2.77	0.9291688416298488
-2.76	0.9300300103104923
-2.75	0.9383379774900388
-2.74	0.9390465271203912
-2.73	0.940543095523236
-2.7199999999999998	0.9500787816189953
-2.71	0.9511295248869546
-2.7	0.9533585175458141
-2.69	0.9529699415966953
-2.68	0.9578076635011828
-2.67	0.961535462180105
-2.66	0.9642175666031224
-2.65	0.9643692690318926
-2.64	1.891660210136089
-2.63	1.8113672181000304
-2.62	1.8135168312061238
-2.61	1.840433082188951
-2.6	1.875247919630146
-2.59	1.9088433057711622
-2.58	1.922771362552109
-2.57	1.9699686568319261
-2.56	2.0034732868029335
-2.55	2.028435489010856
-2.54	2.0646028517816615
-2.53	2.0868949401888837
-2.52	2.1173766571247805
-2.51	2.1249621259908906
-2.5	2.1414534817255557
-2.49	2.169281814737972
-2.48	2.1895633034332453
-2.4699999999999998	2.211674828336722
-2.46	2.2235166242836164
-2.45	2.259682106201272
-2.44	2.2601607322196227
-2.4299999999999997	2.275155547357126
-2.42	2.2728023829220785
-2.41	2.2968592915515305
-2.4	2.3212177617050127
-2.39	2.3256127109011744
-2.38	2.3459034574680633
-2.37	2.3653192003523373
-2.36	2.374014475437568
-2.35	2.378031547342483
-2.34	2.393431691114083
-2.33	2.403634063915313
-2.32	2.413455327133843
-2.31	2.4090815724825387
-2.3	2.4190926680341533
-2.29	2.4213769697029703
-2.2800000000000002	2.427513665351479
-2.27	2.4538076026850355
-2.26	2.4561107804866493
-2.25	2.463046740584272
-2.24	2.477138511279851
-2.23	2.490734775729525
-2.2199999999999998	2.4877793611543937
-2.21	2.4867634243528975
-2.2	2.5060947018581556
-2.19	2.502968692913389
-2.1799999999999997	2.510569922596725
-2.17	2.521206323393865
-2.16	2.5246739244666525
-2.15	2.549324088673875
-2.14	2.55175476396541
-2.13	2.54743253243689
-2.12	2.5592834192039975
-2.11	2.5649488569739156
-2.1	2.570811897486935
-2.09	2.583399091850935
-2.08	2.589396651942767
-2.07	2.588573768127785
-2.06	2.60031712860074
-2.05	2.599468198200773
-2.04	2.606058994129383
-2.0300000000000002	2.616624028455315
-2.02	2.621713941408183
-2.01	2.6173405782707153
-2.	2.6222181054599503
-1.99	2.6303390575015944
-1.98	2.636998673638312
-1.97	2.6402059922001366
-1.96	2.641012000326417
-1.95	2.654290894174297
-1.94	2.663246195476268
-1.93	2.669062929467846
-1.92	2.6753937648397508
-1.91	2.680536111711174
-1.9	2.6857557690781815
-1.89	2.6895325470274916
-1.88	2.694350471803276
-1.8699999999999999	2.7018225818740818
-1.8599999999999999	2.7153790168702483
-1.8499999999999999	2.7236777361569784
-1.84	2.7235452708104355
-1.83	2.729708062612158
-1.82	2.7498633371496926
-1.81	2.7545630957812577
-1.8	2.76046981072963
-1.79	2.7667023085941316
-1.78	2.782787312106759
-1.77	2.790916707482786
-1.76	2.8019313294991472
-1.75	2.814459654977894
-1.74	2.7863984547402274
-1.73	2.847622306967392
-1.72	2.365044189712178
-1.71	2.290309005927979
-1.7	2.309908385478878
-1.69	2.371580720305439
-1.68	2.4721406502394525
-1.67	2.490567339975536
-1.66	2.5549478459191426
-1.65	2.626801420202114
-1.64	2.663214985772393
-1.63	2.736887831679018
-1.6199999999999999	2.7774504059111296
-1.6099999999999999	2.804707906585013
-1.5999999999999999	2.8481679790288332
-1.59	2.875447800643502
-1.58	2.9256188411145376
-1.57	2.9555224588092797
-1.56	2.9778582787592267
-1.55	3.001522015082002
-1.54	3.031086134879762
-1.53	3.0777958185221816
-1.52	3.055238117760228
-1.51	3.088981554449118
-1.5	3.094799193696916
-1.49	3.110873555848792
-1.48	3.138572339093489
-1.47	3.1683915517979897
-1.46	3.1945156441839235
-1.45	3.1995884788566413
-1.44	3.173229484090177
-1.43	3.1967339090046627
-1.42	3.2140622675297124
-1.41	3.1970564276264817
-1.4	3.204647615985471
-1.39	3.2067629632740693
-1.38	3.2174151096065544
-1.3699999999999999	3.236630416551578
-1.3599999999999999	3.236514591114584
-1.3499999999999999	3.2396110920686123
-1.3399999999999999	3.2581857779322996
-1.33	3.2263165056976257
-1.32	3.215065310633954
-1.31	3.238210453267434
-1.3	3.2389225010833913
-1.29	3.2457228482030978
-1.28	3.2280553134752283
-1.27	3.205363214842703
-1.26	3.1973293699231533
-1.25	3.209993524964258
-1.24	3.197227264419585
-1.23	3.1744852706181677
-1.22	3.148971872024453
-1.21	3.10651156284065
-1.2	3.1250932757430228
-1.19	3.1040461584724888
-1.18	3.0864613444468576
-1.17	3.049085745484372
-1.16	2.996568114212473
-1.15	2.9894277545630827
-1.14	2.9045723321833314
-1.13	2.895323497251097
-1.1199999999999999	2.8145409911851935
-1.1099999999999999	2.763779121353918
-1.0999999999999999	2.6860819611738536
-1.0899999999999999	2.5054873602144063
-1.08	2.4114823647537227
-1.07	2.2064645515960843
-1.06	1.946586951007925
-1.05	1.705737462259575
-1.04	1.548036643967001
-1.03	1.8180256903846206
-1.02	3.458778061131734
-1.01	13.956892433753149
-1.	6.7840599003670725
-0.9899999999999998	94.00792454821344
-0.98	41.53352965926539
-0.9699999999999998	26.65911983420282
-0.96	18.838186558161663
-0.9500000000000002	14.458150812922211
-0.94	12.4015172995622
-0.9300000000000002	10.392046967863596
-0.9199999999999999	9.101901343273793
-0.9100000000000001	8.29236618956261
-0.8999999999999999	7.512665784353378
-0.8900000000000001	6.792558734477058
-0.8799999999999999	6.845702474421069
-0.8700000000000001	5.934406912716199
-0.8599999999999999	3.5603191570210546
-0.8500000000000001	3.923723807370795
-0.8399999999999999	4.179382321654982
-0.8300000000000001	4.486881711680642
-0.8199999999999998	4.5752551730858935
-0.81	4.535441389926048
-0.7999999999999998	3.755239690396763
-0.79	3.698976423596623
-0.7799999999999998	3.217522196276811
-0.77	3.4245208539505443
-0.7599999999999998	2.898135579793008
-0.75	3.267065576292791
-0.7399999999999998	3.651783123961048
-0.73	2.528175100755509
-0.7199999999999998	2.3940183942235422
-0.71	2.6405743850687706
-0.6999999999999997	2.714006040677191
-0.69	2.3862450070106522
-0.6800000000000002	2.2137137396922495
-0.6699999999999999	2.238113005754147
-0.6600000000000001	2.1328615397933746
-0.6499999999999999	2.0234438740933336
-0.6400000000000001	1.9694559957354374
-0.6299999999999999	1.9771063840999925
-0.6200000000000001	1.9595452571925593
-0.6099999999999999	1.9265644294589408
-0.6000000000000001	1.948854976420921
-0.5899999999999999	1.9681480169369368
-0.5800000000000001	1.936092988788931
-0.5699999999999998	1.9402749178796834
-0.56	1.927545469853223
-0.5499999999999998	1.9130029673366575
-0.54	1.9079784250743594
-0.5299999999999998	1.8924151014831085
-0.52	1.8787198375778653
-0.5099999999999998	1.8631927310678404
-0.5	1.862226105034033
-0.48999999999999977	1.8703991397110757
-0.48	1.8850185850639287
-0.46999999999999975	1.8753064322979374
-0.45999999999999996	1.8723103892566324
-0.44999999999999973	1.8726804019163612
-0.43999999999999995	1.8671725604959877
-0.43000000000000016	1.86199347572003
-0.41999999999999993	1.8690604015074568
-0.41000000000000014	1.866688704961804
-0.3999999999999999	1.8675585123290017
-0.3900000000000001	1.8976494706873113
-0.3799999999999999	1.9004475665641705
-0.3700000000000001	1.8736100386797223
-0.3599999999999999	1.877027913499565
-0.3500000000000001	1.9078036830510912
-0.33999999999999986	1.8711089757483037
-0.33000000000000007	1.8517166777378022
-0.31999999999999984	1.8472213210525021
-0.31000000000000005	1.8483201885385285
-0.2999999999999998	1.8782436466338406
-0.29000000000000004	1.8530524421812677
-0.2799999999999998	1.8372422285914773
-0.27	1.8380089762023226
-0.2599999999999998	1.8429290891860368
-0.25	1.8455114234984271
-0.23999999999999977	1.8475504132779628
-0.22999999999999998	1.852452915361097
-0.21999999999999975	1.8504548718273977
-0.20999999999999996	1.8452647658550774
-0.19999999999999973	1.852782617256666
-0.18999999999999995	1.8546271584858145
-0.18000000000000016	1.8554934629879705
-0.16999999999999993	1.8501074778856412
-0.16000000000000014	1.852830061948604
-0.1499999999999999	1.853099829678717
-0.14000000000000012	1.857953245602481
-0.1299999999999999	1.8549715909277866
-0.1200000000000001	1.857480238007386
-0.10999999999999988	1.8596806703064204
-0.10000000000000009	1.8627928759462253
-0.08999999999999986	1.861925020402129
-0.08000000000000007	1.8608859770026571
-0.06999999999999984	1.8560832665622164
-0.06000000000000005	1.855969318532962
-0.04999999999999982	1.8593733939383066
-0.040000000000000036	1.8585853357835926
-0.029999999999999805	1.8616226075351714
-0.020000000000000018	1.8659225400852866
-0.009999999999999787	1.864872957068948
0.	1.8655181201224893
0.010000000000000231	1.8732292169018936
0.020000000000000018	1.87267518915455
0.03000000000000025	1.8745487086130268
0.040000000000000036	1.8726169452612937
0.050000000000000266	1.871533993665381
0.06000000000000005	1.8748727299182408
0.07000000000000028	1.8779798928765896
0.08000000000000007	1.8752703664097372
0.08999999999999986	1.8743099185875365
0.10000000000000009	1.8778866330113246
0.10999999999999988	1.8845827835779885
0.1200000000000001	1.889941202024813
0.1299999999999999	1.8828098569437792
0.14000000000000012	1.8841788513969453
0.1499999999999999	1.8850335708457264
0.16000000000000014	1.8878625184491329
0.16999999999999993	1.8866837241257495
0.18000000000000016	1.8891644028456147
0.18999999999999995	1.886589661357762
0.20000000000000018	1.893099071834623
0.20999999999999996	1.892122876052583
0.2200000000000002	1.8954869209936818
0.22999999999999998	1.896356929431122
0.2400000000000002	1.8932932949289096
0.25	1.8968809739424124
0.26000000000000023	1.896853062045645
0.27	1.8947354986086966
0.28000000000000025	1.9012119766783593
0.29000000000000004	1.9100327396054353
0.30000000000000027	1.9063780118189957
0.31000000000000005	1.9027880278763831
0.3200000000000003	1.9005613801093626
0.33000000000000007	1.9066561071732264
0.33999999999999986	1.9154718731535194
0.3500000000000001	1.9191421026881292
0.3599999999999999	1.9235491739725863
0.3700000000000001	1.9283796773868254
0.3799999999999999	1.9292866575300374
0.3900000000000001	1.9292228830620284
0.3999999999999999	1.9303363389114043
0.41000000000000014	1.934371055758608
0.41999999999999993	1.9408627090233994
0.43000000000000016	1.942696060338078
0.43999999999999995	1.9477963869536
0.4500000000000002	1.9478176787287322
0.45999999999999996	1.949886006826364
0.4700000000000002	1.9556604539467153
0.48	1.958772846874959
0.4900000000000002	1.9548602675166882
0.5	1.9510947084693044
0.5100000000000002	1.9493953097352676
0.52	1.958585051381029
0.5300000000000002	1.9785168838702494
0.54	1.9862861934265805
0.5500000000000003	1.9783482336349565
0.56	1.9769070919475085
0.5700000000000003	1.9875589174639086
0.5800000000000001	2.0054028690852967
0.5899999999999999	2.0033905597839228
0.6000000000000001	1.9977116169178875
0.6099999999999999	2.0076068622354355
0.6200000000000001	2.0244564435406356
0.6299999999999999	2.030353171382971
0.6400000000000001	2.0220080506681164
0.6499999999999999	2.031200104031013
0.6600000000000001	2.0542260937869568
0.6699999999999999	2.0528163043614254
0.6800000000000002	2.056687215218693
0.69	2.090607008856434
0.7000000000000002	2.083880689615098
0.71	2.090226694185919
0.7200000000000002	2.1203239975372576
0.73	2.1325294946909166
0.7400000000000002	2.131787568611772
0.75	2.1492602207729967
0.7600000000000002	2.1493751941253048
0.77	2.170715746831838
0.7800000000000002	2.1998837658680017
0.79	2.210531292549378
0.8000000000000003	2.234049399220571
0.81	2.2394230488062523
0.8200000000000003	2.266527269142612
0.8300000000000001	2.2666599711415722
0.8399999999999999	2.2663859840061424
0.8500000000000001	2.2918766561278106
0.8599999999999999	2.294325849286606
0.8700000000000001	5.624344097922417
0.8799999999999999	6.00143484531307
0.8900000000000001	6.545934095571412
0.8999999999999999	7.1407732741774606
0.9100000000000001	7.909966280217983
0.9199999999999999	8.887763921504465
0.9300000000000002	10.060661423205039
0.94	11.99147773862554
0.9500000000000002	14.464053229229783
0.96	18.671721866244138
0.9700000000000002	26.552638098589387
0.98	43.76156414274528
0.9900000000000002	106.39272507118415
1.	7.379964126145094
1.0099999999999998	81.03690842943942
1.0200000000000005	21.177919107798143
1.0300000000000002	8.59730474580592
1.04	4.219767755799989
1.0499999999999998	2.411434479319009
1.0600000000000005	1.6140533236931645
1.0700000000000003	1.2117981912231093
1.08	1.2239373595647431
1.0899999999999999	1.3214617300682086
1.0999999999999996	1.525326785970075
1.1100000000000003	1.6722645695750193
1.12	1.7936228902089684
1.13	2.0143452664662993
1.1399999999999997	2.447372631431255
1.1500000000000004	3.1989011948328803
1.1600000000000001	2.8083099786919727
1.17	2.5830821824259753
1.1799999999999997	2.7900390666919344
1.1900000000000004	3.770204755776828
1.2000000000000002	2.9932522611201473
1.21	3.1970532417233155
1.2199999999999998	2.9603565706340524
1.2300000000000004	3.0420507341982335
1.2400000000000002	5.102806839806652
1.25	8.219575780837573
1.2599999999999998	2.9143476927184797
1.2700000000000005	3.10673437118394
1.2800000000000002	2.970722677621669
1.29	3.0859847574473616
1.2999999999999998	3.456010231644412
1.3100000000000005	3.3692796795336015
1.3200000000000003	3.1830515723982074
1.33	3.231497233621767
1.3399999999999999	2.9826457923374305
1.3500000000000005	3.840256770563107
1.3600000000000003	2.9985816559717726
1.37	3.7865510259188264
1.38	2.8937940059063365
1.3899999999999997	2.868946037697989
1.4000000000000004	4.47797832881255
1.4100000000000001	2.8351027572741345
1.42	2.981276941887902
1.4299999999999997	2.8170564501822053
1.4400000000000004	2.764560575009217
1.4500000000000002	2.74091008588158
1.46	2.750105815661819
1.4699999999999998	2.778925805136261
1.4800000000000004	2.7355640485460904
1.4900000000000002	2.718295792640308
1.5	2.720262790926829
1.5099999999999998	2.666096899987366
1.5200000000000005	2.6553030373134323
1.5300000000000002	2.6209057341534066
1.54	2.6208294680228983
1.5499999999999998	2.6489410047935307
1.5600000000000005	2.566671112720079
1.5700000000000003	2.5682684552232486
1.58	2.546497508979804
1.5899999999999999	2.5453279491914342
1.6000000000000005	2.482007740014835
1.6100000000000003	2.431987688771808
1.62	2.3756648951409143
1.63	2.313189616581674
1.6399999999999997	2.306517556723992
1.6500000000000004	2.2426870064708613
1.6600000000000001	2.2117675270770834
1.67	2.101975362203559
1.6799999999999997	2.041663138924019
1.6900000000000004	1.9631117954896866
1.7000000000000002	1.8609577377399464
1.71	1.7933800674687121
1.7199999999999998	1.7179228184992106
1.7300000000000004	1.901177187191019
1.7400000000000002	2.022592313500414
1.75	2.1260458797455786
1.7599999999999998	2.3881958801395875
1.7700000000000005	1.7879219103178496
1.7800000000000002	1.785030678108951
1.79	1.287112969907516
1.7999999999999998	1.2043506060099116
1.8100000000000005	1.2051839542409346
1.8200000000000003	1.2380853652711516
1.83	1.2682754348208254
1.8399999999999999	1.3385623398374131
1.8500000000000005	1.4012681769790143
1.8600000000000003	1.4111127383147355
1.87	1.4702490611214138
1.88	1.5132492671981235
1.8899999999999997	1.6000189363894541
1.9000000000000004	1.5911161371937952
1.9100000000000001	1.6209281324596982
1.92	1.6523606464254534
1.9299999999999997	1.6855270113617007
1.9400000000000004	1.716221136719955
1.9500000000000002	1.739440614600748
1.96	1.7537673765209991
1.9699999999999998	1.7637736635733368
1.9800000000000004	1.7633415371765009
1.9900000000000002	1.7842868695801501
2.	1.7992969549013447
2.01	1.807042829767148
2.0200000000000005	1.8013958741018805
2.0300000000000002	1.8138428107718099
2.04	1.8314443652939885
2.05	1.8306806471196815
2.0600000000000005	1.8499883477268186
2.0700000000000003	1.8542526400006767
2.08	1.8451459052801717
2.09	1.86590997753298
2.1000000000000005	1.885827566454544
2.1100000000000003	1.865887003844502
2.12	1.8696088102011648
2.13	1.878579841968006
2.1399999999999997	1.8871750570257348
2.1500000000000004	1.8933860242468845
2.16	1.8860379133862046
2.17	1.8821733391652697
2.1799999999999997	1.878973189514777
2.1900000000000004	1.8897966596372167
2.2	1.877051359893876
2.21	1.8717251616977952
2.2199999999999998	1.885901177757986
2.2300000000000004	1.8680026603576536
2.24	1.8843519983197186
2.25	1.8755652284257271
2.26	1.8739857360079992
2.2700000000000005	1.867989084752132
2.2800000000000002	1.873442066091677
2.29	1.862060140410762
2.3	1.8401827152648749
2.3100000000000005	1.8436575727050624
2.3200000000000003	1.8052333381892844
2.33	1.8150274019015822
2.34	1.8187596466396567
2.3500000000000005	1.8293243858718373
2.3600000000000003	1.8232148916716615
2.37	1.8053863595796644
2.38	1.8046089980597766
2.3899999999999997	1.7902017668211372
2.4000000000000004	1.786504333307226
2.41	1.769426907226695
2.42	1.7660124268140176
2.4299999999999997	1.7416275117989792
2.4400000000000004	1.7496957850243984
2.45	1.7323380186869475
2.46	1.7140518184836677
2.4699999999999998	1.7158697997413108
2.4800000000000004	1.6892837496164872
2.49	1.6741559588158401
2.5	1.6692295507889432
2.51	1.6516203285999251
2.5200000000000005	1.6278594705033027
2.5300000000000002	1.621729885029907
2.54	1.6048861068468399
2.55	1.5865147108955902
2.5600000000000005	1.5683781105164907
2.5700000000000003	1.5381394460947546
2.58	1.5408585476017158
2.59	1.5093759492074927
2.6000000000000005	1.4875043537109618
2.6100000000000003	1.4770929433221447
2.62	1.4327898145917468
2.63	1.43067016067382
2.6399999999999997	1.4246727173519664
2.6500000000000004	0.6935841441405796
2.66	0.7197170267536498
2.67	0.6721405617710003
2.6799999999999997	0.7632420710670782
2.6900000000000004	0.7288290759168515
2.7	0.4960492065100727
2.71	0.4933448075555798
2.7199999999999998	0.40936642575911125
2.7300000000000004	0.4036453139667672
2.74	0.3617965941988635
2.75	0.38975371388097707
2.76	0.3880954051160263
2.7700000000000005	0.42791879298793445
2.7800000000000002	0.40796357790433785
2.79	0.4230343685996448
2.8	0.4335342488814165
2.8100000000000005	0.43371243368914997
2.8200000000000003	0.44794162834304235
2.83	0.45229404767771014
2.84	0.45864412809726757
2.8500000000000005	0.4734482369882201
2.8600000000000003	0.47081705783706657
2.87	0.46402647487743504
2.88	0.45943977783951906
2.8899999999999997	0.4602766609476126
2.9000000000000004	0.46553242830098596
2.91	0.45167596750723615
2.92	0.45250205845679764
2.9299999999999997	0.43664982724775264
2.9400000000000004	0.43904616591435686
2.95	0.4319019368894757
2.96	0.42811920757773414
2.9699999999999998	0.400298719841339
2.9800000000000004	0.380354884954221
2.99	0.36771807226615544
3.	0.23824078456129302