0.	2.980051289241458
0.01	2.792124186530651
0.02	2.717935533623589
0.03	2.759746900464502
0.04	2.980691679145182
0.05	3.188171455227717
0.06	3.7249944493628457
0.07	4.683083850781568
0.08	9.32287029467156
0.09	4.359078276917824
0.1	2.8228938566771684
0.11	1.6792385324623473
0.12	1.1402459642474476
0.13	0.8200169265447379
0.14	0.7209377084657983
0.15	0.7813631127332419
0.16	0.790065319471185
0.17	0.8553587284237731
0.18	0.9776624225336754
0.19	1.0422551171778238
0.2	0.9747566204670145
0.21	0.9267672547393118
0.22	0.8306140047286992
0.23	0.8781536833074803
0.24	0.967642794052896
0.25	0.9141209475660342
0.26	0.9339269752088951
0.27	0.9484938028814401
0.28	0.9786785984999475
0.29	0.98223736967754
0.3	1.0771208686705704
0.31	1.8379266655887034
0.32	3.067180130985398
0.33	1.7933611460187036
0.34	1.6670812719953578
0.35000000000000003	1.0125565289120604
0.36	1.163136576081135
0.37	1.2244266523722687
0.38	1.2219696508412086
0.39	1.5563453054896728
0.4	1.750242412788721
0.41000000000000003	1.6972032857900377
0.42	1.9378140559914758
0.43	1.8925079668099212
0.44	1.88140287051194
0.45	1.9383758182221122
0.46	2.0692753279346188
0.47000000000000003	2.0233609305863527
0.48	2.010854696377276
0.49	2.186660912893445
0.5	2.346871278039011
0.51	2.2924726620925613
0.52	2.3176439561840696
0.53	2.357652824565155
0.54	2.5236886279415103
0.55	2.4929635638926584
0.56	2.1626993656561546
0.5700000000000001	2.0049402499139672
0.58	2.1257404233529003
0.59	2.2447599501884956
0.6	2.096573431160093
0.61	2.083106748984442
0.62	2.2279185270623754
0.63	2.293129075348407
0.64	2.2873629990963007
0.65	2.0270158209522533
0.66	1.8239323878834728
0.67	1.4341072967279855
0.68	1.3838431744570643
0.6900000000000001	2.038085673016611
0.7000000000000001	2.366171855482143
0.71	1.2422352809428903
0.72	1.6928414020844325
0.73	1.6855236159289961
0.74	1.6966323031248212
0.75	1.6140553188302127
0.76	1.6829240726801495
0.77	2.368100106153526
0.78	2.2309602736015304
0.79	2.057300433981228
0.8	1.931193855843079
0.81	2.146597505608979
0.8200000000000001	2.4069073114846096
0.8300000000000001	2.439273750397703
0.84	2.5463203498148896
0.85	2.5337084695667893
0.86	2.3515214030525295
0.87	2.7181968454291163
0.88	2.827014357004903
0.89	2.651363174925332
0.9	2.589006764617786
0.91	2.7441642379561815
0.92	2.719309713773884
0.93	2.5794955897622622
0.9400000000000001	2.4813545675082294
0.9500000000000001	2.679325305420819
0.96	2.748523977362076
0.97	2.714763130405565
0.98	2.9141729688510156
0.99	2.9383179608401435
1.	2.783387677856767
1.01	2.6329012368527516
1.02	2.793393285389018
1.03	2.959237055428737
1.04	2.5612342490169566
1.05	2.2281577186773367
1.06	2.372495479923553
1.07	2.4691242914941878
1.08	2.7538043684583755
1.09	2.6922134521784207
1.1	2.6880382562572684
1.11	2.6928780062201594
1.12	2.323500737434012
1.1300000000000001	2.2482979762203703
1.1400000000000001	2.3026594132137617
1.1500000000000001	1.4756343501900369
1.16	1.1080351782451507
1.17	1.226567350412592
1.18	1.2978326438165873
1.19	1.4309364608063073
1.2	1.5398822459044599
1.21	1.792508822240692
1.22	2.284244304436331
1.23	1.7310172005639393
1.24	2.048053016159608
1.25	2.005981054989828
1.26	1.9977846617691835
1.27	1.5588218704119543
1.28	1.929587376853417
1.29	1.9829435880239052
1.3	1.9372716082090586
1.31	2.613870904988994
1.32	2.7664833485395643
1.33	2.8529201949313965
1.34	2.5929758781178855
1.35	2.4588270775335497
1.36	2.6218321345059565
1.37	2.6204948519039455
1.3800000000000001	2.252981435702791
1.3900000000000001	2.2176702218705797
1.4000000000000001	2.2746907030980976
1.41	2.298074427982405
1.42	2.5102361856730897
1.43	2.967864805376654
1.44	3.057121812476973
1.45	3.1617734250200815
1.46	2.7424688958652377
1.47	2.63881577721971
1.48	2.720403136474415
1.49	2.5789615075778816
1.5	2.341495910995965
1.51	2.2815774031297176
1.52	2.401798094005374
1.53	2.4101706075496736
1.54	2.6341620494761284
1.55	2.898468233351391
1.56	3.022487554987789
1.57	3.1675825108735016
1.58	2.7774186213954173
1.59	2.5893047018160975
1.6	2.5820612189505607
1.61	2.314927394849647
1.62	2.1491325101763232
1.6300000000000001	2.1542061235259164
1.6400000000000001	2.2716690324848154
1.6500000000000001	2.2177023980866446
1.6600000000000001	2.362314803202912
1.67	2.5081515364908555
1.68	2.516917059400611
1.69	2.4133298389312876
1.7	1.9043456017346514
1.71	1.2128918347040367
1.72	1.1625390120285677
1.73	1.1079489441064847
1.74	1.283321133125026
1.75	1.2415442486999575
1.76	1.5717744786881271
1.77	1.8308604800971113
1.78	1.63777872017287
1.79	1.9470424844552767
1.8	2.023560113546956
1.81	1.9208549035692422
1.82	2.12680568737104
1.83	1.6690630598036351
1.84	1.6721030940690358
1.85	1.692326048339276
1.86	1.810705482329001
1.87	1.7992889763394095
1.8800000000000001	2.016373714020937
1.8900000000000001	2.109369909536694
1.9000000000000001	2.1991902655953663
1.9100000000000001	2.3533837672219877
1.92	2.6259743967654554
1.93	2.3995418875429277
1.94	2.2759077692110705
1.95	2.041588339871638
1.96	1.990121101411266
1.97	1.9688496562542852
1.98	2.0253660485852474
1.99	2.3431266161706645
2.	2.2237167291234083
2.0100000000000002	2.2436386225740406
2.02	2.497303609194618
2.0300000000000002	2.445482156426875
2.04	2.494709506206167
2.05	2.3916812312900375
2.06	2.2655190833212635
2.07	2.21954685142173
2.08	2.2346651082697244
2.09	2.0898269980076343
2.1	2.1170864931595035
2.11	2.5524300613724233
2.12	2.293153858333805
2.13	2.312746087286511
2.14	2.377349787352844
2.15	2.2609806031578263
2.16	2.208866104382857
2.17	2.3001396477703895
2.18	2.3522960765388996
2.19	2.312614878855817
2.2	2.198480529879776
2.21	2.0110333321789873
2.22	1.941893204962059
2.23	2.2585449552475083
2.24	1.8829488050289946
2.25	1.855739499515763
2.2600000000000002	1.5695956636535813
2.27	1.3956567080354876
2.2800000000000002	0.9780194508614657
2.29	0.9754548611321644
2.3000000000000003	1.0181267224220276
2.31	1.1735191712570345
2.32	1.328539792135576
2.33	1.4905032361449506
2.34	1.220451492781754
2.35	1.1606589667119607
2.36	1.103830346293772
2.37	1.2262612278922256
2.38	1.7099218586568319
2.39	1.4989045374995489
2.4	1.5596289958945022
2.41	2.08032263924234
2.42	1.6605059897703844
2.43	1.7726459832462247
2.44	1.6376655875662467
2.45	1.6045730230304607
2.46	1.324346941928009
2.47	1.7415130069728906
2.48	1.5629729992327643
2.49	1.9608530566524176
2.5	1.9527352253735952
2.5100000000000002	1.8959186606247524
2.52	2.0739394720140107
2.5300000000000002	1.8032900190085561
2.54	1.659681172784864
2.5500000000000003	1.8774131834511358
2.56	1.7933018549956774
2.57	1.6390148788866208
2.58	1.8504323742091904
2.59	2.066561058649746
2.6	1.8891495972823118
2.61	1.9600961310803198
2.62	2.017648890410636
2.63	1.950587972638424
2.64	1.93938418567962
2.65	1.7085057675220154
2.66	1.911388847441568
2.67	2.01706669445753
2.68	1.7851950230224916
2.69	1.7580321158581207
2.7	1.9614423901463591
2.71	1.711562899271709
2.72	1.8147389687429905
2.73	1.9607225891723756
2.74	1.8396341790579578
2.75	1.8240417987971083
2.7600000000000002	1.6480878585131928
2.77	1.762382298363195
2.7800000000000002	1.8965390435617222
2.79	1.7122672142279507
2.8000000000000003	1.3326139018368708
2.81	1.0136321691353778
2.82	0.9571939921525391
2.83	1.009906236475788
2.84	0.965438280531564
2.85	1.1640131939943057
2.86	1.1493374396540637
2.87	1.127114627558098
2.88	1.0625695991328157
2.89	1.372643439702286
2.9	1.0282767985433672
2.91	0.7381965958659311
2.92	0.7666647909927863
2.93	0.8806477081612503
2.94	1.3332191258524975
2.95	1.4637704220941523
2.96	1.5914669968396056
2.97	1.3192872043198978
2.98	1.3776218330990324
2.99	1.318799631273464
3.	1.0747335586711928