0.	3.082645633156444
0.01	2.9170781130264016
0.02	2.6910797144198737
0.03	2.7669389354301046
0.04	3.081798238231667
0.05	3.199444969849325
0.06	3.8706223379816427
0.07	4.9490046803509635
0.08	9.589489286295644
0.09	4.870745214014304
0.1	2.812414366185571
0.11	1.9133749732779095
0.12	1.2190793165384135
0.13	0.9386669890372141
0.14	0.7881296993974678
0.15	0.7497578826498974
0.16	0.7737717563291023
0.17	0.8316038795379737
0.18	0.9187456278389277
0.19	0.9384671936421242
0.2	0.9684958665213925
0.21	0.8778741941152541
0.22	0.864507539325072
0.23	0.8714519912878014
0.24	0.9075839535211166
0.25	0.9088364242362935
0.26	0.9042566305623985
0.27	0.9644317289300633
0.28	0.9488341493975312
0.29	0.9731603903800489
0.3	1.1185672117775012
0.31	2.0395833350281283
0.32	3.2645430120565115
0.33	1.8562497016960369
0.34	1.7987288643508623
0.35000000000000003	1.0473038658532923
0.36	1.1602959664229242
0.37	1.1656927238958839
0.38	1.1938329760659139
0.39	1.4931847944772898
0.4	1.710586959595255
0.41000000000000003	1.6463625737855634
0.42	1.88591943100646
0.43	1.8490467165821687
0.44	1.8506451983281944
0.45	1.9064138346407344
0.46	2.0324821141562954
0.47000000000000003	2.0251112604938446
0.48	2.002253148627751
0.49	2.2010363398849067
0.5	2.3218369676965787
0.51	2.286943128641622
0.52	2.2972378575514454
0.53	2.337917031045441
0.54	2.4817930487773525
0.55	2.4800955881004643
0.56	2.153055317926887
0.5700000000000001	1.9879960214132306
0.58	2.127886107721066
0.59	2.163591482735051
0.6	2.067209059121694
0.61	2.04020906539662
0.62	2.2314765779548433
0.63	2.2629668732463974
0.64	2.246123453086213
0.65	1.9986376035935534
0.66	1.7266170862276136
0.67	1.3948581724912232
0.68	1.3386331519810242
0.6900000000000001	2.0146085315063846
0.7000000000000001	2.440068451339259
0.71	1.2848739487069034
0.72	1.7126937124337998
0.73	1.7180250030546595
0.74	1.6776943447882386
0.75	1.572065413812317
0.76	1.6625188801353845
0.77	2.292069271514266
0.78	2.201929238807244
0.79	2.0025763838794424
0.8	1.899863885551502
0.81	2.143397533991245
0.8200000000000001	2.404414164829969
0.8300000000000001	2.407498098566713
0.84	2.568005744185245
0.85	2.4969484493967813
0.86	2.3352056138469313
0.87	2.6616245558437592
0.88	2.756264420645127
0.89	2.611834490773888
0.9	2.549621204981596
0.91	2.6959116846233364
0.92	2.7153030865183
0.93	2.5753679847548536
0.9400000000000001	2.473006681735555
0.9500000000000001	2.678873148357803
0.96	2.715284363033713
0.97	2.692961424051078
0.98	2.8833259069156876
0.99	2.921447717899746
1.	2.7800183770952267
1.01	2.6038381190302893
1.02	2.794710208242346
1.03	2.9391026574799826
1.04	2.541991276268742
1.05	2.2207980622908194
1.06	2.3642234739122396
1.07	2.4514276274090454
1.08	2.7410359406080835
1.09	2.6587697553583656
1.1	2.661800048391845
1.11	2.672327319958715
1.12	2.3217405603417065
1.1300000000000001	2.264482991681563
1.1400000000000001	2.267884434376475
1.1500000000000001	1.47918519324631
1.16	1.0945508910088224
1.17	1.2483976743194762
1.18	1.275437533735556
1.19	1.41585175659299
1.2	1.5156002086138567
1.21	1.7844238418715135
1.22	2.2664131908028566
1.23	1.6774116206161258
1.24	1.9925127715216067
1.25	1.9732879134008465
1.26	1.969864305902016
1.27	1.5592685049614674
1.28	1.9320141102939274
1.29	1.9835812164611768
1.3	1.903371745788312
1.31	2.5860585129272544
1.32	2.7815346060576234
1.33	2.8262708762093114
1.34	2.558271740297679
1.35	2.46758398161858
1.36	2.618558931561325
1.37	2.6256112270981555
1.3800000000000001	2.255760086917259
1.3900000000000001	2.201522856670376
1.4000000000000001	2.2631466828877076
1.41	2.271393164721553
1.42	2.4836472970779013
1.43	2.966559611157191
1.44	3.036412166460407
1.45	3.1274698030605714
1.46	2.7375055107116224
1.47	2.6301781163562636
1.48	2.7126125847965707
1.49	2.558176304461819
1.5	2.3298939634256235
1.51	2.300097952313785
1.52	2.399074228267369
1.53	2.405594694257003
1.54	2.6207287182020664
1.55	2.8898497346388603
1.56	3.033249971861379
1.57	3.1257286582322656
1.58	2.7922211326626183
1.59	2.6031590025897957
1.6	2.5796251400383188
1.61	2.323420189210594
1.62	2.126863625848725
1.6300000000000001	2.1424681410695303
1.6400000000000001	2.2546303225764173
1.6500000000000001	2.2192243549496045
1.6600000000000001	2.3658288132012575
1.67	2.5265421190210895
1.68	2.511368836184416
1.69	2.4131790982073658
1.7	1.9007853676771234
1.71	1.20233651076065
1.72	1.147254151024235
1.73	1.1049988733997373
1.74	1.2081064630455123
1.75	1.2855548817330962
1.76	1.5467910300831595
1.77	1.8140036070562555
1.78	1.613876733254867
1.79	1.916742906869301
1.8	1.9905720807702396
1.81	1.8934058776385592
1.82	2.102587676716287
1.83	1.6943616245859552
1.84	1.6964469115659577
1.85	1.6982286608921968
1.86	1.791647357026293
1.87	1.8253595512253409
1.8800000000000001	2.018643382008872
1.8900000000000001	2.0918495785956455
1.9000000000000001	2.2068785002273623
1.9100000000000001	2.35646096297478
1.92	2.6220548811366426
1.93	2.408838484610855
1.94	2.2988176016580137
1.95	2.044539390337426
1.96	1.964790003579335
1.97	1.967703047892284
1.98	2.0404074847562295
1.99	2.3657076429861235
2.	2.1969233690413748
2.0100000000000002	2.2709372412609343
2.02	2.497226485364401
2.0300000000000002	2.441884779001757
2.04	2.4798142312286964
2.05	2.3885853932466934
2.06	2.265061216280239
2.07	2.219539555064218
2.08	2.182281289239604
2.09	2.068613639138358
2.1	2.1116638648129418
2.11	2.5515809249091017
2.12	2.2873875526921874
2.13	2.305155828682637
2.14	2.3454505104308563
2.15	2.289122784845422
2.16	2.223974761392636
2.17	2.3017700892456796
2.18	2.362111974286519
2.19	2.321314225935419
2.2	2.194511412429879
2.21	2.0144600097885865
2.22	1.9435288224246146
2.23	2.281899020433496
2.24	1.8791003918730176
2.25	1.842584646735212
2.2600000000000002	1.5417379441825108
2.27	1.3915315048326269
2.2800000000000002	0.98702159847802
2.29	0.9359805316002745
2.3000000000000003	1.0052338131309275
2.31	1.2093006880181711
2.32	1.318947768615296
2.33	1.4341593368353005
2.34	1.2514658591979246
2.35	1.2252997940182848
2.36	1.075842015424073
2.37	1.2628027824404735
2.38	1.7018309184340132
2.39	1.4624797267735568
2.4	1.576087265545003
2.41	2.02597007590936
2.42	1.6418583449814692
2.43	1.7561726851113442
2.44	1.633057172212821
2.45	1.5884880750521495
2.46	1.313044565467996
2.47	1.7229451520405727
2.48	1.5354204346556886
2.49	1.9516404767041164
2.5	1.9535089212556858
2.5100000000000002	1.8943110745266725
2.52	2.0549988659964176
2.5300000000000002	1.7892934834668346
2.54	1.6748137905347273
2.5500000000000003	1.8745431318680912
2.56	1.7674097219558045
2.57	1.6602999988683511
2.58	1.8552069150625439
2.59	2.068752197782792
2.6	1.894487332630089
2.61	1.9384094795026017
2.62	2.0208210531701547
2.63	1.9281273103126746
2.64	1.913698938412235
2.65	1.6934580365247844
2.66	1.885405859782677
2.67	2.0054890122832556
2.68	1.7718204308173582
2.69	1.75752155107393
2.7	1.94834793049815
2.71	1.718110932342464
2.72	1.803951687153426
2.73	1.9218703205397423
2.74	1.8267531946701105
2.75	1.8110888492915092
2.7600000000000002	1.6597682404926717
2.77	1.7752439058120844
2.7800000000000002	1.9046886975386546
2.79	1.6814859607629746
2.8000000000000003	1.3511222264913512
2.81	1.0208091175887164
2.82	0.9381378522421877
2.83	1.0262700622140943
2.84	0.9728881575948283
2.85	1.1772890313829165
2.86	1.2323478507049195
2.87	1.114036704053534
2.88	1.0278752761534593
2.89	1.3263030467017116
2.9	1.0022808162131092
2.91	0.8276780229647268
2.92	0.7994265673964839
2.93	0.8850755671327388
2.94	1.3105751401228285
2.95	1.4308165445617398
2.96	1.5818805700942302
2.97	1.3089996140202236
2.98	1.3755356937873011
2.99	1.3578062279037941
3.	1.0461959061180233