0.	4.046922267196688
0.01	3.7923626758992732
0.02	3.9946433654948414
0.03	3.962529106432783
0.04	4.1811593952509565
0.05	4.691510706454862
0.06	5.330631216307256
0.07	6.526092214085529
0.08	11.043625906143689
0.09	9.554073926725053
0.1	6.980745880338364
0.11	5.917994001156451
0.12	5.08828277080655
0.13	4.269214306367565
0.14	3.556245892562096
0.15	3.0597414216079586
0.16	2.823897713891768
0.17	2.3923217002149566
0.18	1.9861552784562078
0.19	1.9330707908155935
0.2	1.6339666607698304
0.21	1.6525781109517537
0.22	1.66980459966651
0.23	1.5389824286039633
0.24	1.5985254987086779
0.25	1.5298561135403934
0.26	1.5631246122013653
0.27	1.7764948341191413
0.28	2.009734656535851
0.29	2.2694056456914566
0.3	2.7768483701869218
0.31	3.745683619553589
0.32	5.8764828335325
0.33	4.512525084479065
0.34	3.6785700644146386
0.35000000000000003	2.899915503416424
0.36	2.529050739581021
0.37	2.1074902347145383
0.38	2.001870508295179
0.39	1.745551061312312
0.4	1.4119906519333658
0.41000000000000003	1.3085617519520547
0.42	1.211055115572502
0.43	1.041747648763485
0.44	1.1106006303292069
0.45	1.0881318572209715
0.46	1.0016252966983539
0.47000000000000003	0.9927401155748291
0.48	0.9686923562838685
0.49	0.9074238268936113
0.5	0.9458177161913426
0.51	0.8929703204554633
0.52	0.9097070706787109
0.53	0.9320362792093404
0.54	0.9141397777840023
0.55	0.894024255902101
0.56	0.9016699126407008
0.5700000000000001	0.8653744427612304
0.58	0.8691654641786678
0.59	0.8486512790903336
0.6	0.8195962547938964
0.61	0.7950958719788986
0.62	0.7354282996342911
0.63	0.7222722148220805
0.64	0.7444565388689453
0.65	0.7938397862322545
0.66	0.8072904729443799
0.67	1.0519953603459127
0.68	1.5371443708247798
0.6900000000000001	3.434108518942358
0.7000000000000001	2.658816730078186
0.71	2.2306423066500276
0.72	1.922520561670367
0.73	1.5736322805790155
0.74	1.6366155641204665
0.75	1.349145564512853
0.76	1.2752186176615714
0.77	1.3075844576369626
0.78	1.1746833996897499
0.79	1.1288750643084846
0.8	1.1090967457457201
0.81	1.1255552228732937
0.8200000000000001	1.1298457591760847
0.8300000000000001	1.1155342197058997
0.84	1.1174280022858325
0.85	1.1396789915312564
0.86	1.1772296186725748
0.87	1.2087525322313595
0.88	1.2536788877481324
0.89	1.2673387586126292
0.9	1.3031367901714912
0.91	1.3269234590747558
0.92	1.3084992468195726
0.93	1.3585476665184988
0.9400000000000001	1.3810272137851751
0.9500000000000001	1.3640493230755497
0.96	1.35843869021109
0.97	1.4282480158510034
0.98	1.3869144202932688
0.99	1.3754562340495216
1.	1.3852326860404163
1.01	1.3884076702671222
1.02	1.372363404796451
1.03	1.377729537813386
1.04	1.332922449709488
1.05	1.3616231469337166
1.06	1.2894499668244295
1.07	1.2631170882176488
1.08	1.1955687834314213
1.09	1.1090011265072202
1.1	1.0885973576757255
1.11	1.002482357444603
1.12	1.0205692636496626
1.1300000000000001	0.855240130199481
1.1400000000000001	0.8516465493901667
1.1500000000000001	0.8203998433068488
1.16	0.9744987612704783
1.17	2.4503415018678596
1.18	1.8097993812217852
1.19	1.6186091419530224
1.2	1.3218361303903465
1.21	1.2023220323573551
1.22	1.2051918854745445
1.23	1.0729142162040017
1.24	1.111104446575307
1.25	1.1430826108758234
1.26	1.1105658570938661
1.27	1.1363071234310327
1.28	1.058617344389805
1.29	1.10798780857963
1.3	1.1893824959036376
1.31	1.1714508631642575
1.32	1.2064701189510598
1.33	1.248359972923859
1.34	1.2663391255315593
1.35	1.2721466318028167
1.36	1.3692482828669468
1.37	1.3643899376297373
1.3800000000000001	1.359278598574156
1.3900000000000001	1.4368613608416343
1.4000000000000001	1.44943699843855
1.41	1.463272654495689
1.42	1.448817065599763
1.43	1.5393861245848026
1.44	1.5309020450929511
1.45	1.4985177832213745
1.46	1.5683702905057755
1.47	1.5555904195496018
1.48	1.5380195129988117
1.49	1.5767360081310848
1.5	1.5482423260292844
1.51	1.576882869193853
1.52	1.5702975415604743
1.53	1.591656133710893
1.54	1.570336521285652
1.55	1.5384192396623975
1.56	1.50064997735616
1.57	1.5261104713601639
1.58	1.51239497067003
1.59	1.4481177327781645
1.6	1.4757751139395077
1.61	1.4459792623473604
1.62	1.4295050103246087
1.6300000000000001	1.3892848591954776
1.6400000000000001	1.2979312714174474
1.6500000000000001	1.2644385381435552
1.6600000000000001	1.1505869031075266
1.67	1.0785666713794952
1.68	0.9740653229778163
1.69	0.8954447339495443
1.7	0.8104124682851566
1.71	1.001324097034915
1.72	1.5292596195649466
1.73	1.3621345161072838
1.74	1.3276649029928258
1.75	1.1597200039565874
1.76	1.2318455785528295
1.77	0.9887239127573326
1.78	1.093097412554666
1.79	1.0014552173584226
1.8	1.0654468833742758
1.81	1.0817661151172069
1.82	1.027685271406411
1.83	1.0363031614499805
1.84	1.0611302227636648
1.85	1.082536777310352
1.86	1.1315423202744788
1.87	1.148835085246308
1.8800000000000001	1.165425864551505
1.8900000000000001	1.1459736661907907
1.9000000000000001	1.174151577095634
1.9100000000000001	1.2429489334761394
1.92	1.2685970751258462
1.93	1.2904986323464658
1.94	1.3421398425180224
1.95	1.3654204628723978
1.96	1.3879240768481715
1.97	1.3494549217872687
1.98	1.3339106238754932
1.99	1.3689116517851272
2.	1.3815011257033363
2.0100000000000002	1.3988859410461747
2.02	1.4346784416302567
2.0300000000000002	1.460796107603026
2.04	1.440519274803585
2.05	1.4908611508785858
2.06	1.496312218041161
2.07	1.4536338775111626
2.08	1.4400759071415445
2.09	1.410905574331098
2.1	1.4481409945642403
2.11	1.4475147395176926
2.12	1.422842723155204
2.13	1.4111796248368123
2.14	1.4311422723822356
2.15	1.405442651190008
2.16	1.3900559635641445
2.17	1.3587388406590146
2.18	1.4186954995119418
2.19	1.3585554402679327
2.2	1.2978018096729502
2.21	1.1883885773311824
2.22	1.1931508973746792
2.23	1.1095917069796266
2.24	1.0067404922754568
2.25	0.9347588129643557
2.2600000000000002	0.8579970953991406
2.27	0.7579861603994357
2.2800000000000002	0.8660009033396382
2.29	1.3662274426365661
2.3000000000000003	1.2558506042508835
2.31	1.1810101255840209
2.32	0.9531221558666737
2.33	1.001246516372355
2.34	0.9483539368959705
2.35	1.0916838434443399
2.36	1.0212906299863846
2.37	0.9806248626533045
2.38	0.9540406314840267
2.39	0.9605196551014072
2.4	0.9569154838078084
2.41	0.9376055018646113
2.42	0.9329361772256282
2.43	0.9860713723770884
2.44	0.9557726732701789
2.45	0.9524773643178718
2.46	1.0069434149938448
2.47	0.9867326062368881
2.48	1.0177173352492916
2.49	1.0552958254254055
2.5	1.052044174594964
2.5100000000000002	1.0315083874740798
2.52	1.0785835182402834
2.5300000000000002	1.0745021284838718
2.54	1.066671193479155
2.5500000000000003	1.1332709878423526
2.56	1.1275262376449646
2.57	1.1164158488237246
2.58	1.156936913185818
2.59	1.1466189560040942
2.6	1.1859694338826792
2.61	1.1509785367467684
2.62	1.1702288631613293
2.63	1.1680598758140894
2.64	1.1238089542198322
2.65	1.2084789686428634
2.66	1.2023032746159157
2.67	1.1817728822663176
2.68	1.1698124513585662
2.69	1.1371937876642315
2.7	1.162193560635741
2.71	1.1409207903304666
2.72	1.1336275175132529
2.73	1.1109970156593685
2.74	1.0847098171003484
2.75	1.039760205498061
2.7600000000000002	0.9790179529554928
2.77	0.9877005169419668
2.7800000000000002	0.9355943802219008
2.79	0.8432401963205794
2.8000000000000003	0.78417585296741
2.81	0.7026921513739509
2.82	0.669188878869121
2.83	1.1191191964256155
2.84	1.3996869479899683
2.85	1.2638691681235728
2.86	1.1650166226440586
2.87	1.0400329873524912
2.88	0.9966131715957102
2.89	1.0400826314860656
2.9	0.8904244456006137
2.91	0.8809891672190172
2.92	0.7644486838067542
2.93	0.7731967433207746
2.94	0.800698294216596
2.95	0.780244023508897
2.96	0.8432571252551057
2.97	0.7590838742543702
2.98	0.757116628778848
2.99	0.7942341521484182
3.	0.7931852440084192