0.0378531739115715
0.0378531739115715
0.0378531739115715
0.0378531739115715
0.0378531739115715
0.0378531739115715
0.0378531739115715
0.0378531739115715
0.0378531739115715
0.0378531739115715
0.0378531739115715
0.0378531739115715
-0.008694455027580261
0.0378531739115715
0.0378531739115715
0.0378531739115715
0.0378531739115715
0.0378531739115715
0.0378531739115715
0.0378531739115715
0.0378531739115715
0.0378531739115715
0.0378531739115715
0.0378531739115715
0.0378531739115715
-0.000364998127892528
-0.005920780391613127
-0.007185670794547929
-0.0010146093969187406
0.0010394012303150027
-0.0011563382416580545
-0.00540611147430527
-0.004676115741435803
-0.00014711749096222096
0.0008336789169862972
-0.001368304072707303
-0.008178917246592698
-0.007343237998343882
-0.0015638588639220515
0.0009294534732676735
-0.001043249613148451
-0.004966222279069941
-0.0053459729838993345
-0.005097980081931691
-0.00044047622896952084
0.000885397138034322
-0.0016450936286518797
-0.007594663943279418
-0.006339037179028728
-0.0031060645168227586
-0.000036466863024271594
0.0012666650385020604
-0.0007759683233477365
-0.006060216535621764
-0.0060756128308235915
-0.003962721981025985
-0.0008548503009696007
0.0006513723837181821
-0.00015699513927026415
-0.0035069114119706127
-0.005374180032013329
-0.006858897662176525
-0.004545945777151544
-0.0005597173708688265
0.0011061927814353441
0.00010161494209878857
-0.00481541321436567
-0.004597014192467415
0.003985976608912083
-0.0030490070810386613
-0.000396758000081255
0.0008717763989999961
-0.00015930950274285966
-0.002827172186462273
-0.005382488741646348
-0.006678353766964896
-0.003664869077355668
-0.0008490766888712802
0.000273914669759354
0.0012688291054435215
0.0002992205073367686
-0.0034717254699012995
-0.006885945349845907
-0.003996911049159151
-0.0035603802692039943
-0.0008631264357415631
0.0004563618699974844
0.0008696200373135804
-0.0010362808459171355
-0.004765795655479575
-0.006752573425061904
-0.006132471845476269
-0.0022342615861093915
-0.0005370912273238437
0.00412472850634401
0.0016757177024130248
0.0007851148375189202
-0.0008141640707760396
-0.003020873510617873
-0.002140090342736198
-0.0019420506418307108
-0.0009781255485520404
0.0002004155799067292
0.0006000948065230851
0.0006981191314302977
-0.0007901234101418079
-0.0026852660159873906
-0.004214051787099157
-0.005886405494802106
-0.0025882551202568507
-0.0005397910889741245
0.0006149024301927777
0.0018205431220131036
0.0015097104696821422
0.0011998530017876931
-0.0014176897671716576
-0.0068280900950449565
-0.004441244855401309
-0.0024193206112936086
-0.0015242865739593763
0.000753535680316636
0.0005406040042275888
0.00045741096030752805
-0.00040002985192317923
0.00014770028041628455
0.00775434662039963
-0.0014469145418097643
9.471312229600293e-6
0.0002558503307011281
-0.0020096530981100515
0.002865360693804317
0.0022411734047164157
0.001271552899350865
0.0018154788156341025
0.001413847318303886
0.0032799287643808586
0.002145355969379384
0.0006492594791567136
0.0006315751244837728
0.0006233576010295262
-0.00035840002662749885
-0.000682897478331123
-0.001570688576321557
-0.0012627259110367592
-0.004278722889074049
-0.0016130287714354319
0.0022788360681329847
0.0039175861492500505
0.0008186187536034367
0.003305531952991842
0.0026188791281807674
0.0023982033525701404
0.001779838164073443
0.0019212496815145669
0.007774875006173805
-0.017026297815364244
0.009629227540480706
0.019606166173829834
0.014904268586912295
0.0031991251660918874
0.011025314819841509
0.0029927657435366295
0.007796713743970382
-0.003616730006073432
0.0036338103986124914
0.004436773199662736
0.01097953974018906
0.028546119839252537
0.05369180459452494
-0.03198495855662853
0.075237725679558
0.07692288938181546
0.06826520354505794
0.0075454114457684796
0.046027474036354876
0.02706912646428905
0.02694690110100051
0.01897237164581078
0.04310229833314572
0.11178212853446257
0.18590499989540732
0.24609159469013886
0.36195482832508163
0.4666058060096079
0.5183366023166989
0.6181709438322762
0.6562776444828772
0.6681323475220744
0.6955821536991966
0.6628360056556415
0.5868614355311177
0.6237171294974544
0.6041935947046538
0.5976314420564821
0.6415449847580963
0.5957999994475028
0.5949633599243329
0.5657710158445735
0.5969200502738534
0.6750946034581229
0.6474423493636807
0.6230015758785279
0.615519302196418
0.6077970147915597
0.3380806937666305
0.6042521622606694
0.4179603825389111
0.5200024129880321
0.7286324356957217
0.6278667929246535
0.5461079601102532
0.5021007555986554
0.4876036374774584
0.5276124366730348
0.5203548288562494
0.4845055061559329
0.42614684498222033
0.752141966850798
0.665578780078627
0.645309524956883
0.3151422424513135
0.6299487213520623
0.399276686937005
0.48595644113359704
0.5369300941264736
0.8689995714024632
0.7524100692270888
0.9211367920858189
0.4632451573011913
1.2703656768453346
1.0248767687765188
0.9943210779238147
0.976917878278762
1.1035728433215737
1.0686943326623495
1.102708458480011
1.2670164981608774
1.495575589677606
1.4235484268022138
1.2340254310511312
1.3440472369764995
1.4384428802775346
1.6590867330073178
1.457383373289685
1.5246906352040965
1.6959999410015176
1.9215225381051098
2.0893937741951096
1.778849061659583
1.6700350993358657
2.005405474731609
1.8163187278850352
2.263754699487091
1.9465714332374873
2.3574249097262334
2.3415781959842956
2.5972801700296904
2.393728173804514
2.161777355824543
1.7894057250439124
1.8816215859472405
2.297559036943143
2.318147019939242
2.1449801627497886
1.5806319069432564
1.8442832352207228
1.9417178322674897
1.7778877989599984
1.0040095564814702
0.9099340972117509
2.319842516979666
1.560958492083269
1.7890453008607126
1.7630901343811236
1.478526696788474
1.5994118189452498
2.0022462943785877
1.7305439462860495
1.5093886353043202
1.9361145983515766
2.0737087643561622
1.9061566954937024
2.413291566305803
2.3243035892596837
2.2917601199795032
2.383807524348611
2.4763409424075093
2.2782310931853798
2.368766676659487
2.9930565842461223
2.770736272405313
2.790861752091763
3.1324852419507536
2.9787220317573317
3.4660113159035038
3.2778219103011876
2.3809957088900955
3.4883311455142714
3.162561888318479
3.441772848232837
3.3778882833712696
3.2653624683502946
3.289983640231319
3.1927429891205565
2.8609926241545525
2.5846959810759205
2.961237024588167
2.9887364709511557
2.5450975058267025
2.47950752774351
2.532882650378367
2.762462310994209
2.6588024455701635
2.0507548255564725
2.5725179007893226
2.3638493602526696
1.0076555232395217
1.684169679554607
2.700768796630885
2.567441708845614
2.8465278704901262
2.538966335088001
3.033908748578794
3.040062654742198
3.1807832828721745
3.0433013033210594
3.437267025628853
3.3903271207499976
3.505229536038801
4.1434447726860135
4.1798351077366025
4.146190364166699
4.566670791251163
3.8523485965598057
4.170781044947022
3.9524328537033373
3.783552785003314
4.116562650670415
3.7300760161701056
3.0160930333363876
3.813903432538691
3.3581677996386974
2.6461370459627123
3.20800042124195
3.1274808682275133
4.163907546880129
3.326533994937985
3.3955663823917828
3.6382065792831257
3.932123876045333
3.10621804849774
4.359105115974498
3.634276933100768
3.5777900754524277
2.5361732424473473
3.9348591924861918
3.168830778395602
3.9880400063959733
3.7005236340301266
3.776039575354665
3.0154612910198653
2.8196111742631143
3.626609769177616
4.481660850344449
2.718204194456285
3.0302516319127717
4.290834281262747
3.395684547347418
3.380906690147768
3.2434965695746847
3.3347117654487084
3.5267051435434125
4.0825952779515635
3.5165597436537563
3.7223120652977677
4.09972174724716
3.8134727723470787
3.259669012526812
4.864409715970888
4.1806206006644455
4.518872557532655
4.896370113597659
4.908473592939282
4.2008063053901665
6.419636378935765
5.260453637141164
4.798388987982963
5.760957991671294
5.074713918735832
5.468764603272957
5.509607249936126
5.558372966000285
5.692026531015837
4.728542225910469
5.4117860684107315
5.739612587616231
5.0375743591523054
4.0889028578868745
4.123282358920135
4.69761592807245
4.9312984396376
4.377756786408417
3.5337484051069996
4.377749384920952
4.187392090855014
5.795254903184404
6.184434571676492
4.455023012220254
4.179190741058817
5.4401606651199765
4.946606286934572
4.8360765733474995
5.633157540976267
6.289213823034359
6.350661493915871
7.770261103423832
6.000662580372093
6.055193840586592
6.388096733406448
6.307501923169323
6.192732692098474
7.023093574440948
7.1537278201454715
6.611316608390884
6.648730522876797
7.00994575062532
6.724304607048452
5.989089402889875
6.790771680245058
7.15869267519661
6.753186752168347
6.74870040176165
6.909035499982214
6.962136965512278
6.8423329774816395
7.385322929323294
7.523132212868109
7.73659636489136
8.137791937054255
8.63876071874287
8.696605364075145
8.646165163404342
8.507639322074624
9.26628829718242
8.996784962459408
8.933384998128354
8.625294707919908
8.190537449066518
8.70191843559579
8.5202835568113
8.647437018260941
8.47364938415443
8.160160579125671
8.65977639895357
8.238862898556436
8.238493543708136
8.019750623585132
8.56640304419873
8.680555090053009
8.490745518535437
8.893647173890447
8.76828904901505
8.740568824973256
7.931235076228177
8.357637974424822
8.235266447876256
8.056655272916057
8.259467105602079
8.650216404151735
7.36097945062841
8.36468932733962
8.023270875160478
7.9168746988142
9.075961115101256
8.529139302719019
8.57365062705572
8.516441036096808
8.914388963159544
9.282105277479289
9.58547587887403
9.07918277324827
9.468873877468265
9.553430694595075
10.539816383244446
10.219946261818524
10.200190143120578
10.582366275897218
10.801329995735333
10.915995190344937
10.800505289826987
10.913482852718225
10.473731182874257
10.680383819759514
10.207665960473811
11.773817271316123
10.140977378268104
10.246410956301169
10.502590111400474
9.121970541940124
10.89624675361732
10.344860754118287
10.10885150992802
10.669230552460395
9.377646284764985
9.428125349220833
10.726677616221227
10.380923588469367
10.247764175995655
9.856872413715786
10.127630689725294
9.731719407109699
10.911826840561519
9.651307991362053
10.173150485273428
11.584004516933641
10.971378852768929
9.94544879277763
10.678000177101772
11.233396283413619
11.59783277669666
12.266299100647547
11.798994123970932
11.800609614124667
12.298675582127412
12.75477837578242
12.230447612320123
12.946125775914336
13.24686389375716
13.532598482547021
13.114598305118575
12.695188219599792
12.832369497276122
13.3802523143436
13.38900130018471
13.438992876587347
12.011229173976314
13.242915748133903
12.287565947490469
14.062519699510212
13.189168571747516
14.280666295426915
12.937679363148437
14.285366240058943
14.255445224677274
14.716558823456294
14.608299660131332
14.085708770126349
14.403223527375392
14.81133022897746
14.181748442654849
13.607851072406543
14.034145220948162
14.39863988252132
14.248171964142061
13.892569772331154
13.604669642958871
14.134656748582458
13.899167007366412
14.37300549977566
14.679047142501062
14.7415368928206
15.432268714058656
15.689982407420246
15.294360364232887
15.467106317261564
15.78643382186619
16.72100689285132
15.598378131957901
15.654149065270671
15.825853835678185
15.707935496122323
15.417464576751195
15.13292389252431
15.857829888295644
15.989447939097658
14.859186574333297
14.79737958506482
15.29711420963467
14.928038656336517
15.366739984563022
15.274030482736432
15.260099761173322
15.604914535133922
16.586347153834186
14.608377051136308
15.725202558590468
16.102189103677922
15.97732428835262
16.170808434398452
16.14239411261505
16.708567289012635
16.401876042209715
16.609383807643848
15.976405966953017
17.228655906885052
16.65763529386589
17.252472177006403
16.81351828268492
17.015529028689254
17.227647521880034
17.476623478749126
16.942912938757193
17.208400259427297
16.70238064987798
16.92360155033802
16.271615365082837
16.11916822892997
15.684305936887316
15.231249213230761
15.286852801699503
14.538822270166317
14.143937757687752
14.255385903472526
14.611754995987098
14.853381250766418
14.968434900750225
14.165827541872297
14.966943212456972
15.164752425696966
14.619620117088598
15.52344655181826
16.092492928113387
15.701704944953711
14.425892932145384
15.628110638015308
15.765411363565981
14.906353288238684
14.606061464121373
14.89071478008249
15.374994086331593
15.386777810952896
15.894242628773439
15.944004032379794
15.387451904561479
15.36278806624981
16.36622163074615
14.15218003438926
14.458770405293771
14.875398175399784
14.604646856466807
14.024248748871866
14.186962761269701
15.657842941470435
14.609552173611421
14.150908700531879
14.816666393707575
13.903128572841208
14.339713489340133
15.047923788665312
14.610720480287856
14.08462689796699
14.935857609703827
14.047568601975419
14.11043816244241
14.193904097134219
14.019311679110285
14.79017096447433
14.758457655292808
13.69289199694198
14.96421599098288
15.46091301020426
14.671821239654694
14.269663463039748
15.79943219056617
14.244638571321962
14.244258524159132
14.396649217716206
14.67647082240438
14.354270557159772
14.678692965965512
14.254999525573782
14.232481691878021
14.405641231419082
14.58755797043884
15.200000270010163
14.512642624197735
14.327703812799669
13.811063604868812
13.508500768092382
13.087654434595187
12.83208753780512
12.35314009566699
12.118445682223307
11.80872230831772
11.79877082749524
11.456305258747564
10.414558399752504
10.894314111842588
10.292575811895889
9.682038500283442
9.701168960404646
9.269326100199596
8.736101479269763
8.25080841347921
8.690608638466507
9.11419805326495
8.42383544748854
8.521281015940943
8.398781274583019
8.524824046689108
8.202442830818635
8.72853570638165
7.9733319027052225
8.292362001258462
8.000134329287858
8.318346464660369
8.22751600327411
7.65311766542991
7.558833541313589
7.290773073325866
7.34471399868036
7.188723749214644
6.32160108195805
6.184815792157176
6.197965215973124
5.75794340064979
5.7381962990750175
5.842739789477647
5.807939334548768
5.69286873879953
5.385731038064421
5.392631294561913
5.425044158551394
6.075038728990847
6.025527684614681
6.1987626436377
6.235629848291884
5.913419356176671
5.782246712026509
5.426885528732055
6.16059118652396
4.971354488348678
5.960172642587754
5.748630656866266
5.51036110593048
5.317449609652712
5.081888287426072
4.791410852649843
4.569712250358408
4.262793717529974
4.070875611773177
3.775463184952995
3.561277150992455
3.3231014893656208
3.1820874714293605
3.063078728933816
2.973991296953214
2.8802364131253144
2.8695203137813543
2.8348539860249797
2.8031782642497944
2.8047366780491094
2.785513819196669
2.765588580528896
2.7329260944239384
2.708401068713033
2.5653856228426744
2.4700457434169927
2.2900336688387632
2.195745277558239
1.9561857059569805
1.773972121713602
1.4982406755865973
1.2747232251771576
1.0667468339061987
0.9834092883359082
0.7205483356287239
0.5307205268821236
0.36172450611656654
0.22165384868230253
0.05389651010976926
-0.03777129318266226
-0.08180614873089687
-0.09297409990745875
-0.2198761474274472
-0.1253021963030132
-0.146294186652564
-0.11176603716629108
-0.10335268879761439
-0.02760138457261696
-0.013463983562998938
0.03021271910749257
0.0699834178846317
0.09420313811119285
0.11320548348058918
0.11453469749097275
0.1066758173304493
0.10519006739935248
0.10114717974018878
0.09237124533473952
0.0843448298900183
0.07819802050925398
0.06839458300112597
0.06407788634817649
0.048867855451744435
0.05239412978337299
0.06059466519772738
0.057294300787315566
0.08069419472919245
0.07736538492896727
0.09826871487618441
0.1054283708295681
0.10017808728862412
0.10448888458588934
0.11779169673470308
0.12011257154445514
0.11799488078357037
0.1121689513751855
0.08094783714708141
0.09864712834954814
0.09175881498142521
0.08218638535565091
0.0758136403661951
0.06738699390588257
0.06235771987846271
0.047024008023562575
0.03937134433377559
0.040010028769598166
0.036782806110016525
0.043572225454914265
0.041518320528641905
0.06324191215919081
0.05726240793022486
0.05839993824022299
0.05118820554336376
0.058414619422242214
0.05930858739407202
0.06545607989898221
0.05688734845428098
0.06187485899940371
0.058227890497183056
0.05358378616091982
0.047431617054126886
0.04600762073042277
0.04064518001064483
0.039708351140223426
0.036452785018937756
0.03781767316713601
0.04726831081206655
0.046191611541478786
0.04063207393696251
0.04221333034069699
0.046358640662280556
0.057353563900099394
0.05941564578362504
0.06285346266734762
0.07079478738567738
0.07202174155397592
0.061351654853301005
0.05858395420895217
0.06525907879514707
0.06411907048326279
0.059426362680659574
0.05739498640316058
0.056663493540070574
0.04857119341682576
0.04514229210712242
0.04122214488472112
0.03752735305891274
0.037587147961686204
0.033523406445709766
0.034526129914386916
0.03323593504074274
0.03429593870652217
0.037202265953273764
0.030694866542876703
0.0348798121178073
-0.0022943842613514787
0.04067016818053175
0.05236691904774368
0.04723214411556344
0.05236398015001993
0.046432819032417236
0.040798957347164024
0.036246232613126844
0.04193378063719124
0.04208587551700371
0.03430434729810555
0.032342321378172716
0.03076534586730917
0.028276261013438293
0.026587581253533825
0.024799035443934227
0.02588812961253252
0.029032732470707687
0.034099641244771085
0.03723553666805985
0.03706960537021567
0.03296042511416722
0.03403837749299943
0.03813833614438185
0.0447509113199142
0.015579040983279835
0.047389804161206896
0.049635215353370093
0.047169547472576234
0.051344114403768897
0.045971935042905
0.011163006243990636
0.040426220182258964
0.03995231235515337
0.035641450591688786
0.03281952318486797
0.030577783610490978
0.028589199861391797
0.025230869741209746
0.02536043107053907
0.024635995854962178
0.019108486484379385
0.02993923913532545
0.025967413122828055
0.025261178880511923
0.026272635137576772
0.0275562268810656
0.030863234616172866
0.03442194345731385
0.03355576559129292
0.03499770709135197
0.034258720510846344
0.03318337652545663
0.02796887173791366
0.025792133768019823
0.031867781696719374
0.0294460443635184
0.025783843812476424
0.02414213473357578
0.022038105562358953
0.020528469310870604
0.011583505804969467
0.019503061524927784
0.020726741684491054
0.02226708022379762
0.021670455672094475
0.026030019096943864
0.02791785319881105
0.024361390354933267
0.028306149936044578
0.03130893549543803
0.031554025201076474
0.03708777351899496
0.03555041257987144
0.03523746066172261
0.034467912020524155
0.034330318135772434
0.03317801866616146
0.032173228413952745
0.029863576344099727
0.030290254597331385
0.028611801999722047
0.025177136012935773
0.023695841762803968
0.021133339783726064
0.020278015889820047
0.018961584060170174
0.014520173749494346
0.019553233458866476
0.024238784846273925
0.024253871791312137
0.02601336560779375
0.02266069325272084
0.01889600107745964
0.02291595277659949
0.026053457404587747
-0.007293014107892806
0.027722728334026545
0.02632714593362958
0.02607312320740652
0.023152393797154287
0.023487282008053223
0.02361296765287254
0.02038587626152799
0.02407623015115417
0.022302474739264604
0.01998099971360384
0.017410311585672775
0.0172518324971733
0.015635826913451212
0.015696740413499555
0.016006830098271446
0.016746282228730924
0.01997774117938771
0.02073136527900883
0.02310936096211693
0.02070591990673832
0.021691003995340186
0.022306295004566663
0.026329065234863717
0.02622485464879014
0.025457612010290516
0.027540860291274262
0.02669741343681696
0.028117477511756517
0.027444444474214482
0.02567645272965386
0.023866534042998093
0.02240494599165657
0.025994394497182105
0.023691044210807678
0.020901065795019113
0.01724382068201536
0.01778666570328537
0.017062476914939503
0.015738125343999716
0.016285085794574446
0.01741382184969233
0.018351138101413245
0.021139560964897487
0.023018634867594152
0.017274210267302144
0.020488453870866577
0.01917476823503555
0.02052089841780927
0.01846614868094891
0.022159030043818702
0.019408043223622343
0.022837886689153437
0.02246675923253959
0.01916993448601314
-0.0026240169216795034
0.021740900583281455
0.019261782261805964
0.017165748976380176
0.015083206855932611
0.013911499021179705
0.014108215455484928
0.013274205239481269
0.013180527476736252
0.013155103130532336
0.01432454900238633
0.01755467899063709
0.017686612299523598
0.00009615295316114242
-0.003515516222719256
0.02029366207381992
0.022634096945120113
0.021424235618059992
0.017958761692951845
0.022925738162523378
0.02403256638131477
0.021310171449924108
0.02389065865399304
0.02259791371152417
0.019605825828772804
0.017732674191916566
0.018484688124330215
0.02133768590215941
0.020211582371655858
0.01742475766875891
0.015197801150026244
0.014149410352100024
0.013787985666546194
0.013400827148595206
0.01429682510886595
0.015063184308270427
0.015760535477513722
0.018216792984588358
0.018285414615567555
0.01569941357277677
-0.0007059038686073812
0.01849032192791699
0.016737277723781863
-0.010865754001524758
0.017812427740685123
0.020099916725650646
0.019154442680107353
0.018065806988770455
0.016899238594347728
0.01804807921995563
0.016337754640548013
0.01487144929728243
0.016242141417822365
0.015939200420182105
0.012949979529555695
0.012839732090878393
0.012122091561706188
0.011198191522619003
0.011586910308739828
0.010748784345673168
0.012849743325482225
0.013323622974049064
0.015736658572563147
0.018358365156313006
0.015732183208857504
0.015726902135487573
0.016792865707870475
-0.01366250431983776
0.018311601360592813
0.0212938827700562
0.020264508057885777
-0.012166770489784269
0.020765585244842375
0.018980120258615993
0.018130756838724126
0.016885293207878967
0.015814202573867273
0.014143544745013389
0.01897559614962121
0.016314143570697798
0.014900087511892136
0.013968935090711197
0.012064072335644948
0.012365729992350458
0.012230771567962312
0.012254757091639503
0.002309933704040021
0.013597210459129577
0.016072399230435692
0.013628151884508301
0.014374998264710823
0.014424793496213287
0.016185540088514954
0.015281548790402256
0.01497648017415237
-0.00620049397861646
0.019195575229482474
0.01616927420431537
0.013196205142260928
0.0147898382160256
0.014246014884885493
0.012580495839083824
0.01577606550107642
0.013958492830001813
0.013052132077354025
0.012725508607683329
0.00961473141246314
0.0072270904557483855
0.010313527923279752
0.010296896195936673
0.005172185834747267
0.012427305143546466
0.004562453581024334
0.014209547836112349
0.012054759571193889
0.016435790528380102
0.01813526748202777
0.01569303236987505
0.016442216891964324
0.01710475433481088
0.017382763185670815
0.016883588206890326
0.019445643327038558
-0.004486957285121454
0.014816197328249285
0.016232335041749993
0.016804302609848835
0.013182862005309135
0.013504131199641587
0.014189838990603356
0.014696152336913309
0.01228751075382762
0.007006236296363093
0.0115638173727875
0.011307974984789587
0.011336743776532094
0.011480490638542512
0.008044555196102761
0.013044051708347049
0.014176771732169725
0.012153302445552926
0.012385209341783106
0.016259333467542773
0.013650789319949359
0.014228035874886164
0.012936040724110445
0.012051889260377844
0.016139253320681862
0.020723070458139745
0.015962081090894014
0.012943164757198627
-0.0025908307683314494
0.012612410227673617
0.011055183530517466
0.012316773394337954
0.013008728445301265
0.012094774597926596
0.009937075385093594
0.009284424505644899
0.009076018542526671
0.010099693756849621
0.009680140681158095
0.010270499497269247
0.010882601930399671
0.01268021664713169
0.012574688376996788
0.010885726073849397
0.01240050264999143
0.0148570531850169
0.013980296229921273
0.0035204086526633704
0.016160887110249024
0.014691567504088999
0.017657544751782578
0.015370609577097509
0.0166482105174534
0.021168852239646326
0.012729396745530346
0.012662295591544998
-0.003244398187149042
0.011489199369865179
0.015043315061737627
0.013639677568823476
0.012816796775247573
0.011483404763165424
0.010974954095087086
0.01026324283297044
0.009899986148551376
0.003581995497910405
0.010284179142156586
0.0111686533862517
0.012702775376801955
0.012347069235300639
0.01188519820199107
0.0010545217911540096
0.01240783707685203
0.012240476201740194
0.014411450039649245
0.015135884105743236
0.01672797452121543
0.016934265846903458
0.01879611750554325
0.01548183496809363
0.011971388307911376
0.011523762960294736
0.011132783843275273
0.011401509573978823
0.011346664859734384
0.011531186834709871
0.009599342581934726
0.009346423238864934
0.009152101634747173
0.009191661122214949
0.008693003019525202
0.002676764575030074
0.009516325810106337
0.01167380659643579
0.003184426806973232
0.011735836409606222
0.011022345889626282
0.01287637875981745
0.01347858404341535
-0.002040547477439446
0.013223888128810792
0.014522055968349625
0.017140599368732475
0.01696296262059975
0.017129404980201515
0.018224573058091807
0.015333147127579123
0.014711440045428261
0.013317422146508762
0.011388790424091768
0.010477136950734142
0.001054829638368917
0.01209172321264588
0.010119711238748313
0.0055939721456229365
0.009594512189264794
0.009596375533211554
0.009125666809976965
0.009451099684117462
0.00438833797192727
0.010434583021849539
0.012215660908837786
0.012040255908867054
0.010362278757264583
0.010362813990534629
-0.008097538380708626
0.011287911183268124
0.01424446145715954
0.014242798795567942
0.014655824880849749
0.011082346662287832
0.016412436592557707
0.015328632475936205
0.014886433526212241
0.015463560037173574
0.012167258924121477
-0.0026461769915096835
0.012077478648360163
0.01027407655059322
0.009431162199933145
0.009387895806237216
0.008845634638108843
0.004533662123269427
0.008739576070309066
0.008520241475164352
0.009411801743381788
0.009875314197697856
0.010003934112621994
0.01040098553067608
0.011870838915890948
0.011196065588990783
0.011806778639324524
0.011532549565620876
0.01378446891212191
0.011204833180566958
0.010669783103426957
0.01410200135742875
0.017849872779667184
0.016545964038923736
0.01690314471132134
0.015186529671415903
0.01245174405255109
0.01739844645667527
0.011985277700630088
0.01139597832580342
0.011603220262241233
0.011619683699429409
0.009842271871031986
0.009878828412143086
0.00942700220071225
0.009940857200145854
0.0029777098888104786
0.009235202960661723
0.00963383532243248
0.010622389896409052
0.010075065615451954
0.00984073178336992
0.010015537559431891
0.012006343408042137
0.010769670058015487
0.01124150667775125
0.012556600036155267
0.014757816842935645
0.014665188170944969
0.013843886965894458
0.012856900182441157
0.01306237644118358
0.012308331520811289
0.011484096321933448
0.011902769057671125
0.010381236748343237
0.011083110291664165
0.002432251311281903
0.008840641544624144
0.008105555133640982
0.007431928841237634
0.008674215866636593
0.0026540907245941464
0.008632636809080113
0.009282384451887102
0.009177341106537855
0.01016257211780912
0.010739052478691806
0.009941265090572452
0.0019159154251287384
0.011695884616773367
0.01334773335174581
0.010626901755783461
0.012905773370934764
0.01269095541084627
0.01471247226911018
0.012993803471029873
0.003461615767999242
0.013840964179479331
0.014193334898300908
0.012252594465536809
0.013048027836778067
0.0030747216012145424
0.011331042386085784
0.010978810507722196
0.01079746008865475
0.008239430615228908
0.009616286677900548
0.008874544202072458
0.008863866260689187
0.00887981838648219
0.008867319512691272
0.009420935007880347
0.009468719480375592
0.011328133862609011
0.009751992422916198
0.009806027934178643
0.011065544875543312
0.010970368568715489
0.011093480937729237
0.0111073413113827
0.01427125754359004
-0.017650217592881982
0.013575461338059217
0.01199150062976953
-0.013017428928349464
0.013905289022690566
0.014586620614569085
-0.0019232779762363844
0.010139324844943082
0.009752578752931444
0.00843996328179852
0.010411987557139596
0.009184768108554231
0.008839033937433776
0.008035300274721146
0.008428377668439428
0.007877035829604046
0.0038062793409737138
0.009060527741017343
0.009233738854463134
0.009338042315371838
0.011165826266535872
0.0024598956975082457
0.010463095303063873
0.011853933338394029
0.012183658712568579
0.012770999286397699
0.011800631963640569
0.015061063027493455
0.014678518380969827
0.01322618660704487
0.014719157313363086
0.013829464070889162
0.013885065031194344
0.012127155614089662
0.011224189322356089
0.010766799461815621
0.01130441110483675
0.010441782830099722
0.011858957039668548
0.009395576120587012
0.009005603769254609
0.008225282099862785
0.008755303907790217
0.008896033872862546
0.00987880898794766
0.009210397451800526
0.010165054270387967
0.011080638206348884
0.010321323651926496
0.010248896759679155
0.009797333941382864
0.011521618372397499
0.011392766308189192
0.013168128957262458
0.00017819992414989938
0.014757750896724708
0.012908527594786418
0.013541527523461501
0.012321862551197185
0.015242638049842112
0.009980614556194624
0.010236713653941881
0.010435033839344608
0.007876082967641303
0.009053847890692149
0.009414481889802966
0.007976292113829376
0.007799675940300205
0.008390998398527683
0.00827908736367644
0.007909041968792435
0.008801143937304839
0.009492503307670541
0.009122441259784066
0.009396676691360692
0.010701578126653975
0.0010929881282184355
0.009946671805355415
0.00984842290368881
0.010941001966591328
0.01225159952524777
0.012998823884251762
0.015156038944992635
0.015799810097874182
0.012698776194829547
0.015268928566830695
0.011974518373857223
0.014167320526127597
0.012013105037451753
0.010692387831656783
0.01108455125970343
0.008473966768948533
-0.0014267577896425188
0.010393155731804403
0.010089262713876435
0.009152883908601663
0.00992554083529671
0.010269072674648851
0.008400395551774123
0.008774966963350466
0.00900047735154197
0.008624932307978771
0.010939850880970587
0.011080944909172238
0.010011113898309443
0.0026864114208579835
0.010409488722703466
0.011133813406847853
0.01220800893583538
0.013431344460308038
-0.008136986706393217
0.014385008186210753
0.013066367501622843
0.012063069688996297
0.010974476765677695
0.00583044810132757
0.010820159246457961
0.01017945641833588
0.010327310187955949
0.009673523525725265
0.009339663743426384
0.008765131050909584
0.007951438666915639
0.008890802135416612
0.00868052296316674
0.008621289969719208
0.008497245991017748
0.007928002722795239
0.008574187578098018
0.008731670261992095
0.00907547182371027
0.010605466491552251
0.0007283480289202414
0.010217755230729415
0.011004563073143438
-0.00025532616602784095
0.012117281908801967
-0.010226673812222486
0.013525700121015768
0.014124595461357154
0.014568043085598358
0.012452894052725025
0.013262010691748524
0.011621465393079664
0.01186992869004817
0.010631376010341625
0.010335165933017854
0.00996746032477211
0.002292674176720924
0.00957952008697641
0.009295998210287756
0.009922611911984482
0.009307942880405037
0.009677595118548151
0.008680063923834639
0.008726433525110225
0.009578602002475258
0.009520180633605699
0.009458251394503825
0.011395064792069382
0.0012457833436244
0.010127591625866784
0.01097460737599276
0.01220760548811492
0.011471305180751446
0.012203793122991084
0.014961403509052444
-0.006384932979795831
0.014811495155638947
0.011745823996062239
-0.0023569023734767713
-0.004285773141429881
0.010617248253463912
0.011147165256743568
0.010045890259326073
0.010103417662932396
0.008248720005011943
0.008950828013700233
0.007693914981925492
0.007998336967645472
0.008564262233502273
0.008980203944689808
0.009410594831632067
0.009105683045506668
0.008499098057756073
0.0049619816374734844
0.009210579455461807
0.009790954440860861
0.010414606666107955
0.0089552730766226
0.010773175672038188
0.01178826361777644
0.012053412540647344
0.012920910103944942
0.015074214927565971
0.015498581351031031
0.017227031006568222
0.01759137248838136
0.014850358966131457
0.015092198633991184
0.01361664660675262
0.013391561650403106
0.012029506674997015
0.011103924060643925
0.01135000421832293
0.011060245990135054
-0.002316514680550559
0.009752069081121653
0.009243293356256427
0.009161680940314665
0.010375291658138924
0.009556362592694507
0.009303911786512527
0.009993366374704847
0.010184988710802576
0.010179833261290721
0.012258458173025887
0.0025867409503167044
0.009717498878956404
0.011145267400820119
0.013189461230523884
0.012977828897428177
0.013855459977553948
0.013261055976731509
0.013633523329094933
0.014569381438161201
0.0005894415221634128
0.011801751495567205
0.010633867311185752
0.01154553976668837
-0.01740290346909122
0.008051919881115088
0.007517115840151967
0.008842011141429018
0.009470507527524135
0.007838143924214187
0.00783138218213247
0.00790572030971112
0.008732735606257137
0.00931247613691899
0.0105305529217408
0.009946804561144709
0.010377967666504727
0.01095932219748938
0.011347994201427531
0.01161228501133422
0.011338972467670884
0.01173023761914604
0.013472338461494876
0.014739235686510749
0.015184530980916183
0.01486585377398306
0.015366830654883989
0.015801694592909706
0.017157895597312327
0.014606004114178978
0.013533158151136045
0.012877012132349992
0.010838665450731762
0.013043128262717772
0.012370635213888606
0.009786816073267778
0.011467175198229887
0.008804376410677342
0.009029209262921403
0.009996084539271075
0.009320508013623621
0.009979631775418628
0.010196596103475626
0.011082242804503838
0.011373839038353376
0.010441355771970093
0.010516402213919
0.011084351893612617
0.002067963424492905
0.010134753817996365
0.01108385981844586
0.01285612270418725
0.015662974425750525
0.014278992419910935
0.01633219947732509
0.012725445419135981
0.012459745527586993
0.015586752625860643
-0.0028830826879576443
-0.00422019897102683
0.011525124148857292
0.012276666475148273
0.011993453595212943
0.012119088407294039
0.00926854620143567
0.009642042499127389
0.009087460748005462
0.009386100015708138
0.009835191832615775
0.008804454021077018
0.00991795164292271
0.01017602412555002
0.009961564779826914
0.010860716378537801
0.010804864559410106
0.010899121463928877
0.011994125045665237
0.013796992828673015
0.0010130052936421219
0.012312221799297364
0.01384454836375133
0.013512452983552001
0.013408333818328826
0.016322096744202805
0.011493417904790283
0.015821229730943055
0.017047221047463066
0.0210848898773353
0.013880190021807518
0.013481811854017901
0.014137523033350391
0.012992494020813115
-0.007939825686634497
0.011717626998387444
0.010946824397430235
0.011444855758221885
0.011692486799685438
0.011122478546136981
0.011074391266140064
0.011214399604970449
0.011669187773421075
0.011356015463924358
0.011541225363554366
0.011884597475517837
0.012506474705199213
0.01279659976753688
0.01350354652478101
0.014007655724375952
0.013317165980151837
0.014706052579788331
0.016653644079866477
0.016438739303703924
0.016506902084221713
0.01400034135150852
0.013293271746302973
0.015163876213112604
0.013655752206194631
0.012692204081468178
0.014134469633845854
-0.005269740557395396
0.011816090937401554
0.012126786093917735
0.01215787489054708
0.010725036882558693
0.0027539501572615144
0.00117503063728059
0.002403572845225549
0.01022568709359259
0.009923709142887586
0.01154444363410417
0.012161557079857221
0.011968512859017288
0.011151388785116227
0.008010943556022911
0.01252081484945868
0.014274865345031543
0.003477160151645845
0.013815854244772
0.01853170872174452
0.017144413145672326
0.017423501603499293
0.011449038214238295
0.018469181687250733
0.017941689586531428
0.01666872763801115
0.017959994647493493
0.01680598763414158
0.016481030082554665
0.01694349771788914
0.014045888433293865
0.01314998326495289
0.004182451794407342
0.01339568116682692
0.01302433518933354
0.013367021019164954
0.013040467849415989
0.01278172945247244
0.013009479540783846
0.010713536401716912
0.01299110993765994
0.009281003792275363
0.013407135292133679
0.008769502920257657
0.014246747550592194
0.015036917617063302
0.004339885350751249
0.014938162258495747
0.01696361798764195
0.016360115792713126
0.017971154804716685
0.016705373791205357
0.018809347219176917
0.01956047691972851
0.014199611706029392
0.016186198229711374
0.015927361713025202
0.015597376155996483
0.01461607038753416
0.010423764197137614
0.014171805121255841
0.017551175239489576
0.011239386285213489
0.013561942172388014
0.013904884699503545
0.011971799680373825
0.011799895512148287
0.013136017659389175
0.011596564326424842
0.012220941882626991
0.013203743073826588
0.012782951217014862
0.0060233148210639895
0.014195166604715911
0.015355425975294264
0.017133483826567503
0.0170515730684282
0.016134398270519365
0.017279919897525527
0.01842915539095952
0.01781051235703425
0.018797202127761176
0.01906345726558972
0.019268234903922567
0.01770577087133208
0.018136031662825063
0.017781210884654917
0.016305049791398213
0.016551052960396058
0.01714762554837331
0.012223025248605295
0.014484896761260628
-0.0030390130343454363
0.014072491015082358
0.015664461586561047
0.01262097016440459
0.014058981986209938
0.015337963362543436
0.014919622527986724
0.015830983547184346
0.015522118155235284
0.015470910727324497
0.014588570177883783
0.01603965789277476
0.010128598314610566
0.017420363049773558
0.019103644942452976
0.019022938775760646
0.01953393342627823
0.019643370806668097
0.020150178831712235
0.02138273525801906
0.018496751970852245
0.018566764290506035
0.018874589414393822
0.01739484159670994
0.014290335833484803
0.016669840354428096
0.020230117854086516
0.0177269499680165
-0.0027475464574886893
0.01208298874725773
0.015574098880322573
0.014239668863045743
0.012565521430664306
0.013383448835793225
0.01607812552179779
0.01627953855088527
0.013685855293309263
0.016710819092266363
0.015994446128553913
0.016839696703699013
0.017440784112108063
0.016213802916266944
0.019516915192431625
0.01990946703073995
0.020091632025834444
0.0215390866800731
0.022228325380202203
0.022018329349314036
0.02171430103991695
0.024965532691980537
0.022567656641834258
0.021157132694139456
0.022303591724589296
0.018454417943192178
0.02370093625827495
0.02123739398533995
0.021548656225030063
0.019783488202100658
0.02156080799652442
0.018776478230383115
0.018454316891887423
0.01926127557605556
0.020304514361628653
0.02273739538014448
0.01923821113611017
0.017784613707488593
0.01911440086745394
0.02033920845083243
0.020269110345746397
0.02163763230756604
0.02019014658906876
0.02002292619785262
0.020684807969501864
0.010434839683873737
0.0218697050444085
0.022334512878622495
0.023574002488555713
0.02433036074134528
0.025322788603646916
0.021822809572948833
0.026159165858100394
0.022752998186979047
0.02175354667824226
0.012802515338751444
0.02294719946349197
0.020377134118957405
0.02206355991507611
0.020831612625166654
0.022911019415738504
0.019728583863095353
0.020766740077131515
0.02200840196451452
0.021046025256074852
0.005856447664128184
0.017690312945021977
0.021264433459277796
0.019628237225291625
0.01906197932251235
0.02143774242228543
0.02069806164251098
0.008649153828456185
0.008632662026233848
0.02258232106224656
0.02381271820190425
0.019357232824191856
0.025606553945539293
0.027755606879689244
0.028134986596783988
0.028789732200212616
0.028874327396183404
0.031123926199472005
0.030193700651064033
0.033529936449432654
0.029260906923463656
0.028356905801963345
0.027384215994488495
0.025055205498294777
0.029473242881038364
0.027542428672311686
0.028044313873523186
0.030643155390059865
0.021582864607095006
0.028302053721347517
0.02689977104566625
0.024072254184473924
0.013255910140101967
0.02645813559889769
0.025973208109302218
0.027076269243235696
0.026850512974049688
0.025380759594738025
0.026954888469515083
0.02942068222058143
0.029604520222625733
0.033224677067337054
0.032178508504806635
-0.00804752444860432
0.03389056830292782
0.00703142197260595
0.033475472124821805
0.02655167210072748
0.0390491726858857
0.03513959549344994
0.032923083795043204
0.03410370160831429
0.02548790215498145
0.03548408767908652
0.02772464156008289
0.03540081978645854
0.033537178956510955
0.03145207403709244
0.03130799126682715
0.01954197129214752
0.03431934208917081
0.03465447484367974
0.03180464667437853
0.0299190358436891
0.03333097250804605
0.029929637071363605
0.026331560203331564
0.03267669069709498
0.0315335617946935
0.03379928018743624
0.03349039791879924
0.03607880186438988
0.03236553690384083
0.004994609098650918
0.03517192521525822
0.04143706999050029
0.04074306039874549
-0.021804077012442136
0.04148631018176599
0.04118077931273566
0.04678895452325213
0.04589140428632288
0.0490582524408337
0.03329018771640488
0.041835196775206335
0.04341594994683198
0.04831124166946016
0.04199206023440394
0.04498064573467406
0.042710831333084454
0.04699442109475507
0.05047375243958152
0.04112518593902101
0.04815478266347133
0.04384010678971215
0.05063200608298851
0.04207034960411672
0.04379148623988055
0.04589512854349737
0.04451648174279823
0.047981864389603376
0.048914978476485925
0.04730295397342623
0.05138182965452444
0.057603998685504
0.05822014197082026
0.05636446420332883
0.057108356103066735
0.0600723424768818
0.06800426012252891
0.05791027379621566
0.0662213988108778
0.06256368394880812
0.06082258948566571
0.031091605736594363
0.03124260605122986
0.06606596825059327
0.06573393734549618
0.07360669028932385
0.06489273420783648
0.062029898452250154
0.06924418521210551
0.07007082884054194
0.06516139223784334
0.06287281365956443
0.054064595595563064
0.058429479376151366
0.05915073161965691
0.054575212008598786
0.056279531743407205
0.060750980255697806
0.06016425577938467
-0.011229750809815892
0.06133813032156887
0.062418423454116995
0.06595326511756272
0.04643033189514023
0.06829849132922755
0.07276347197403948
0.07180705047743113
0.08315940271776912
0.08499019265597563
0.07472533175768781
0.09714782032223807
0.1108843102216831
0.11101564922081109
0.11460804596993523
0.1158352950381265
0.11700118512676483
0.1067352613215089
0.07465242508071701
0.08638441012575637
0.09966063449609508
0.059056721175252624
0.09326808247126506
0.10830843813372548
0.0965566930641596
0.09797282873253688
0.09616042284052229
0.09772277887554615
0.09449641300409506
0.08615949705007286
0.0880716656867494
-0.003467784928640194
0.0874642278377662
0.1008617777100902
0.12850059781434775
0.18491625389439947
0.18021889528063584
0.22859898256858924
0.21812091215906104
0.3100930391750327
0.2861652601579796
0.281518929967842
0.4596221130574596
0.4564044807534091
0.3989219526600212
0.6922963924422918
0.29204081459140374
0.5588636364195745
1.293388987136122
0.9704301558896673
1.0944077696284764
1.1633328757703265
1.5022728291582697
0.670669456280292
1.0365934606828664
1.1763955826918964
1.53367987788166
1.4006049203215079
1.701956220827976
1.5903388875519902
1.8654334573466604
1.8869893291403645
1.7040976109801762
1.331141080680844
1.6245163849523205
2.0114896076191684
1.9477755501863658
1.724113769783239
1.5879627165026502
2.028573090100437
1.924052139727709
2.837593538373714
2.092567590716845
2.3461439305278082
2.6548307956532513
2.453527923178493
2.03486008220624
3.2083969547300173
2.6839557114099613
3.4515353646375306
3.342216230359371
3.657143356205496
3.9196423489232313
4.544713943310393
4.88474309369361
4.36033886810825
5.052789227526936
5.215665096299847
5.515244990133321
5.796397432926143
6.1647076674364545
6.36234543842801
6.638779376602484
6.7694693769966845
6.520942859034579
7.166333232859793
7.384067292314215
7.516784353199195
7.643742997779801
7.740808945980792
7.502363484690541
7.930818951187778
7.40043638907544
7.831286478319957
8.159377761235426
8.387316976553068
8.08686894747628
8.221594202871106
8.56496908414416
8.694301983954226
9.001369775401997
8.773761521055121
8.87442224632911
9.544939727323996
8.253803217219904
8.530559988041093
8.202740756842255
8.50924837231929
9.609553174619112
9.728838896001653
8.851931003131401
10.765393113585038
9.22238483007619
9.19700985601069
8.973970019467371
9.26166836037737
9.96245008504779
10.350722514988343
10.13955731758822
10.653030447425014
10.032454308460295
9.988569135779425
10.636903805873747
10.202073689584214
11.631425694531671
11.595581414301488
11.319400550058209
11.064831568350998
12.53324725673388
12.97441384861547
13.306901039699355
13.586560561992203
12.84235931076264
12.641350782607125
13.529193058719262
13.219505943419232
14.6222143974936
14.15146914507575
14.288001628104753
15.258660817015855
15.280199866982702
15.218933936362264
16.902686889999714
15.373202146960955
16.463843848558742
15.710906422874926
15.602002679712182
15.176653925937508
15.756449777745754
14.957984109715808
14.748706869549167
15.2379921463952
15.007380721521784
14.857797486516871
14.536443320730939
14.676126793203572
13.105466986541053
13.665675897628182
12.823426726276836
13.745309545127254
14.383257422361146
12.22787393113275
13.954169740375782
13.93011801342678
13.072215491880312
12.954365015759892
12.260728011959245
13.57981511475355
13.625784781771976
14.33956805411316
14.428869054025567
15.638806500462652
14.785085939191712
15.20845940563533
15.135770399301121
15.106270389147852
15.158174047897829
16.876668494221434
17.116958218930698
18.146271973314093
16.180421958083635
16.450408597436535
18.63273450575859
19.09955950951969
20.013705615325286
22.096326464599386
17.828439170651393
17.760830772716496
22.38954132927983
18.932375477843433
19.038059372323797
20.899674358142263
19.543099253118502
19.62022750786631
19.49203603299018
19.362408027833496
18.554358555918938
21.375435513814466
17.877664411543545
18.389760321516135
20.97988318654523
17.828785057099953
18.75649605030877
19.7081774743654
17.740619635471752
15.093530495388617
16.09376176121651
16.7412409370101
17.17433088596913
18.14740071290074
17.295895621982744
16.20348973148295
13.21191457986297
17.28313614170013
17.429664360933916
19.594921316891053
17.407040442099646
18.172106999266582
18.11295452321442
19.946053639442837
22.374615944102686
18.022717163428826
21.83274655884743
18.10396713783534
19.98084311610064
19.66148525979602
20.38503702137917
22.713681013186463
19.342738852409497
20.616687668462447
21.646457511134724
21.655030128456048
25.25977241737733
23.394943539751328
22.801008558160667
22.799082706860663
22.227340481876436
21.501750219403927
20.686548402699938
23.134778510963145
22.49956595322206
21.069005355410653
22.030318988807593
21.858347853940693
21.954786620058556
21.01724686055245
21.50053457955859
21.417930358942918
22.19240536863133
20.773755829468588
21.823289620110454
20.108371852650098
20.87277562499044
18.005408192879475
17.45072163945469
19.793176268946567
18.850590912120342
18.95912519753246
17.877121749263992
17.402201016410995
17.185074749270804
18.76770300643323
19.288269724049375
18.261311554975297
16.299073264095043
19.205065787217816
18.05487334476256
17.428449945713282
18.507579554754553
18.20872629066459
19.680215955133058
16.709855688418248
17.721213362178833
17.206061433170216
17.815639319494174
15.268804017838765
17.332954700356687
15.819086246882954
16.7575519917653
15.981244516577664
16.091159181541947
14.756411120255038
15.50800408937381
15.427247961632293
17.690029177370224
16.37787064274062
14.26876521877449
15.028368688301374
14.26005259666971
14.600237701768641
15.049371103618181
17.534408353005443
16.34519424010817
12.404830686011792
13.466861178343468
14.089403154335079
13.937968197685818
14.663773018251446
13.309381375097923
13.987901374795987
13.367805294769175
12.999346942847819
12.665304946485666
13.190785317089903
11.750412200444625
12.67403463325352
11.138435216003664
12.188101541190122
11.942402304715372
10.867018093069719
9.180759028787168
9.919734195583441
9.80643964647825
11.440418565760458
10.49716613464939
10.21826442935526
8.862357711422622
8.98237768480743
9.933777717755532
9.469470386360596
8.272225459914278
9.405148942920823
8.6527587201814
8.939611230584362
6.901487372908294
6.553784688818709
7.422507632496636
8.364862986623983
8.025511902192152
6.466484750689469
6.871671877989913
7.377651944222309
9.227436951388219
7.362383644885682
8.379352975948951
6.07013841087357
6.070932253472256
5.211820154651237
7.400243409711679
5.795239251590797
6.8139732726575915
5.2913705029315405
9.02167085238454
7.066047903277051
5.174529715619629
5.859649619209359
8.595681284981229
7.256082708490575
5.5458304734618995
7.5136072130364475
8.61054521719386
6.045756229510189
6.779293417056929
5.687219720638455
6.942615482853384
6.120964433123588
6.780050700581112
4.631182434941908
6.116346985465909
5.678802073235725
5.298863530117891
5.1850813739250325
3.8132310078238376
5.040160030673031
5.697625792835698
4.799006477056853
4.320224507111913
5.614339334947758
4.489939426336088
3.8665166887824594
6.9765919757057935
5.860390994480732
2.9463056788948148
4.655395033229454
4.74717940449827
5.459413933337104
4.0278318163457785
3.653319651196833
3.9484317886015674
3.7204752149266307
2.9709845355244315
4.214387571887229
3.288576496246608
5.091651568117799
4.286937457318402
3.6908635411391586
2.9559638997058126
3.140263456109891
3.8124618574425098
3.2311867982935043
1.6549563342484372
1.781963050455813
2.137790135875738
1.3963071658115815
1.4667590629164442
3.6402183375101913
2.8346240516519563
4.403182244021374
2.4053254197647025
3.311460904252444
3.773090389940071
2.3440176285035372
5.279517887407573
2.3513757263705886
0.9168566801249884
1.4638549826603944
1.0440309162865153
1.8672300848138512
2.436819769413062
0.4152085901030311
2.554171667130878
4.275290939356883
3.119598334150524
3.45002795826455
2.1740311992467216
1.516633856722489
3.2415944542972666
4.834035821465314
1.5851198656268881
3.5126759790603765
4.3870687078414985
2.1354027586306854
3.0845381268943264
2.6183015214423175
3.659122357713099
4.302288357953224
2.6645063312477593
3.924644598135961
2.3676575590065037
4.2448720140071785
3.424211065414143
2.285877690340622
2.989858465460732
3.1475660308951223
2.641961718235736
3.822707387181974
2.6364439269404167
2.2560792310488145
2.4616949065820695
1.360019393518784
2.7377775350874103
2.6778346954301844
2.225820540055383
2.7775872714775662
1.8070143479351417
3.4560856053130253
3.00076993127844
2.3189174546141427
3.3770096127380205
3.5589050978007926
2.9248244297082753
3.374733809042236
2.937695727889877
3.308707782293949
3.3539719474382563
4.413623056122766
3.642027025088403
3.653222099559983
3.2230473617796216
4.0262850452148315
3.7099447177294875
3.7213793400598334
3.2137891749113043
3.3376558727844614
3.825060388493557
3.350984967348122
3.4909524168247943
4.699353577718852
4.17062671648913
5.577410169276108
3.4611285972083943
3.0656235098618287
4.078833103601164
3.8838532220691997
3.67478476013044
3.7415540747812974
3.3013520829465115
4.096970253439508
3.677058392955221
5.537077643790289
4.696478937549118
3.5889499702071506
4.581788442508528
4.338378654255069
3.6960721871210236
4.317515996268264
4.4981813942652025
4.4927445811801565
4.559114204208647
5.448952239119223
3.946544052739763
3.9027002241360007
5.038679043300852
4.4162975847838615
4.392712723059491
5.840795913943479
4.491565830397025
4.896345265838077
4.532580500023502
4.859402342971799
4.516749812861338
3.6147088441465716
4.42068653214671
4.685921870682765
4.379857604592311
4.311691485349893
4.577998065932833
4.307214912270458
4.664496056702341
4.825933588903669
4.553885737018888
5.307157254094327
5.086048107259481
4.957400206936594
4.898169114722716
4.743043486772125
6.320787355964256
5.49407328387886
5.842029817042722
6.554342543491463
7.70397941404506
4.302072119946805
5.563304644529813
6.206428605329986
5.252007865382717
6.503956806182861
6.3875743456088845
7.1943763967116965
6.501728828587948
6.345492882662869
6.840719347192252
8.270358334650245
7.28432496868262
9.029387059834097
6.6617448502947365
8.47168363341203
8.458309751956238
8.335658209822347
7.71880377006355
7.943036938215874
6.927631150408821
7.713570381751525
9.089516230156677
8.65420883168228
7.907268686337261
8.002064965346742
6.328448424661845
7.858407108238408
7.935143839103146
9.234485040619942
8.50632340831935
8.361074853382753
7.664004620944384
11.014452118441943
9.22458587534421
9.264480715499182
11.024434213877967
8.041313899465008
8.818004649739928
10.282193888283205
10.945854089555278
11.134420936969994
7.993193758674128
11.521440563553675
12.305969306363346
12.827210249024196
13.576475439773382
12.127007294156586
11.47433110610891
12.869017168607737
12.237614899477242
12.446619793575515
12.656926009996708
12.604898697906322
13.757357544211573
12.050105112243878
12.13974453748232
12.429443768972483
12.83099933535258
12.61900283540638
13.647123905770062
12.322983268593068
11.990626732126753
14.042146080240052
14.179623728354496
12.462910692997932
13.106404223222421
12.598219277322366
12.971889100352305
12.067873698726933
12.610039424310564
13.941481276033619
13.240009582327142
13.790221535987035
12.503938787826009
15.466863764946536
14.9103049794097
14.097524486643298
12.84193482267115
13.001244067266253
14.471248128234627
14.861512250975714
15.29973441775353
15.065173606483977
15.376218672144091
13.887590624919746
15.942678602354402
14.931571363028986
16.01566119374463
16.59995576846976
15.486081607035633
16.362933934068025
15.672587110499958
15.812781393880421
17.07708652772439
17.377370709239145
16.34928510368173
15.846316498002317
16.84763102042237
16.35923718665285
15.605118321161605
14.78203574877303
14.683279677210383
16.863188604985506
15.477491987840189
17.534748368060566
15.145521409276054
13.037150340802025
13.90110803610612
16.41765463101961
13.184012186456805
16.776072565007794
14.83727215983536
13.635773637512127
13.900079010266964
14.421315080553097
15.325199034646248
11.133029323984495
15.247041589742194
14.853561539421538
14.610972881896199
12.135330166989583
14.53899470373105
13.271748928011
14.101889250168687
15.626388135380795
14.198902309156699
15.043930032076897
14.500261131679263
15.107140728924398
14.04444400986388
14.935109246146599
15.290297049260895
14.83600658765917
13.979336009298171
12.743899244156564
13.905592489542546
12.610219186279904
11.482401224236826
13.809427660426945
14.292765617711675
12.878430269254501
15.082577818342212
12.543169005667602
12.11380586005094
12.579190961332563
12.629717345503103
12.284371427540515
12.418081632242806
12.148272917873008
12.285134645137228
12.312977407842483
12.806679828948711
12.134080453166304
11.10874589788706
12.462379186267732
11.675097747765422
11.876696660280496
10.865427604102106
11.729115580741256
11.30524173606904
10.022924239906246
11.388282898963611
12.084889708405473
10.613847440961864
10.947019019176093
11.663045348790398
9.729826842452347
10.403577605589732
12.12295946788046
9.005190613082933
9.29127282741262
8.426521147040738
11.149669700912705
9.7176021011645
11.4227133861311
11.178862062681594
10.337790747256177
9.597932031275432
9.528795145116947
9.602088788124899
9.446866281505548
10.667864989955783
10.99166480012014
9.527280594109476
9.920889494911485
8.437443764892517
9.26956901887368
9.49670344361807
8.658891652161634
8.958133927083685
9.887191956546031
10.808539020149146
10.028345221394803
10.276056593790564
10.556709456838101
9.68465141581705
9.280959069278932
9.388835389023455
9.77237248311572
9.246511582466235
9.625368850949503
9.03741461557231
9.307858527211645
10.229402529813528
10.275403465664313
9.9125773983823
8.71006499787996
10.27024189584363
10.500286425579027
11.012917126623549
10.60118396713278
10.378150174816623
9.217258626405302
9.166969212585215
10.84805780498439
9.767395974729009
10.755450031702628
9.229239496427287
9.87385176112702
10.105864330353956
9.729448851743117
9.915206510858821
10.342908374367298
10.954644901176675
9.426268215520034
11.153038846791324
11.179392232963957
10.968081018210876
12.159715977673521
11.837710081852661
11.443374238391035
13.12287789374849
12.820504154053367
13.516558785802777
12.269369557961724
13.620165037606279
12.70312856023923
13.410442180366799
13.338858086206411
13.335691800779205
14.595100212090083
13.725312522991127
14.037603087394913
13.45757603147521
13.985840050946102
12.554940030421527
16.135586112081576
13.859495776346515
13.846114117532634
14.70882047821247
15.677425945840959
12.60792812178117
12.170610346133689
11.670628560133093
12.50194029950623
15.053834908944806
12.292882659507374
12.431814489884239
13.619112776434175
12.46515165260729
13.82612587884838
13.912263361714075
14.577257338110703
11.73715992325133
13.781548380108688
12.880024603761523
12.769008557969169
15.472235029571037
14.944902252241471
16.116430617051122
14.728496906922194
15.906901503394845
15.778643675608928
16.63050104642831
15.634398903957168
15.385625541513178
14.917749116702522
12.287209023126639
14.268603651884877
17.12650165127168
11.562534559633296
14.24619616591236
14.21900282419098
13.77187335213409
14.31854109852664
9.946097097946815
12.761058935790025
13.455969061734056
15.206247903962801
13.496182667551892
11.999830455437753
13.354654989519432
11.666626523022398
14.90609636041183
13.931320311538112
11.610647571202257
13.560235056146556
10.658445727431282
11.823768001642314
10.636549641705514
13.782385683127934
12.846052273895694
12.326235209169987
11.933477135961802
11.552918910161445
13.141386025540552
13.106791653810923
13.240180626065223
13.922184062128531
14.161102652890712
14.407358748905557
13.891744318535713
12.978918985101854
14.462211030973199
12.710840284285021
12.255435111494325
11.781425937146011
13.117734949826058
11.901990428572626
11.487240576406267
13.594858462974596
11.09677599469178
11.049240461265004
10.956986941594378
11.550649964598552
11.156887888691315
11.553043728038878
9.805317549158763
10.715250859696416
10.909775775558767
9.991314555357562
12.342759474460998
12.009511397793128
10.188262151630022
9.00533827680689
9.467213249925228
10.787653389747009
10.039107375040992
9.445942247718495
11.27807704757857
9.674356584570075
8.639455292875983
10.18857352457119
8.267046998654784
7.056519922190912
8.809226068161264
8.02921923672119
8.57905884707451
8.022618290588655
8.733597951757375
10.087350743014813
9.54914843591746
9.316269964224789
8.74995195357307
9.096388308927603
7.85757765862283
8.27315388250248
7.585995497572142
11.388678390649398
5.809215757626275
9.875594510903033
7.75656194039038
6.83512972053683
8.186491395685774
7.036021780247983
7.465944721418618
8.71448500124144
7.756715654675052
9.516627278081824
7.074959661194958
8.624157344543878
6.315520070213987
8.599593022212684
9.383614524975464
6.253816832578446
7.821217235123868
6.311901223289727
9.23868547576476
8.1414812917664
9.168782229077562
9.911641286387349
9.867177216809857
10.187262481222346
12.383464006115918
8.621342967215226
9.717066637852252
12.326971579844521
10.191603276208474
8.62617229296792
8.072444858262433
9.400164685772125
9.582570507706771
9.518449664214325
9.488046354921485
9.377557351516332
10.167113444278455
10.309079215653396
10.214964764938701
8.185373887157507
8.670489373821518
8.643717893033646
9.250689233082477
8.877650241060937
11.997660852736743
8.27937794059029
9.907709773445868
8.85326395855718
9.845884552077575
8.417644268118082
8.715757999588229
9.762600384067639
8.939002723802885
9.183874493776408
8.157189225128798
10.025731194354503
8.969631917588744
10.069535659012539
9.143951267084429
9.810061318676084
7.984756631094417
6.826338390052177
8.86777759141509
8.137438607060973
8.21955212610842
8.527465441916664
9.87265898464132
8.992690893003942
9.378082783199039
8.502458213750577
9.63194129972631
9.641208580974066
8.693914663989771
9.194650004331452
8.434896479598997
8.180594271367216
9.556404333796815
7.96115044067793
8.427854576291056
9.70379188810665
10.223993157926971
7.774686285768944
10.276256791133322
6.626890203955092
7.871313969470529
8.10272782694115
8.486203233915786
8.970447848378212
7.3791560191835845
8.474560233275408
6.620331748369475
8.335637792954442
8.124609303135323
9.374657570546397
8.598568296271534
9.107906042973909
9.604184949671968
8.963990940393579
10.013595940345962
10.079617383775808
11.430021408769298
9.05613251784097
9.37110704773192
9.400601094438489
11.383064931010784
10.33894154733447
9.787823142521818
9.211423652217661
11.280115009944302
11.805427404806343
10.688348216659051
12.434960101240936
10.397950733357607
11.015372517674985
8.915631457000233
10.485316636135545
11.640559779070946
10.500517117969347
11.606706599541756
12.85999415084632
12.05617901543852
10.240718482584386
11.941488766613432
13.262957779879281
8.430141139788157
10.101021055850344
9.133285759128864
11.558920013592248
12.924135552271766
10.941420498065153
9.392139500541564
9.1314927448539
11.382277076779772
10.655114566690347
9.802343083322453
10.290971953544926
9.873840245328628
8.57726179066973
8.93120524675877
8.283881041732508
9.21478675795525
9.649542962681931
11.19954869556099
7.588177358945035
9.397150063640009
9.38825889046103
11.454321148614596
11.858699056114016
8.25893795866083
9.019649792069151
9.42294396022365
10.063284033251556
10.806764064425407
11.135560316508325
10.269633462094097
11.006696076032098
10.480089836844089
9.91685752336044
11.22979422057826
10.376268419871167
9.201222824199444
10.621893919072766
12.440937899914218
10.956456102646094
11.959312875694298
11.525616470197296
11.395042566505445
13.786426169413382
13.224971640443536
11.571170406940203
12.019727741961685
11.911562061087464
11.656533169787622
12.309065192721773
12.155168175105938
11.638117119190234
12.128473401534773
12.578903727193772
13.135647562532327
12.564066542415901
13.562211686889109
12.70124776625416
13.049964130624002
13.465759910918429
13.095782301375984
12.81545779766434
12.99022092819349
11.774468147381388
13.467884828563573
14.401410875697376
13.833464206511696
15.262979765200626
15.479087531456331
14.623623645307344
15.397472838079228
17.410130176314677
17.83296510595573
15.562763751638517
16.316676898687955
15.383965760788051
16.28319439101433
17.305179456374702
15.195181241630781
17.553742645606242
16.729333277400745
19.749169015583504
17.07130857933313
16.423269563288546
19.181533799213035
17.031910207043932
17.017083720128927
17.421825743144844
17.543674998029964
17.19014023066964
18.087866129193266
15.19725841973817
15.500651939560662
15.95227375540184
14.607862476957411
19.068738019969082
15.888628067267742
18.862069653802447
17.42426861720011
15.148483582935931
15.636927325009488
16.015702565315703
16.372472691062697
16.205997995015377
18.547627293109496
15.70493818350673
17.539506001972093
16.12483703695964
15.0132344109131
16.925873101505765
16.30937553928862
16.940406606560906
17.225597447108644
17.048686296404547
16.061648149454196
17.853025276874668
17.334189726027386
15.698540024282885
15.748259767289007
15.887734604860253
16.50018287730145
17.372838900384846
15.827380976205099
17.76495920413217
15.35702651503956
18.304152596915895
18.067991580775814
18.799477373456035
17.234609908763005
16.15756948503345
17.46083123041164
17.735031340022275
15.134482938967235
17.18552650831247
16.63327297416749
17.544626717357918
17.441457856689013
15.08597235277626
18.387995142661346
16.348457883191738
15.3163187962625
16.310425595827482
15.876122601496972
17.04424209525172
15.177188731603394
16.592142568207954
14.97238936726606
17.260461837398168
17.42731103941992
14.264226617492199
15.904512830736277
14.363666774958723
15.82425023173551
14.555287003229429
13.84507831006701
15.552102783489325
15.595897575771868
12.874801263165299
13.502966574414419
14.137528072796064
13.223014544013147
16.96608540029333
14.474121139452313
15.164434297134123
14.201285178625026
11.581612832971391
15.090159709066903
13.225659427165443
12.969762370130876
15.04115103034792
15.909059274963232
12.536420968740092
14.572883465950783
12.043618215805937
13.13337001413712
14.285482123040481
14.643724468142052
12.101475376099236
13.660304672801942
11.474103103044508
11.997153311842789
11.19251164253463
11.903463289397394
13.178305732779569
12.934032925846612
12.190605733714497
12.352854816542452
13.335820794285864
11.838173288647145
11.980709067980458
10.376203866422191
11.940542651700056
10.168666141477551
11.364788203726071
12.285205975835066
11.650981985611212
10.397432555405485
10.614408851485022
9.880340452206289
10.282621847246896
11.799067249132039
9.982292392676444
10.512382914172044
10.412357998712398
9.755606083960215
9.900951022886538
9.057368069327282
9.390683229183972
9.323434760367187
9.078571594291903
8.90285996412218
8.202611041981507
9.894113023560637
8.430582321813924
8.596760824450993
8.700865596233427
8.125259919380984
8.765477391953093
8.54284092421784
8.116165045605227
6.613996425912056
8.19970541795549
6.900655349498395
6.350096589531162
7.266964629303764
7.275088437244447
7.090931744799812
6.932624233607642
7.486356134713072
6.2879640167048
6.978459488790447
6.32228949180649
6.098132150602336
7.216954914547806
6.496288888369923
6.110359590025842
5.498070800522399
6.11844525920295
6.115457892960087
5.136636896563003
4.831413370589299
4.967484880564635
4.753697656882867
5.671608077672168
5.474966227451759
5.445550626617048
4.5394788236099135
4.696640945086241
4.199252856517649
4.393120471362346
3.9209766875431162
4.0151005749860635
3.6134322230509586
3.6210172858855554
3.108229950946021
3.4710380327247723
3.4164757189312516
2.2731667342891857
3.613764099762239
3.425422052958216
4.28621986498605
2.9144816544675383
2.9962694003592087
3.031637037510693
2.5000831665446386
3.035129312566964
2.877847507500002
3.1622891068365764
3.016446834050436
3.0190360077810565
2.4652913259308145
2.9255410614054744
3.0289312319845134
3.6692444724633297
2.889088971748813
2.7514874871218753
2.7762678695719067
2.8907875371448295
2.978376517558001
3.252838863256053
3.3897276623347175
2.7545463334471574
2.887235629564471
2.0382826112563395
3.5845956821668654
3.586557510585778
2.9131005525218567
3.337613570884117
3.633698815848134
2.9430325877350985
3.855651127770933
3.7481346877943054
3.4742563407749554
4.412978357520121
4.065538736537887
3.2111892001545614
3.7162289444854633
3.54511055544746
2.601621042428997
3.1592304398320517
3.122838911464642
2.7064004889160804
3.5178121866011507
3.435571850255133
2.0750652661468436
2.7715294538800173
2.149426016944468
3.1275717782132393
2.8446998630078735
3.1953942753024185
2.569074584755297
2.5756270871053615
2.6435830821149247
2.6546848852741305
2.4423926929345146
2.6712236480131866
2.8869361591478215
2.157574829973476
2.3324996033299596
2.82930144519589
2.2002893389203004
2.4384693261230113
2.440662909743998
2.6791218447289316
2.2903004712959434
2.4167151542814094
2.3102390399234505
2.3679638767300757
2.432623836099555
2.6926451068091692
1.9599009471097184
1.9650934521245271
2.4706139565875054
1.9603777752978737
2.5642068731651015
2.679341967658881
2.1678553331169024
1.9503856333201393
2.022407527461068
2.2569278215063644
2.1110677799677955
2.2670188828615645
2.6119820931706497
2.2793467313333067
1.9064638566786054
2.7455093396894656
2.4793097829930066
1.743099625228381
2.2886812639613714
2.3721501838605317
2.4707066976013166
2.664537287522851
2.564286621375211
2.469714798290175
2.6283452417760977
2.683580769270201
3.0406343635854203
2.8328344465252755
2.9561660333203426
3.399410286804069
3.2820174549666
3.2495472225222497
3.301286680340738
3.774387653310165
3.416058626850283
3.395269401976326
3.5834061771138077
4.625333353409048
3.588515752331421
4.047590246401424
4.167096199547044
4.143468332870184
4.393848640861172
5.0700937460697615
4.696395273409375
4.441962437213789
4.73048331801997
5.09550204491782
4.976828303342334
5.97222607352624
5.56845415882789
5.987999082294708
5.973725868079878
6.2395887609055025
6.447197766451256
6.499914177457814
7.043015701671381
6.964991000603312
6.744367068758386
7.385263991340895
7.897402447220115
7.491881436083885
7.0721347007135025
7.41158676270552
7.841949980476226
8.022660149847802
7.837957030036216
7.823243015485105
8.659214848962561
8.608104007548205
8.79832862726952
8.981763495305106
8.849124862208296
9.320850400936273
9.248851540994867
9.350441312725192
9.092717032137207
9.081944792323274
8.573500359001038
9.4246372248416
9.606620212575688
9.489486457771719
9.568020744670887
9.164201350206724
10.377046020194463
10.318194019292083
9.95502119833133
9.730411721120312
9.761794949824735
9.57052077270169
10.103347091665727
9.593659813682123
10.103927183077744
9.307885668958376
9.765280073993571
9.677003309709084
9.266429499778685
9.11278665067103
9.640776907488235
9.341669123284417
9.477119701571585
9.63133742492052
9.469578075673235
9.173361584276773
10.027020584862845
10.932252394548794
9.839285269951729
9.434360135859244
10.905457688068482
9.866588144286782
9.975505928057824
9.644358701057929
10.085264737486048
9.866571803357328
9.278507288933358
9.42477646144566
9.545029376170184
9.10178060941957
9.500468956289083
9.457329839450992
9.927954733410019
9.954272492321117
9.148519573610091
9.252670790887287
8.277052283971559
8.376652391339704
8.378527285638512
8.496537169793523
7.5718672678668275
7.529954389172509
7.3386495817319295
6.707308612868291
6.955989275027772
6.588399668299166
5.924619052231437
5.846514191111431
5.919670622716859
5.2283990841020955
5.975273292803912
4.964540320816516
5.395152522957858
4.502416503565222
4.948326648912314
4.569465180212438
3.929208362005843
4.179747593701929
4.075434397627262
4.224409199276914
4.157948616492912
4.315689429971182
4.01916145593162
4.412917431475169
3.991163527176345
4.031475428540101
3.849783391771664
3.814624448080663
5.264220290797878
4.047352316525375
4.499902037893319
4.311863149366612
4.503337185207417
4.481026356261976
4.828639998068818
4.205858107182371
4.486752866858218
3.9563605203721908
4.487316271665989
3.860337036233292
3.667259280534962
3.5607184215610843
3.461842532019621
3.309446844802859
3.105740783619287
2.8843380313400724
2.719150605203634
2.449697931483203
2.2539706619012767
2.012027170048567
1.799669052184097
1.6101055983618897
1.3974181202807099
1.1959719685128305
1.0066011727888697
1.1781014346669334
0.7158827061890619
0.5942231757696013
0.46791588279263185
0.5471782780022234
0.3123979473359503
0.2569536374420309
0.23001437309109485
0.42243365591494264
0.14294279661169762
0.1099859563082961
0.14615198914557337
0.41737991624901805
0.16077841456977748
0.18960026603682179
0.21950758600535603
0.23233776776078197
0.28409782175667175
0.2831117581611803
0.2777834468846543
0.30820084821057225
0.23917470907503724
0.25600034557057016
0.24142143685206768
0.21596966284918667
0.19274329451222666
0.1666444283500873
0.14690956873604638
0.1163084375922584
0.09692677902735097
0.08587403510482572
0.09619250999226689
0.05160173744084706
0.04742752625709623
0.04673506150068374
0.05432432918651564
0.05532875318763758
0.06505901771760675
0.07747680797054268
0.08652401392669007
0.10196887934461185
0.1165532288162135
0.12407557567016592
0.1621543015486461
0.1568750995846354
0.16452438069005637
0.16558466882801745
0.25513967800932497
0.15948768942725666
0.14783698233788123
0.13608860533569878
0.1211654662443244
0.10204712724408274
0.10371756498949886
0.07163504551518834
0.04993615081920713
0.0345019699008873
0.020523168716113455
0.010451028741947171
0.0010474820520275097
0.0033621716248686817
-0.0018900268323462366
-0.00010420255915083443
0.00258458776383777
0.00545682653797408
0.015727272479073295
0.026862787774098312
0.037681015700095744
0.05097446672940048
0.0650337387157395
0.0794979740613792
0.08992235335872678
0.09247497551262046
0.09845090271547058
0.1223843249755869
0.09556755977045964
0.09172140958408781
0.08396213398003624
0.07491815697660986
0.06753908133491437
0.04152465841287192
0.03073869955177383
0.020798794095155754
0.0042844930396846725
-0.008956582501839172
-0.02270746641665894
-0.022928091434143177
-0.02823035656963202
-0.029595920594225666
-0.03248369185864067
-0.028929390560122697
-0.021055779706948663
0.011075101701478712
-0.0062031959408551385
0.00652454874763439
0.017853176595595238
0.027287109003980597
0.03918353664654692
0.05270048894171461
0.06173176244542533
0.07463267869679499
0.08263018985358844
0.09251671247531668
0.08555557669989503
0.08500056275965023
0.06883883588640048
0.07504599381456964
0.08401564079393806
0.059168318723164984
0.04924982609393859
0.03867491720121777
0.0265729732132248
0.015494723471634997
0.004565871895827064
-0.004021146170220105
-0.010146333298375956
-0.01789330717783276
-0.022724189361700495
-0.0285247155041482
-0.02978674007663741
-0.03245141840153859
-0.028045072385011943
0.011385030434752308
-0.019210281573633248
-0.011526741910213911
-0.008063817481366031
-0.0014893732511953306
-0.0011314531648496384
0.03724781813252423
0.005222630861644734
0.014285058277919677
0.0041971339557703435
-0.0007750435757918339
-0.004260688691272163
-0.002541897162499196
-0.011476195234807113
0.005360911869854851
-0.020714795392197297
-0.015405989592347027
-0.016052399344148746
-0.012355666842961258
-0.013993443611721487
-0.011121659056401445
-0.008741554718928901
-0.004172251370214652
-0.005896777547719417
-0.004442355839155282
0.0008834442526007569
0.006139828315177884
0.014702128735398237
0.0169011956790706
0.024484450092123647
0.04296899334327409
0.03847600751735271
0.03988697025964125
0.03574182675394273
0.04509512518184691
0.03822685634948608
0.040950165416769505
0.03907214156069623
0.03980682412926255
0.031694910529594444
0.029193658066552844
0.029106764323639442
0.028143927517807574
0.03792974721529757
0.02106540434332585
0.019647523711881026
0.025096993213040437
0.02443402922358113
0.03010606680171888
0.03590993448537075
0.042249299173877465
0.050143097677131265
0.05352274204663759
0.05432561961229029
0.06638970646682561
0.06721640584548826
0.06451992578493758
0.06523046601809465
0.06272913090175843
0.06927620214132621
0.051178411853054495
0.04920091270457175
0.05114619549241248
0.036556784431808764
0.030119367396285374
0.02193828742866248
0.01898494447629849
0.01462375727333036
0.01134595937342496
0.011992563843156667
0.012971074229982574
0.014540144207759911
0.0207167635563595
0.025704515249093937
0.02097252641892413
0.019873265156005814
0.04565056193442935
0.0562655489475141
0.06562866698704467
0.0737215976542259
0.08588243343564397
0.09305054446872134
0.10227427928217832
0.10756668781592449
0.11950780449340838
0.09108725910413396
0.12880344698464372
0.12100217417848894
0.1330321543074424
0.13446935542353247
0.13031829069987058
0.13409179298813437
0.13466892059823446
0.12364080348387844
0.12085604694766316
0.12294487379390245
0.11928105672688673
0.11613656190467771
0.1362487488738598
0.10798165377586046
0.10721556688888127
0.14676087553649367
0.10076745844571394
0.10230297308787387
0.15018993533183791
0.15109187192178095
0.09872574552870328
0.13996002237747385
0.1020449979849367
0.0844160665856422
0.13940011339990077
0.1344198807534458
0.1202488219109148
0.11836843267437347
0.11260544240277807
0.10706345914740577
0.106397874931131
0.08044056064170209
0.08304453306060557
0.07743244375061308
0.07218375478545103
0.07086211988786845
0.06464189424573642
0.06310236539134473
0.0642381499142686
0.0615696909272644
0.06337728017199933
0.06169879330856133
0.05807440747378026
0.06267805367259026
0.05549208615255947
0.05820902616219892
0.04098590747218135
0.05108042161397208
0.058687296841855335
0.0448348569681055
0.03276779510148212
0.02150460556965393
0.010589772094540997
0.000516385489189336
-0.005505513151883398
-0.010806792508889995
-0.019958279192914458
0.030498167661567488
-0.03276329307375461
-0.04398255400927223
-0.04666684360412017
-0.0455154093389499
0.02900893923678015
-0.04252484877698748
0.04690322820648506
-0.023124836175790406
0.032433497599565236
-0.00010955850767566111
0.009097211729321236
0.021140463672078294
0.039375568186946444
0.05706603912769892
0.06956804963783939
0.08015840256147405
0.09231657498535578
0.09429083825551945
0.09563422644440195
0.09711637438364126
0.08090673273550092
0.0670785819020022
0.05402782271115235
0.03519369715843097
0.013333832320559333
-0.005787874063768239
-0.028164910275117333
-0.051844090259235254
-0.07402239579221767
-0.09236828598566424
-0.10987972476327057
-0.12951111478073454
-0.14286078366229346
-0.1556465282278155
-0.15322664765029953
-0.15402181845484617
-0.1446857458599605
-0.14107087512090277
-0.1449695776065199
0.09185213668896483
0.11409888066332924
-0.10226720009671814
0.15658652642990648
0.19386698055796797
0.1955989325513224
0.19097159047508155
0.23633692537830858
0.24745519555752327
0.27504640291511157
0.2776032276798809
0.2537312652154506
0.3336452546612036
0.3496710757926206
0.34716612599945146
0.3634203615961138
0.34108571831710927
0.3642171181164738
0.396734876441016
0.42206425377153
0.4171096271877214
0.43704634997868963
0.40388021272945573
0.3973026799704704
0.4185402948083601
0.4816761901908832
0.4890047607176305
0.49848767651111686
0.5192973174272912
0.4969695729341604
0.5293431904129982
0.5289115784217883
0.5710533432633298
0.5226281198557747
0.5293735557741323
0.5156657630282474
0.5135089267591036
0.48322799022643426
0.5017054741951853
0.5061486128013479
0.5204445761064846
0.5399112614613728
0.5170301913016486
0.5305609275897949
0.6453262389986625
0.5155482958438063
0.5471629990226178
0.5454378426588282
0.5185018426451786
0.5198131951002981
0.5846865583674525
0.5435405935588352
0.575799982299297
0.5383615470323928
0.5801046489149683
0.5008969763355393
0.46583780596260843
0.506237352137227
0.47802208905766963
0.48732417437147985
0.4480421006715122
0.4190862524871461
0.4103798529160212
0.39637685693367225
0.3988399161770369
0.3832834009279579
0.37228039982781264
0.39396703529154686
0.4186056971533457
0.3890655649971392
0.514423283060469
0.3892181846549663
0.4046749986672109
0.42445970200825933
0.3921918045386321
0.5128915374453291
0.5215603599593646
0.5457902355983806
0.5481741498028995
0.5519692371489282
0.5513223473588187
0.5197501132951367
0.501209834018953
0.46890677984429696
0.4393737336411646
0.40667576976518865
0.3734440214764795
0.33690252755453154
0.2911960914874362
0.2559658636752185
0.24782842477644773
0.21310078860311835
0.19468310435793926
0.16660941252442177
0.16393047483564763
0.15946762677330292
0.1511670523031205
0.15224163678930236
0.16184275242127555
0.17586406478665734
0.2370640032338677
0.20748225253441718
0.22968483811053517
0.25519193642134597
0.287057119076258
0.3148187849574463
0.32697690877209956
0.33914842126190226
0.3704329506290426
0.40814061639957244
0.4386498719645641
0.46794778214630367
0.4905431024906027
0.5246984013077415
0.5253135876734629
0.5415647922980956
0.5353833331710183
0.5508178703826287
0.5564544568414597
0.5609048076555717
0.5833832029438286
0.5934826505149
0.5797556005813014
0.560507552735072
0.5672943849094972
0.32006104824633375
0.31327848560431415
0.30880692115253416
0.43208445737365664
0.41282119016832636
0.23636037915464084
0.21742591314008392
0.2681871899173586
0.22786477757893767
0.1491016767979116
0.10864997302390192
0.0672311144259933
0.013200594759121262
-0.032593379732893044
-0.06981804805758042
-0.10037287321648197
0.004909195641699671
-0.16379546961321131
-0.03338986694290828
-0.043303506229653996
-0.09673558637707011
-0.049745201891601476
-0.07910812866188546
-0.06530440627203273
-0.17626026574443066
-0.04896728795458584
-0.16707908201103272
-0.15103377569289467
-0.14613321125079032
-0.14183131083208522
-0.04421566153643966
-0.14351482953306083
-0.1486200374552029
-0.08625072528606333
-0.16278619272520273
-0.17511744895303916
-0.18287338651295149
-0.10605040006573999
-0.08192357873335485
-0.19956669557259415
-0.19630947657806655
-0.20001513623617104
-0.1973048342573813
-0.06196086734798047
-0.046129023246197026
-0.09969470593745737
-0.06783751866949464
-0.033463511577153784
-0.004814690703328683
0.010926833010643955
0.03349850046922748
0.06286886124405669
0.08858882396428314
0.10228830883877404
0.12419173204419978
0.10479121336517964
0.09484316644142504
0.072095806882315
0.030182649400574108
0.004032231743439668
-0.03194784988677429
-0.05226590383755883
-0.07963893037015399
-0.10654060221127958
-0.12614881092717511
-0.12791364617682932
-0.09958784527906403
-0.10594880828321308
-0.10184173035921722
-0.09377683366851051
-0.17324344087189902
-0.12771326031519598
-0.08776315066046458
-0.038642882278431934
0.012944137392275401
0.05421851031621522
0.09669504419606073
0.13167350078494036
0.16026479191432408
0.19313827618585314
0.23067974150264287
0.2304498565903237
0.23994178943511046
0.22836819126523175
0.22034070703004555
0.19593603019609424
0.14022494960706228
0.09614972045699627
0.05030382787087426
-0.004664105520259254
-0.05288349551960175
-0.03345970746036378
-0.04909383748844484
-0.08370373455506547
-0.014251218945330546
-0.04615446608214163
-0.11479871316452905
-0.09720327728476497
-0.09450737118602148
-0.08309500367883049
-0.030858565307286034
-0.022788818221320284
-0.001866231912102112
-0.006511145640883731
0.005166396849529464
0.4771425006736605
0.2580302380819508
0.06655660297091526
0.22074027726645618
0.30594635723167496
0.4490254035590078
0.5657134452174657
0.5209480403360787
0.5145285669401134
0.7513430223610618
0.7286337218788668
0.7799542411657945
0.9133019927661561
1.4849351256743746
1.734161112181427
1.8009680498951122
2.2216201165263096
2.630392073001174
2.9202541142854495
3.297746812320893
3.545521267285217
3.633564232464762
4.1225828786850105
4.3634776663821535
4.818097896691654
4.995114221294815
5.197833339092568
5.613473386114903
5.519330234565442
5.973536637733586
5.5853248294788465
6.270965467118534
5.948936333845566
5.868931270350341
5.646696128247427
6.055605735121709
5.174300878730511
5.769123939452217
5.3185041123263055
5.224336248548271
5.059559235314346
5.260107290672902
4.973553487485475
4.948987294583443
4.89522829282777
4.856827569765092
4.7907068832034865
4.734223378916531
4.5703303986621675
4.794571431411941
4.984440988241765
5.053509792916717
5.191266058694612
5.330391688744632
4.639436332913296
5.538679661462712
5.615880981254916
5.709439384872623
5.7466398974285
5.9200307500945275
4.795530601757987
4.920493046869546
4.518056613339982
4.752762715631407
4.738093345130947
4.745284283276221
4.70109478007709
4.375731501754219
4.86178178215372
4.366749184575527
4.371344625925717
4.471021001614741
4.326703094013794
4.227274314777153
4.144049037283963
4.1150541871294255
3.6514003951512093
4.063063400968689
4.013475712755466
3.93712375221672
4.064721961618604
3.995837584152849
3.8110844763282
3.864593455732075
3.7737679494670466
3.474652402327781
3.85516012763427
4.29304242430014
4.483068470885353
4.32772291130501
3.8696292589963797
3.7417003914366935
4.218468685648369
4.8371195799145035
4.414535190524912
4.108234791796043
3.4192294520914865
3.815683469007478
5.716342496572997
3.508550717559597
3.8407601071829847
4.395877004345558
4.793688526098513
4.678867271232771
4.912460277495911
5.960329844098395
5.713748125457695
4.608963691696958
4.331125410271037
5.37560573204807
5.8488151889583095
5.791924828526527
6.3139037629718695
5.578732663524515
5.45099718009763
5.7214424292602555
6.794702401100574
6.4676747879009024
6.740948403398779
6.5920418417261635
7.564321372378038
7.541432307382898
7.127072004881933
7.765975951667061
7.5681093325231235
7.66256019066308
8.818195996306764
9.024734094956889
8.482915441942477
8.124974292545414
9.451531097581878
7.434109849773901
8.142984379792615
7.752635602238547
8.567487022138536
7.358283398233809
8.202293172900442
7.581349283062025
7.407490232025902
6.86561685984802
9.840859081543467
7.2473666589605035
7.989615256311435
7.142391525100479
8.828372551214661
9.389679298538725
8.65810898893107
11.74959816653767
9.295877682273074
9.242044444503483
9.773321373154047
9.491434791407201
10.290499589869292
10.509851952383269
9.813737869483631
10.409322283578097
9.733073483491754
10.412978660782741
10.83842306503464
11.098380093728467
10.169459809890338
11.822896279451992
10.740089985290908
10.879137039104153
9.577874024678627
10.851099880930063
8.701249134643332
10.295074416008248
10.486791229522945
10.227223636966386
9.403864307349169
9.642544381394604
9.489297639324086
9.398895983710638
9.151023836895526
9.444613028506698
8.882443143343856
9.983880571611056
9.527136171004784
9.471110288320794
9.186163571632369
8.235632289151965
9.959051035588699
8.70396111290023
8.263863418273
7.921430576726282
9.21188762369566
6.926192444408196
6.87668874983831
7.086048385378785
7.263719933228524
7.056478655815939
6.990673686643236
5.8727226482222115
6.622849347686449
4.248836679602096
5.142405110482709
5.807432796482695
4.830959163199967
5.008145251001942
5.394826293877664
4.181865867393636
5.364163201842129
5.912058788696074
5.3302182942918535
6.1984733016199565
6.4291792582946945
6.861007777809952
6.057266916000486
9.341924790653575
7.808265313553385
7.333597621663799
7.154508865513378
6.594247518660694
7.271582428007289
7.157181322608368
7.07527683747907
7.301063532000425
6.773037168770092
6.212058323100283
6.927021998917264
6.716020341652317
7.378851102402401
6.966609435924977
7.4371057813576655
7.737283736741374
7.745228050647865
7.350457042889673
7.718391353694573
8.062848440103174
8.192326166488893
8.18687908001472
7.919764430146293
8.638357090943757
8.494183474555506
7.91940528131142
8.731870021977844
8.51755098502736
7.817178320221983
7.882837122378968
7.044924205323555
7.651113141905422
6.960764776516825
7.926130278382266
7.592936601846962
6.802484315371013
6.929071503871429
6.981109544225863
7.107199636674993
7.321247593906483
7.272565618205873
7.685151241256058
7.738385439524251
7.870252405415467
7.938710854190366
8.433818980014212
8.3133979248396
7.873949950022804
7.464123382358531
7.505254335447943
8.289910721934348
8.83023411447905
8.673657766318902
8.755247463183322
7.920661555394147
7.292836924145262
7.825041685209144
7.641286678746765
6.664691973596944
6.955927123736488
7.778556082982468
8.100703970932297
8.569153367081803
6.926535259014132
5.514483397091936
7.689810288792268
7.454022422321016
7.705816320924493
7.011045160848402
8.50388512452361
6.3996441577842935
7.061647048370194
7.013312795534255
6.4737759194362425
7.501600678979377
5.966754545834255
9.07981958406876
6.813897973046568
6.503561257564164
5.758796050179889
7.971257767466876
8.96455902812743
4.7001943200118514
6.371284316508819
5.84370662421899
5.209854140464722
6.610611999872557
5.717008415516636
6.905449961998275
7.241988207039153
6.023387043385283
8.437859191827119
5.872309893814088
5.896183495083084
8.917239909848163
6.111742267679385
7.5013320002566015
6.879832079533654
6.271900242398483
7.131419315563263
7.647210405052682
6.956643313841013
8.632568029866409
6.43716009671322
6.555425756381815
6.28734241113263
6.506182734216262
7.997925803436968
6.6927141861891695
7.970607601277333
6.729753873320193
7.402000113720173
6.646900463726615
8.456416158579728
7.439803507147463
7.194712049865034
7.824341566130604
8.801703945335452
7.334367538999032
8.073134086882614
7.767476675965785
6.460146932588218
8.041898753613356
6.292329657030136
7.027025180303582
8.764098139661353
9.805345251685363
8.68603851896366
7.686167077782784
9.37274942765367
8.994723160286954
7.641702993353789
9.614884924148164
7.969448366884842
7.778161746697048
9.385167524676737
7.5639296488888945
9.935834048450605
8.025558827905341
10.550252235026663
7.409797818369309
8.075689216006822
7.2295054449022995
6.697275226381517
6.943263249372361
7.213944886450541
7.9400754871899775
5.955311798790525
6.382826824248408
4.476294773744396
9.056078755878072
7.916171190474342
3.9718437292721447
6.95334057219166
6.102506409640611
5.474206452460859
7.508582805457497
7.231037386893421
8.940683757645598
8.363790921178063
8.563037472564764
10.343295776569004
8.67044817049718
8.327558355220992
7.468436547303879
7.64096116875338
8.589238373335569
8.470874054891386
7.360952546076966
9.657532426534967
8.059809857844781
6.0281571664213125
6.221462615930221
5.972652953329611
5.110532160167576
6.561195315855553
6.9095934503980025
4.9044758082637685
7.1193348165946695
4.589552974429054
5.685608437978473
6.824850068532516
7.377722465993948
5.193600609197482
6.426416447111336
5.351025168202305
5.119439397661736
5.863330754893344
6.989440303225013
4.1674998887444445
5.934872928113787
7.811457587476319
5.9377932548695895
7.199598399062472
7.954450565544867
7.3166191442610184
7.922968533352394
6.293816103927622
6.033643111428891
6.86973219944646
9.361266537388802
5.954463764419813
6.727913592717625
6.152981960973339
6.3952112637245335
4.227759279962928
4.8792169061288
4.505506272944647
5.960247513628582
5.077404595352327
3.0478158222409277
4.604962412899212
4.614435675155015
5.544175835708966
6.066402935153949
4.03286451955155
6.1427494762106
6.731847171509516
6.027159201570859
3.679719670729842
6.503482518642697
7.193384971149076
5.7376198594952115
7.694021227070317
6.7139493853384895
6.176985460612954
6.773511280620738
8.05937647960962
6.902997784976172
7.348146283328838
6.039718593220098
5.445511374789939
5.859178749277694
5.226354078874984
6.390991883024174
6.21825082117722
5.589231622723098
4.827975067708135
4.476506144544105
5.680854105981744
3.437868186651098
3.0038556279735236
3.6413721697723016
4.13017021732473
2.803863531202227
3.786864332116311
3.209625054120737
2.475722337620585
3.4476321729485573
3.6367898654157447
3.1253526259544504
4.921046653614672
4.656183809006134
4.907969722857377
4.618169510696786
5.846987211384455
4.424387089724556
5.715508046642373
3.5629795245012055
3.75406214846622
4.709498839866917
2.8115359005000116
3.1479273941173105
4.412452869433567
4.094413652408148
3.5262418787618994
3.373980313683111
2.007291571076335
3.0983852817808373
3.9390940832255605
3.8269490077027655
4.2917721018509045
3.864190110667188
4.24877689880018
5.813477280262084
5.834023178856917
5.976832060708507
4.948901137905242
5.567763106348231
7.284951848980221
6.286342565872079
6.612335657192361
5.949694559458571
5.497919765703255
4.329236968683894
5.155750507738723
3.787331255296756
3.848823692719316
3.051706942065856
3.9254256325039503
2.158494833036304
2.3518326439402175
1.9079019519791185
0.12520957026714719
2.2403957780256283
2.0925071520167675
2.414669887516969
1.98164821237682
3.0362189463774616
2.2520236022593982
2.555810930951525
3.107072703053568
4.720364383648643
2.9623228935381176
3.5177830457449515
3.880023641737682
4.00352203673063
3.402592923275048
3.2939506261018776
3.078603030550389
3.214204080254177
3.5659233089020708
1.590024462735209
1.4431797512870865
2.5039234744485963
1.736295080230673
0.6098048242648932
1.544428604511685
-0.042990624887798035
1.2174224706169205
0.45205724638743305
1.3636281359987805
2.431467600821759
2.6004953243833606
2.6671507731512847
2.7872587577016006
3.8507982684881448
5.547278711639941
5.6647977425058755
5.478532426935436
6.138819032533112
4.854659642323892
6.546991274124775
5.9964180277432
5.734241749735253
5.642746902850708
6.3625853012841285
5.667994756754662
4.077394157409119
4.93957941331889
4.857199091699369
4.445736008642225
4.759530334254411
5.6501245560433535
5.409852163009028
5.463593969767412
6.449198326068184
8.034107971494283
8.356680857424832
7.883631240410443
7.588026216399235
7.705625208968339
6.963432132002368
6.090615721477908
5.927444220472432
4.259293999527573
2.4230142599945896
0.5906213606842865
1.5973419950215968
-2.3822660822917223
-0.8904628132023209
-4.322369978942519
-4.649577273716713
-3.281469544519143
-3.352324884746076
-1.4741441890052718
-1.6144108687967327
2.0149474378010437
2.708534434049385
4.778649375589572
9.226909488438043
9.82912166341636
11.314125960504686
13.319263714867425
15.83343417126626
15.97479915499984
16.541626220512534
17.738166549976853
17.00505641816046
15.441264815581665
13.935587028970644
11.931063737168992
9.45984046297441
8.431370542469143
6.23155537075119
6.325859511731616
4.175308998322581
4.83790644186994
5.086437666410573
5.335880854007142
5.854269751835325
6.736843404089201
7.227466807779407
8.543935313777709
8.049671878784203
7.891177658606919
7.191927573693773
6.234367388112389
5.676724891551324
2.7840335425702465
0.7594158518547713
-1.9583624242403062
-5.1815129981301045
-6.61613953793025
-8.482882084401862
-7.953533086944384
-9.07330740211442
-7.327190328616829
-7.22238041376545
-4.2576681378774275
-2.8770859303300242
-0.9900472495180992
3.5137430245457733
5.348338342615369
7.691724085880457
7.589971328913224
9.520992759543894
13.163002734682545
12.79613978921809
10.824536975033501
12.003381306687611
6.78940065290875
7.876999200947356
3.693386280007763
2.703082044795483
3.806898511082812
3.3656321472433746
3.2006237139645375
4.273926078161366
5.544356703427275
7.057197831888361
8.14098001467691
9.200332505964067
10.651541681532038
11.338401412336031
10.970486992353585
10.022439830329262
8.441412170201136
6.329148504146845
3.3132786681355446
0.6954181661286047
-2.0133008161547754
-4.67993511818092
-7.891031450813725
-9.748646965970847
-10.808261161735789
-10.993766287743146
-9.587080228241607
-9.378030637320427
-7.523475075108193
-5.138415262883606
-3.1752009940157295
-1.0988731066164892
0.8894216332914873
1.9881305897742125
1.626080040138774
1.5796129388458695
0.8205910389387974
0.04904094085032629
-1.005131206604963
-1.843517449688008
-4.174903621213015
-3.713617166812098
-3.6206616893819548
-2.0123088807971703
2.9417031963671336
5.8595454123218556
8.112397651437982
10.186088295256909
11.820038805944453
11.839012701535513
12.677952783943075
10.451356225882215
8.901605304926168
7.8554876385401515
5.697774772805821
2.9841678624786763
0.6703088362031075
-0.6842500939145393
-1.8777591760553047
-2.197866548227767
-2.6336979004737326
-3.2637697823756504
-2.4954340869379488
-1.6498496036203898
-0.34275789456542416
-0.6847871615494756
-0.4556346762158423
0.03887975213715977
0.020507216675421214
0.005076407013694301
-0.014521506416035806
0.03422972421025022
0.10649936340552481
0.23621396721534782
0.3739866406760008
0.46190089654396255
0.41512783264011305
0.45883834929048845
0.35939183399003355
0.2179142943484899
0.071550827421479
-0.05238970125003526
-0.1348975559268687
-0.15172353523355847
-0.1840067275132427
-0.02848174877126508
0.06733902055385366
0.13928619598735653
0.17894434306258394
0.17572681495603482
0.12226230063258069
0.06112322306273271
0.006281367377411407
-0.026833672594873202
-0.02130623848237352
-0.007795508480890542
0.09946015346540621
0.16666483585287947
0.2201466396971954
0.24951982338194467
0.22183668719971045
0.17142346116927848
0.09275041186253746
0.018780020932745452
-0.033931494847706564
-0.054470478106702164
-0.030482730852666534
0.012895278851681874
0.08069178247187478
0.12160971245636604
0.14279213941189658
0.1424497649721017
0.10403210183033043
0.04980631616075788
0.004085055196446939
-0.019790068882114882
-0.01291457186872682
0.022929373847834347
0.0790006775931662
0.13409749190694825
0.17006240373203907
0.17269771725248334
0.1425264450213972
0.08795134252326124
0.028203552406079496
-0.015328784909329799
-0.029251686391852237
-0.01441661875969992
0.02806939888267354
0.08775964617728399
0.11776516689230272
0.1253666124511087
0.11151528563203383
0.07221629203392721
0.024265154256096818
-0.004875200554284242
-0.01444268446188323
0.006026463011725526
0.0489878242585485
0.10166339459633394
0.13539107751620488
0.1374436993212811
0.11159429050545279
0.01800142209621537
-0.014506645626578515
-0.017658178658605937
0.0076382671883250125
0.0525360889486893
0.09247955916948844
0.11096978291575396
0.10271997325527371
0.07163090956863698
0.02821858918401905
-0.0018024501379618426
-0.010747054739300904
0.008558538057843956
0.052296473825272534
0.09755506923635866
0.11900950042038286
0.10920111804764013
0.06075829726948737
0.03245272139523127
-0.003192553157659137
-0.013472958800048042
0.004159011163835796
0.04574762594069692
0.0858947744783496
0.09998738421475417
0.08979431852802525
0.054667428477756234
0.01557451601256241
-0.005769994222799024
-0.004401096730372991
0.024817131003255728
0.07404101937438409
0.10194294213268315
0.1013471760751744
0.07370721627185686
0.02955873918248372
-0.0032946888467898622
-0.009652952223082795
0.01635346307515624
0.058485647492638265
0.08862328630489194
0.0892053152010191
0.0621898003215296
0.022217077497658347
-0.0034420386370665364
-0.0044969298453300804
0.02837879721065767
0.07400996448591138
0.09446799332272411
0.08459268782379939
0.04944884626863422
0.010499213528127473
-0.007572003050494047
0.006571385321960374
0.049121848719231274
0.07989942358361526
0.08042375610813207
0.05325393914296848
0.013826913827743986
-0.0071232458597877
0.007663944660128499
0.04916315330662846
0.08460192657524461
0.08178511440366777
0.049046416955837585
0.009952711696650966
-0.006461932659711621
0.01533282070962888
0.05668725708570044
0.07656371933098222
0.06208589545294482
0.022593187130648822
-0.002499973776890226
0.005158562006696836
0.04701210305917797
0.07165067662264706
0.0667952170960492
0.028674499569785728
-0.002345382183102361
0.0048801355470467316
0.044001653533751385
0.04350931552652187
0.05366661455292206
0.01386165557018789
-0.003218889100849807
0.02044380382266462
0.060246195900011366
0.06327570073319853
0.018859324913555808
-0.0015510497450227766
0.008613572227001761
0.045683078480214724
0.05570807220475005
0.024879606721822895
-0.0025622460266069994
0.0148268470496847
0.04872920542417733
0.0471292732241082
0.009734035681254343
0.004667804171850374
0.004667804171850374
0.004667804171850374
0.004667804171850374
0.004667804171850374
0.004667804171850374
0.004667804171850374
0.004667804171850374
0.004667804171850374
0.004667804171850374
0.004667804171850374
0.004667804171850374
0.004667804171850374
0.004667804171850374
0.004667804171850374
0.004667804171850374
0.004667804171850374
0.004667804171850374
0.004667804171850374
0.004667804171850374
0.004667804171850374
0.004667804171850374
0.004667804171850374
0.004667804171850374
0.004667804171850374