-0.007700995076447725
0.13875149190425873
0.13875149190425873
0.13875149190425873
0.13875149190425873
-0.007700995076447725
0.13875149190425873
0.13875149190425873
0.13875149190425873
0.13875149190425873
-0.007700995076447725
0.13875149190425873
0.13875149190425873
-0.007700995076447725
0.13875149190425873
0.13875149190425873
0.13875149190425873
0.13875149190425873
-0.007700995076447725
0.13875149190425873
0.13875149190425873
0.13875149190425873
-0.007700995076447725
0.13875149190425873
-0.007700995076447725
-0.0004943316427196787
-0.0001960956868909021
-0.021191690856284816
-0.004114078394941539
0.0025664868903454534
-0.0013482288004961884
-0.01548006092911507
-0.019289629398025532
-0.002576570233144648
0.0020779624947069512
0.0002586399142480492
-0.02155189736016986
-0.0007710917192048552
-0.006116922289012984
0.0022969103571978296
-0.002610623901680811
-0.010276037594200201
-0.0119324643193565
-0.01924747067685373
-0.003452140277970109
0.002661863864097983
-0.0014945225884030668
0.0003411368117625345
-0.022994746103059516
-0.014245910239909192
0.001393991324915962
0.0039525387916945435
-0.0008597287769138719
-0.004731455628560335
-0.017682934774876473
-0.017900314944494927
-0.006075551024845567
0.00037937109351843246
-7.301248260866105e-6
-0.007707651939146586
-0.011678973638700317
-0.01391038126059372
0.020868709212253745
-0.004883251527461304
0.0012936112003002448
0.0001998193096844078
-0.013010970879089912
-0.010157139649609832
-0.022221066137252762
-0.015254770552935587
-0.0059818647494029945
0.0005073831077165194
-0.0002051807741030274
0.004717597828127938
-0.00327894516131594
-0.023319291364149296
0.06961844746463294
-0.007947726082601643
-0.0038862918238485554
0.003913847815968251
0.0023821683995445117
-0.008336242924011326
-0.02338720047212098
-0.010055383487053163
-0.0172606261722555
-0.007648912207771391
0.0015198028863825297
0.002294522516545364
-0.0018412731869839813
-0.011589293533314221
-0.025536335675875807
-0.02241656433820349
-0.015108773056533742
-0.00954867249374074
0.00823124605881625
0.0042986437443388245
-0.0009245072078417199
-0.002087768747229388
-0.009965669112200063
-0.007780574050501796
-0.00863617256839733
-0.010462701359221883
-0.0069128646259828536
-0.0018082042680286452
0.0017332086836314433
-0.0009697784056215443
-0.005177013692408609
-0.014491002522923537
-0.019847613094667912
-0.016254267811112368
-0.004316730384636119
-0.004253335492416504
0.000468763994174377
0.004701510559076817
0.006293544478186095
-0.001040297233468733
-0.002198139706186906
0.00020399354010749646
-0.015383142974690157
-0.012600914919122703
-0.004449248659306286
-0.0055622998191537775
-0.0004368863339781594
0.0012418437488691649
0.003877118979116998
-0.011905763295900984
-0.0008909198845259148
-0.013157361256948788
-0.008818877000774987
-0.0028768393044335747
-0.0002521068242719044
0.007129674302102578
-0.001416376015177287
0.013783526367749398
-0.025909690599423347
-0.005758102895576565
0.00031308330052307043
-0.011401329720177718
-0.011284905082320981
0.008373475622825765
-0.005573324203932429
-0.0007677950743050742
0.0006280390014645927
0.0025364975464227807
-0.0034359164656521043
-0.004047269658962863
0.03324676569646755
-0.008232502531408024
-0.014359130402431572
-0.01718164244284403
0.002775124481310627
0.004332697229350279
-0.005381638304707391
0.03187343004122692
0.06346968666801786
0.0803704434226857
0.2209677315124327
0.11341038419337483
0.11166617480085592
0.13277265354873893
0.08769464025096776
0.0790862420869827
0.08485701441164192
0.048978504685678936
0.06898238613677687
-0.04975742343898376
0.008140505327015157
-0.010905463082141575
0.17558381179289967
-0.07764752550536091
0.015948378716181155
0.0003817558470182725
0.15963818178056832
0.16210166299491463
0.20835790464267723
0.15050033047252576
0.2128422232562579
0.17597417614891786
0.008591068868180507
0.23318378150523944
0.34068815327256713
0.37806408294880034
0.5581342725461214
0.7726153440820913
0.9154266202480312
1.101298171884018
1.1850480402969574
0.4536786626844086
1.3410426187731985
1.2885449437152678
1.219250444777923
0.8529410902881062
1.423229731748325
1.4720095117140366
1.5183879691336406
1.447572759580972
0.3648681109026086
1.2454158995858922
1.226736805398151
1.295600163651672
1.2643972395127767
1.1854286272925125
0.4176610331896975
0.9799430702008725
0.8781829345185241
0.3714813098069054
0.6765249597613521
0.4539747750521883
0.8520994610618082
0.46374669201774843
0.3367085622169226
0.11963351041348114
0.07181516042493552
0.255324239144632
0.1207819369652583
0.06101749438145898
-0.015013366736005285
0.6945833395794125
0.2644323298832352
1.148825823850496
-0.00628716165805665
0.7891361047941128
0.10468769195845207
0.3690390467141098
0.02259223714066927
0.5346488195019505
0.7805566943296518
0.7723031026880212
0.1333515470969373
1.4085191235707466
1.3751682966553254
0.7036147994249453
0.7202888140901869
1.0396042855605518
0.9389508166136333
0.8703680336581501
1.1664738475117526
1.5631996159394372
1.5789024337264446
1.0437940386235565
1.342959122125425
0.8270553049236837
1.9770540899916984
1.4032981067193675
1.729060298260427
1.7918452386400854
2.1941732910790313
2.179277224918279
1.9524356184233187
1.6832176300894623
1.717340665568337
2.0115048499852803
2.387466248939326
2.0051199845966368
2.1720813299081674
2.6012317384848886
2.542039646133215
2.431715788837524
1.9982029329211297
2.116486706758367
2.1587369500052347
2.0243338862516222
2.2785011240923123
2.022608069803038
1.4715225664525642
1.4236873442063014
1.8569865348334802
1.6332417339971022
0.40622499157601677
0.764991257243365
2.1109971685205666
1.3703422229898492
1.9986419220301164
1.7841877373308397
0.5265920004859828
1.2027310217547682
1.6869146225934109
0.7545510626806573
2.1844626880547087
1.443401527495641
1.5883274814023753
1.2674810831637116
2.1796547614069435
2.3072232619799364
2.0437810579908233
2.22676079053435
2.3237209621295443
2.171095664615064
2.518207623079219
3.046791296192492
2.760046737983102
3.1245830218388146
4.270164209191611
4.273652316713096
3.9008208506594713
3.4119122684969607
2.525618780575121
4.109160757681621
3.480662168549947
4.222026562162418
3.7075770975396107
3.61099902858248
3.851419627262965
3.1922496279756496
2.7366332574689847
1.845083092331853
2.8478157291609865
2.715869031545394
2.3672618718673357
2.2924644138465107
2.400668819610435
2.5684246921330027
1.9646018697793837
1.0922785699556368
2.373193832271421
1.7841906483293917
-0.3600485867142753
0.126756465422603
1.018178515060466
1.797761253708745
2.1342221576641514
2.05617606714688
1.9838998514322164
2.8462283430977733
2.0450044762989927
1.7162523790128033
3.4975164237894205
2.9650311466802366
3.4404322784983314
3.3768844226809236
3.6944590180974393
4.670728039561187
4.840332474415925
4.024015793632337
4.782505891304742
3.474665584783475
3.412457935974335
4.173344309248017
3.6350743651373243
2.64934739203688
3.549801234180398
2.780073368353131
1.6591296969280966
3.5965533226549953
3.0644309877702707
4.179988196562503
3.873636921811781
3.3992411678474195
3.2810363071332223
4.376701225657862
3.1945578131681476
4.3916615326432735
2.6577108675771814
3.3290821892151587
1.7288870230729456
4.2992944052229785
3.248846840793165
4.102191406389175
4.148504417530913
3.293274942644633
2.1547227218108214
5.094812696506646
3.528860354796012
4.91228264057621
0.7208308444003304
3.4339234611149667
5.158018079793807
3.475531711135787
2.513592494169325
5.23745632102871
3.019189838393584
4.493466617077669
4.172106030892401
2.671048626121533
3.0478934756316614
4.60158055137311
2.9802053630766823
1.5735588195465784
6.554659605145085
2.974885224377755
3.786821996430171
6.1413113418976835
4.601600882601311
4.056562958452721
8.230453860646442
5.197928944248126
4.709964808768727
5.849374146887716
5.2353868311764655
5.013121113586189
5.2346026532693015
6.321808458480803
5.180540064428094
3.5719229099774514
5.044130996250475
4.955234655089945
3.6901137671360322
3.0049633658275408
3.3695980768704974
3.924459578957628
5.651489246509143
4.6243802368835905
4.944874664444337
3.1591875040506423
2.775514468735393
5.580768919251141
6.662063247648009
4.508942294149733
3.7836710876089645
4.235611380651987
3.9314743226129627
4.865755808072154
6.165500443416222
6.372189315217952
6.43097488038773
8.628142092124149
5.628309392989436
6.164205892584539
6.588498058947567
6.968778136437933
5.821243919510913
6.972176181223523
7.3423793091427205
6.8889179339049225
6.340895199586694
7.543554729955135
7.1895418133453
5.012868921246447
6.767797703809098
7.072628209412368
6.579582455335444
6.59352317725079
6.764420622861638
6.420789360397144
6.617397385406573
7.127902629407543
7.623164396888284
7.702471478176082
8.202303634798952
9.140215930949646
9.407898300995742
9.181442675215791
9.19135363295815
9.719576283976977
10.281346185524107
9.665097515750574
8.364311071316834
7.550714965356785
9.327157324134944
8.194874994317267
8.645416536064214
8.554327092762279
7.792048800201412
9.435054304700373
8.649139574592644
7.4520880613246
7.108738891304669
8.019319716395668
8.846148692118499
8.25013135067043
8.19876391378173
8.927583572648794
8.513129519101224
6.3761672654498565
7.260557097758949
7.6876816655657745
7.1540061464734395
7.4861362130869065
8.233922417152868
6.6452831539483235
8.180923686186377
7.4015554027561405
7.112095803749995
8.273215074071782
7.440253365543118
7.636756447302704
7.36864184677199
8.262175862676592
8.770898223758715
8.828269526622275
9.28078173476134
8.540787050648778
8.974360588310024
10.978936969005495
10.175251906702012
9.638322284122054
11.740733845168043
10.110691887655674
10.64982987092489
10.37448278547052
10.866777023498589
10.130236363141204
9.948545197276943
10.252064401222864
11.951793760393434
8.69424859570219
9.216695035607966
10.48652092493813
8.178870712204034
10.43248776257753
9.084203248439788
9.500560286829021
11.103318866919107
10.377561034994532
10.364305765530553
11.291852461773944
10.175120040667402
9.624928452697743
8.420688025133552
8.840639833387181
9.274282744595814
10.885567121734397
8.654780699230836
9.472068468594399
11.575226983196547
10.820729358689956
8.131631303975228
9.691941590324145
10.434130279234246
11.665994246465885
12.151205487237107
11.518886114046037
12.004784892554937
11.813288525023816
13.104084126464354
11.441546890772951
13.457098192416227
13.526551117207305
14.123023375135528
12.494546823853307
12.724750933989956
13.159358388200431
13.317072689884894
13.180447353912275
13.379194965820048
11.312280859876516
13.819478939198028
12.11209592001542
13.886880397706731
12.517584139589793
14.82235959742109
11.971247532525378
14.039493999123064
15.59819879926212
15.405790059982158
16.340883693666907
13.833497375492907
15.312698715786233
15.264075076071592
14.65722565531301
13.42122315860054
13.202625699874371
13.497655098006103
14.573411723317788
13.209584627432058
13.434601061907344
13.469100663793203
12.366620195345252
13.300187850751648
13.32817277502846
13.957785560048972
15.38547692527986
15.143336915890906
14.70563696685904
14.949958497260663
15.177570383489204
16.316268382956395
14.911243682222931
14.956580396636998
14.998314006836452
15.414002464736278
14.837268481471838
14.701939365703652
16.000729714338163
16.049153920770834
14.105255818975653
14.122408260622656
15.27360377261384
15.050336290267449
15.50616192878299
14.996272676832257
14.929165089290727
16.176782502839814
18.523940850494174
15.392545535275753
15.090219562504274
17.589686706517096
16.848504495260855
17.43845407465401
17.505516028601185
17.369165200247263
17.790301675714733
15.751745501114051
15.879296291253514
16.9825226303549
15.63494415576925
16.616957593755462
16.42700085603861
16.574897991966633
16.948743940605095
17.813253267813216
17.175102237966662
17.226709211026936
16.521361227597083
17.03404823626137
16.494851246490747
15.753106449470998
15.539650456277428
14.720358278494896
15.122091293485063
14.301435765197699
12.871270665767035
14.18059757108064
13.800471503127461
15.509807082755401
15.505285472981333
13.73362921074189
15.21058836266979
14.5728099684234
13.304689119389245
15.928998946479052
15.555689776252683
15.068774296261575
13.569505919656798
16.07565050879577
14.990806539665455
16.52202489469556
13.187513821987352
13.349294337709967
14.653684637245128
14.394714873742254
19.190278475219497
17.054359859432235
14.382680178104334
14.82862624935315
16.106542099521683
12.266121667491054
13.090443415942227
13.611648191043901
13.258001205907279
13.2950191847459
12.681609166173859
17.64969721461548
14.772827865787443
14.686851392770876
16.563591534325628
13.397247818616883
15.169594808698148
14.64757147454193
14.555151430484134
14.486768944407451
16.012570942376623
13.685461902780425
13.70110398221661
14.336797851438721
13.551411265611573
14.495370487948968
14.85021905114505
13.179381303052214
14.771437279685422
16.129427945170406
15.031196919252414
14.635158955197326
16.144369240857124
14.147691295069666
13.897411451461334
14.054484090711636
13.17622622132138
14.168213256392377
14.087806310037186
14.683299755430358
13.960054997659281
14.596086805331193
15.060056335060334
15.488601517074592
14.230531005949324
14.518164027929835
14.755753326350657
13.418965134280883
12.348605803411004
12.844921265618346
11.853594865592008
12.328002363324702
11.682876021544844
11.217422399324722
11.09649860609659
9.617939342941181
9.893204655692688
9.787799122806339
8.901512570488244
8.845896205861955
8.653613712820203
8.184186835289239
7.475002989319333
7.643248749677083
8.500935448379783
7.650767987881228
7.626062873109184
7.61539594722092
8.04545500464868
7.781432501528751
8.50753290683943
7.761810873616394
8.46697705013833
8.15952699663825
9.615801704268526
9.365757016292871
8.09785496547093
7.98564905551947
7.4922739664239
8.760196411807403
6.985022602510957
5.85876169974389
6.461492306149058
7.07304976338242
5.853093396296762
5.954704959560001
6.9306518624130025
5.534810121715959
6.591864161652525
5.588120365954994
5.367513491104737
5.537647619241569
5.316430654730773
7.4863229388156025
7.93101870019572
8.149755751127895
6.2075566001092
6.162413320358626
5.24497560966351
6.021900092430779
5.0672017370507625
8.511571611219068
8.281663174212195
5.037969037848295
7.77704759469739
4.350070687362314
4.363373265146647
7.016488768620302
3.285344467998764
5.962853826550304
5.536463617451313
4.9299497782347474
4.438205110487216
3.0696515179725186
3.9160026962209167
3.655119736771897
3.411052483884796
3.3321389106579833
3.1979972272883286
3.065698985330515
3.0289995539240735
2.973118212734253
2.9642474794348392
2.9556940874626996
2.9455526197101114
2.85939789038852
2.8593858810246218
2.572433768485622
2.5438168490307262
2.1935989788140287
2.072857787269929
1.8261250171813364
1.0143493492322888
1.3559179008164075
1.2332832913373601
0.8180999890073165
0.9315048747255767
0.9202033521380008
0.06862035035114367
0.5607721455799096
0.4565103949795612
0.4415026432603794
0.439642209535241
0.408583136015003
0.3994618222220729
0.3552498805471768
0.36872942375159884
0.3303083374991654
0.3707459636258087
0.326752873197266
0.3189449023517137
0.3054543190316703
0.28633826397482254
0.2631424827006455
0.08607849630146233
0.16259012043863413
0.12971870264972088
0.12116345990900795
0.11238751895752902
0.13145133780805116
0.15117291094847918
0.053738252330918
0.19183754161695882
0.2020212984893095
0.2374683837995597
0.270817907498526
0.2909934878076586
0.3328585075556734
0.33616532002228744
0.3701422438271837
0.19507500259232907
0.3567405026655619
0.3294804202046017
0.32212909396432454
0.2887929001329761
0.2587904917491072
0.21940750961577263
0.19134629957547866
0.14746831816689462
0.13545060009189966
0.05149528923485899
0.12362566406966793
0.12464493510067551
0.13239361882305342
0.1343750959070164
0.1438357535494738
0.1855995643602328
0.1950161709853309
0.2143032500182019
-0.0034375192403013066
0.2566656557903431
0.25208047422700064
0.24508812775475958
0.22764789561501134
0.219607476949478
0.20238776540494358
0.03909660780318365
0.03763277422791647
0.14008246507017277
0.1201365974517351
0.09068644379658787
0.07012429652701399
0.02550193157881709
0.05825695634081328
0.06750334006118687
0.018557243939976042
0.10181077635271385
0.12617189537659818
0.13854646040061633
0.1486012637677037
0.029516845745572978
0.18527787341309457
0.042083587596849464
0.22209039997046418
0.08386613251371786
0.24124287387111165
0.23022710110912348
0.183520438727819
0.1686010193045063
0.18160300949139882
0.1591862015007242
0.1358025126502357
0.11729001962690072
0.10755969884898309
0.030342613304370922
0.07280727712124087
0.032824068091847965
0.0695322553975965
0.07997783849831837
0.08388046620563652
0.0447670172445115
0.01872269182282847
0.023422409147068418
0.13894188675026153
0.14049131996168024
0.15655030442463153
0.16588399839817747
0.17651043397238705
0.18755908796886853
0.17805713555098082
0.1735114165081726
0.15319969425563368
-0.0021675224815053407
0.11359408690834814
-0.003810398273113469
0.0992433818221475
0.020521968592593615
0.05967867670048545
0.014424170838388269
0.04488744229667475
0.04297525569641299
0.010916666179563841
0.05723355654927821
0.07752950448875025
0.09391239710781683
0.10667582217091987
0.11763556331834665
0.11917305308636864
0.1339787127058597
0.14691130450299042
0.16424092587903488
0.17116487943338016
0.17436241870542013
-0.018053207181023254
0.16203173589289904
0.15107328037015977
0.13205255457798704
0.11727213854585208
0.10052079553518663
0.09028289565961592
0.07316013496695557
0.0633958481582088
0.054149511366300314
0.0511645639326563
0.04902448472702923
0.05249371845203425
0.06076552452294779
0.07099013582446484
0.08546823028117874
0.08779724817549357
0.043625930544880835
0.10553600847119404
0.11521625629121116
0.1285598980236197
0.13904310776800466
0.016817402677864857
0.13869517676387266
0.1277831672807535
0.11734371693749202
0.10428473788806161
0.08376879007393724
-0.003617496104130341
0.019135131005006696
0.05653483095125028
0.045999780472967634
0.01412553429269128
0.006852711622805138
0.03679383805529534
0.03800576220955047
0.048590383675271465
0.06299131620127578
0.07051356688714874
0.0847786228161739
0.09447811263626071
0.09504581257436531
0.10721256844188495
0.12034980756509231
0.12567785220548036
0.13337550561929812
-0.02108106324268008
0.13020429176388615
0.12392223160239985
0.11950227296802952
0.10711759845519576
0.016923688790649316
0.08106023879713706
0.07455737666871352
0.0674859986181916
0.053819988995710326
0.04646318408336628
0.03804002788062703
0.04046223492143116
0.008324251374627625
0.0477056273358586
0.010376493744674344
0.06803144791827835
0.07574945354591808
0.011927979745175815
0.008556394944929102
0.08828632110146266
0.09980747689692523
0.10861546983695713
0.11140774152343388
0.11283839554741473
0.10976827046359111
0.10510385400732006
-0.017875740826149372
0.08604195262457676
0.08006195369208091
-0.0005296235230192181
0.004443165876980487
0.059071575116873457
0.014681875702153551
0.03509190208109791
0.03235344222125106
0.006703239630765932
0.030043980416994222
0.03342853444252377
-0.005663270471359991
0.056307715439312574
0.06402615354102015
0.0744663838523726
0.07391465030540864
0.011272474061111704
0.003955091109577674
0.012957731441289887
0.009326042352133246
0.1046259855701146
0.10760874531811251
0.10555337764787695
0.1026926716230388
-0.020767458318723016
0.006547717263030148
-0.00028518035231892003
0.005766690866981908
0.06669754482036451
0.005231341127816765
0.047785863343351886
0.03700232271712886
0.014037134505944855
0.03482648950586143
0.0324870686077135
0.03894569258083234
0.047089033959426416
0.05440187047262362
-0.008965218669962582
0.07344185791783535
0.06878399621566764
-0.0060739280410999075
0.08359562983869698
0.005609014284469541
0.004443858291402918
0.09427670160233043
0.09113522439076147
0.08796591434631706
0.08125372321684358
0.0704213194130212
0.061636760217045894
0.06609384808127175
0.05645084335245277
0.046659368724516766
0.0356288359835438
0.029859671904159134
0.02830450345060896
0.02715263393248211
0.02652015675151103
0.03156117243995816
0.04083092113481942
0.05141098022114102
0.0057035589222756075
0.061148622577219786
0.0019294549943602163
0.07660755548580173
0.08547795374763968
0.08612101355617546
0.006358884793185728
0.09246463705561608
0.09334976508031766
0.08891603379103724
0.08844981921024206
0.08165847851635213
0.07156384008619757
-0.004364758409407449
0.004897587370379791
0.05856246918967725
0.05224123498166684
0.04040025233103035
0.03361490677278173
0.029735808417841667
0.02994729878803567
0.028259373748963153
0.006553092885261586
0.003975264022076295
0.04674882755598883
0.055734454000521336
0.002986912106250017
0.06120792276993619
0.003415083712629073
0.008075272288044673
0.0758071525139948
0.07914056277270966
0.0817951664607507
0.0843071116724186
0.08139849863144305
0.07699980874947376
0.0032093766575255686
0.012920602462026531
0.05832707760319462
0.05016124864921554
0.014899364648569478
0.046169154035473364
0.03501142314356681
0.03011086378648554
0.027287687755823586
0.022843598811693323
0.023935798662475534
0.024209249309722777
0.03233626632581486
0.039700999007376586
0.048722604595426135
0.055693689707820654
0.057435267008222934
0.0626971962945433
0.06937206705896774
0.07216040156049103
0.07743022543176592
0.012225773537932756
-0.0009365693362969121
0.08007308077946185
0.08131983078427926
0.07554809686102548
0.06974271653384513
0.0015703318632889554
0.057824109794876045
0.04720645181567188
0.05174641505924144
0.043703006204114256
0.03542290375371407
0.030913325515397848
0.02703577412767961
0.027665068003526264
0.02629712520662035
0.030324452486317773
0.002453388183413955
-0.00046487576374679845
0.04982876937684619
0.05075908479895333
-0.006773576532510518
0.0021410503057794072
0.06671759476997773
0.06866576393453758
0.07110047468882394
0.07362679721083312
0.07684578084939853
-0.02895931338237409
0.0628424665446554
0.06278642030018772
0.05629752849587769
0.005591525916219475
0.05284316110688961
0.04357328161625643
0.03776365925623876
0.03115000274754897
0.02608632974310618
0.023364847177233868
0.021907341204232732
0.02246264490199861
0.004682565578468412
0.0348503735588588
0.041066411818120416
0.04738568109151071
0.047655190248814934
0.005391460004077371
-0.00999437484017613
0.06486213006531619
0.0692853875026831
0.02085289783082466
0.07430457389705997
0.07411048127296901
0.07698974721150542
0.07032289882734788
0.06455316481135448
0.0643871150312242
0.059754619386344195
0.04961095906659117
0.042868352167697
-0.005513737433142565
0.013069299463489115
0.03196588867039762
0.02768137540013919
0.025868572290130697
0.026047258920479082
0.008612170255139263
0.029155685385787177
0.009612944851269893
0.03986948195213588
0.04549979051693418
0.04658012876874027
0.0509402209614627
0.05964355923309271
-0.0008888405665711599
-0.007846150568200684
0.06481009986222362
0.06527511331281069
0.0061218914882697
0.05161187647223355
0.06801170734509779
0.059202874734307895
0.05477836398315813
0.05231641029702938
0.04536271565435724
-0.0030227282506117906
0.04275008951386028
0.035197283335530835
0.010660845597339697
0.004474330461946455
0.022026353625380895
0.02303024707748548
0.021420440830352258
0.02476263761638387
0.030064540289830362
0.037108956148615646
0.042002060071254455
0.04311231058834897
0.04895490552558982
-0.0038102806422773902
0.05842912463712465
0.06151845732446115
0.06757778322535035
0.06723128685226792
0.0721821135539096
-0.004542245494340673
0.07082933460648624
0.017078416341504855
0.056750688679323105
0.0544251219803105
0.0509875513619
0.04291435790481681
0.04793707305130746
0.039262410336250955
0.03452215609828734
0.0281397991652976
0.025090228321379363
0.02418779389010569
0.002869492736887677
0.024927308163793106
0.027956041718772237
0.03346598237310433
0.04011681702070631
0.041273168873329796
0.04544594828088484
0.005402204355670747
-0.008930598483229003
-0.006422290209169582
-0.00714205275725744
-0.01567163439886326
0.07033474204452653
0.018298045603081205
0.07098697447992079
0.062467395484599376
0.0536242384247907
0.029094337949907276
0.043643378826031295
0.0390539536086749
0.039087390987858565
0.03365774039482644
0.005884564063241664
0.024412376607554687
0.02239710274606891
0.003706669133527421
0.020216265413631297
0.022913375204326555
0.026640749375219385
0.034422498124450134
0.0394567330319291
0.042172286060571315
0.04487749788490499
0.05072707501781726
-0.005972142185003047
0.05654685963454722
0.060848349129750415
0.0644573902997898
0.06964091001849237
0.07004085038190158
0.07010704570956544
0.07100559186542921
0.045471994708823196
0.011568964134149078
0.050000853717839105
0.043156182329746745
0.03718652646891203
0.040733724169761176
0.033689612437362515
0.028318349330837676
0.02505328613616537
0.0010586422432244842
0.003438465871950132
0.021594319540277282
0.003693964408316451
0.029370041774714424
0.03382944046841528
0.03900382013823836
-0.0011616607399362634
0.04332172346905808
0.047065976143843447
0.05125578672503339
0.05492075422192441
-0.006297119620035596
0.06345415043692551
0.06578394550644588
0.06791276170293542
0.06886224978837387
0.06617921109644254
0.06326559263104761
0.018169699103178436
0.04804013001990955
0.04160102167806035
0.043628432510035196
0.03647523127883472
0.0001358477889876232
0.01199567768790621
0.02331301078806817
0.019740309296525843
0.021068558077199234
0.021238659986520927
0.023631857252996567
0.002457766061388266
0.03147864282442424
0.0044860561318327205
0.04142757357074754
0.0447959535199262
0.04836912819831096
0.001564201504897722
0.057452761552479276
0.05722253425529211
0.060267886318743816
0.06632581707747093
0.07027620440848403
0.02675564801494129
0.06861408206868219
0.06556836435424229
0.05718968493784109
0.05661076087078416
0.04450281741660846
0.038962573700091124
0.0011005559036442979
0.03485764665067842
0.00430211025759266
0.002599594969758298
0.022667606708332184
0.023413577302360964
0.00244993825417179
0.026108278733508905
0.030163579368426993
0.003929665344132156
0.03778993311647583
0.04176437286142681
0.0446101759862708
0.05285008215047663
0.05219082547434291
0.05564827446093666
0.014216010564480533
0.027350695005060717
0.06600644707951442
0.06568813096065962
0.06531021999531021
0.0633379253368678
0.052098161475477855
0.05291261124987996
0.04819665065432191
0.040876385612017396
-0.003650312077737493
0.03390292724434982
0.02781412950595408
0.02381856773117438
0.01046091603131275
0.021107103995989415
0.022034261550057683
0.021388113253627154
0.0025173746014554854
0.026563670526383205
0.0320957908890495
0.03686334235529344
0.038451656830468486
0.005216146706078461
-0.00035622162779032004
-0.008046469902251184
0.05534061041506572
0.060671397146997645
0.030293107983125095
0.06521079869787322
0.013963864704835339
0.06521226093843585
0.06598948540668671
0.02855419677885772
0.057220540899284716
0.025928931137997796
0.0463902336982838
0.0413205993959213
0.03758502917490915
0.03325260528168061
0.025884892264786075
0.008380187513243192
0.021776436156032426
0.021821583431726004
0.021052655211198364
0.02257614597884561
0.025763638023371106
0.0037159740717829896
0.03577402606995457
0.03671213371689926
0.040048599670113316
0.04523718208219856
-0.00575336130816809
-0.011501687041648972
0.056300677342571256
0.0629348125730054
0.06657909445905011
0.0654689959166962
0.06357282966211798
-0.00961021787555677
0.0642036400212218
0.062023769221240393
0.05287568893309881
0.04746425610429357
0.03301556256042248
0.035583635057738414
0.0354388304826275
0.030150960478551758
-0.00009836385479275456
0.023178173756626175
0.02093432096741625
0.020204259264976196
0.019880076258194268
0.022560401057424368
0.025403447095852932
0.002314340579716162
0.03593867492411171
0.00296140260876308
0.041456434281042995
0.049027784942130725
0.05247829633615572
0.05616707436234704
-0.0026290907750524395
0.06473461812386111
0.06483985549044624
0.06545929542147187
0.06926883781131367
0.06680008962884357
0.009390743870953934
0.05471204860080625
0.04897294095229694
0.04380099637054037
0.03503767037205066
-0.007210283488503558
0.03354865294179242
0.027864713659876722
0.024738287532071503
0.020230855886380933
0.021940058116909522
0.023391754369894092
0.026960245758299726
0.025864198532628634
0.03040231770846663
0.03693393220174829
0.03875505244296576
0.04150702056253064
0.04630352733271477
0.05131731480637623
0.054368399307777614
0.05977660130925415
0.06290985626584344
0.06675987925718779
0.06480590019158522
0.0672324104573742
0.06398941717875103
0.0650491196697416
0.04338894205252568
0.051009113542604144
0.04702351266180783
0.009369300067013066
0.01488718339271692
0.00931756797849237
0.02848444805298405
0.024690375827679894
0.007676503955926454
0.02104628382427713
0.005335427593014107
0.0027702758654593387
0.02541069034205231
0.024837777230045894
0.002038679844928632
0.03587506830169232
0.00756789583808375
0.04027632549390593
0.04582473306924738
0.050426084202424976
0.05538661374816124
0.011910514330873725
0.06487458986942182
0.015036765821510405
0.00718560257356415
0.07033533070613265
0.06488846769767218
0.06521282555894199
0.059074313676338426
0.053441773173601395
0.04971603859534253
0.04105315905267792
0.036838724367370596
0.03678196016821586
0.03249891956390371
0.027699005525936175
0.026881732860752305
0.025056635418832872
0.021663052848886595
0.022860604467969187
0.024071309258299624
0.0229015773557795
0.030422783474390605
0.03655097688305618
0.036715078179204635
0.03931121315936456
0.04546203300355313
0.049805399657359084
0.05467484880869952
0.05942677156972041
0.06424559294458543
0.0670600066305424
0.06766621947216532
0.06616019614280985
0.03443547413917048
0.06489697913191554
0.05802562818786035
0.039385742730411906
0.04720551379518184
0.04255482561409466
0.03791784020230602
0.033743200704740316
-0.006063042344354199
0.010965653577708678
0.014648540993856
0.004913335949162587
0.0011975878922935862
0.019094082440753064
0.023019842784559822
0.02279888887603653
0.025771253637179362
0.001980378846995888
0.03687543903712207
0.04361370851495033
-0.00005819686227438378
-0.004246312827869959
0.057151652292954894
0.06384078913068454
0.06422440680213139
0.019370412237433285
0.0704465598108576
0.06774243640375599
0.06661851249539737
0.06153755350680355
0.05799960282673371
0.06818777115372195
0.046742712356403975
0.04139651776433117
0.03941266635954499
0.034950885887405206
0.03135548343107798
0.02880812249931672
0.011741005593835858
0.024927431487854902
0.0012647160937564843
0.022207646778225655
0.023974468046707255
0.0039968351601494395
0.029693884835778554
0.03658652450790521
0.004974493457371127
0.0032703470012995506
0.04671384093815884
0.05185356667874297
0.010528668282111249
0.05890648266434659
0.06629549368405807
0.0670761277249736
0.006547922820483665
0.06681182317546597
0.068882231764817
0.024319566849176723
0.005753343248382059
0.05391070184173037
0.04780139596878652
0.024343387878458467
0.03625468452922042
0.033713548686243766
0.02898990141000009
0.02704430682453764
-0.0007662424104371533
0.02501622403291108
0.024140058960542846
0.00242020616905831
0.021074717391288883
0.0222459182126024
0.026091292183295357
0.030805045913075285
0.034544825973792034
0.03857320220887692
0.000903479636951289
0.04914574595031387
0.05367400520695001
0.05869783380991685
0.06489851610705029
0.0688346402678568
0.07437333105216132
0.07573075664035189
0.07246378661872073
0.07108336553649866
0.06668965212955436
0.043937864571542466
0.05517883542127776
0.025906713715957215
0.047099979053942746
0.04070340382435591
0.03551999716608961
0.010433937100900788
0.029865497487508004
0.027033458643005204
0.02749709200225676
0.009006165383617887
0.02356312098470525
0.025332723172006424
0.02628490483610803
0.004319660293448983
0.036907463992358384
0.03502667510065589
0.03914056586166079
-0.0008671244248135389
0.052697889052811975
0.05620241823454801
0.06108585772467673
0.06464764419057582
0.04850917483092544
0.07238121947766607
0.07309841602800451
0.06868695992626642
0.06513907425876428
0.06283410157747889
0.05772431564234784
0.02156339436329306
0.02470501127344656
0.018468880524214904
0.03283371287994386
0.027887525907694694
0.02562414584811288
0.023167967697168237
0.024732751251692008
0.024582421292186695
0.004465899088870396
0.02379191273925769
0.02596357336949954
0.029207989874310593
0.035480993982925486
0.03595867896389338
0.04158129989610752
0.04638773446093922
0.05347984818902144
0.010925421957809595
0.06389495303221862
0.06758228193095388
0.0720954874806363
0.023016215952753334
-0.0047853161968001365
0.0746503559271092
0.0007861462073012332
0.06724879672498851
0.059741841177118477
0.05767806779331548
0.052382536835537674
0.04501190561406685
0.04141383045746639
0.03400026313695796
0.03129734159427659
0.030217095458459776
0.015003451153071376
0.027689406770771897
0.026857931141738147
0.027728946015551224
0.02900264057677239
0.02626571708897709
0.02986675866054135
0.03587825330177798
0.037618568766416546
0.040081756590676816
0.04597494250744058
0.053354436362595646
0.06140264067533605
0.06386124684145124
0.07084817565831983
0.06874251524222368
0.07303051867645088
0.07718376462328955
0.07513202720714982
0.025138332802525816
0.06547826086037872
0.06186409324818348
0.05656390155753479
0.05236670454685387
0.045952563500565806
0.03852112710098997
0.012029274177480627
0.0003882576581820188
0.004897570342808376
0.025253500590265737
0.025449810479843574
0.0028525006421941806
0.025845751637387487
0.02571699661475635
0.026603258602551933
0.02949934106672486
0.035869346975802796
0.0383512552259611
-0.004432233515759387
0.047437712888255726
0.05430274731628743
0.0590074556989115
0.06273907344064733
0.07143112433127125
0.06943998792732306
0.0786426318659881
0.08113982187636726
0.08640801306106989
0.07525247257230536
-0.010044131051480977
-0.0036864231623550334
0.05486267003566993
0.05971389944435774
0.05299446941151869
0.04599306620244548
0.040364298577191135
0.03669244698765812
0.03317392056472698
0.030528756496871187
0.028496615837120386
0.029604566921144125
0.028932864352175146
0.029590564318865656
0.004119541612669943
0.03607964498320381
0.037203406726933105
0.003209715243255515
0.04912389461005559
-0.007280753336141435
-0.00589463105243564
0.06704301106408438
0.07190923359861291
0.07643505945733423
0.07702984709756427
0.07837822081500538
0.08084286692559849
0.07650979082084107
0.07183374030518873
-0.02110818311761912
0.05847852470960449
0.05918003924488524
0.055484939740119095
0.05355585024077281
0.03937736591160385
0.00899862680506535
0.03140280047411169
0.027864356854775264
0.026328487597495856
0.022709237533234266
0.027516780390908015
0.028976743850272525
0.007173806668799729
0.0019487531201103116
0.033369424532770954
0.03783063907665066
0.04268169704831651
0.048819319859206
0.05179047396477063
-0.005152048783898789
0.06752520907414748
0.07317451791089558
0.07562722839638565
0.0827576412453518
0.08604333411531827
0.08630027494337453
0.08742517343139614
0.08361252439491662
0.0587884200644977
0.07517683939023662
0.02704028968913124
0.06217471907267938
0.05948483426591565
0.05207400923734831
0.043271339542071824
0.03926088923993784
0.03569319390108421
0.03243561704218431
0.019935514916622397
0.025967385202539533
0.012328837166031188
0.016301506587460168
0.00905499192847202
0.008776543219097373
0.03954857334277466
0.006895232081537975
0.048288654317849955
0.00935981403091211
0.061083276766635296
-0.001224766487407325
0.07343076962506377
0.07717055792936556
0.08512058476907089
0.0312394340959622
0.08511224560591878
0.0881706315135691
0.021199736777872777
0.08118390610503999
0.07660161465706078
0.06595796917692606
0.06891244817155888
0.06682073410427333
0.05277006147225529
0.046071078335925726
0.04136211440123696
0.028143886469050958
0.030654379848455857
0.030018358822390793
0.02636044713083706
0.025715574063514133
0.029071911286352736
0.030257767861895025
0.008931588458771417
0.03491812428224331
0.0071911085639842914
0.048531705469590604
0.05386811905337092
0.05676706613407263
0.06485130444891829
0.07209532587924841
0.07725580877458486
0.0846708385813597
0.055412006357432285
0.09449464712707933
0.09451159995517452
0.09254419195425599
0.08976825149820819
0.08296120909406546
0.07795647564319702
0.0732255150363337
0.056817479253633875
0.05011921155758496
0.04902926536687628
0.043436458884625447
0.04138976461736142
0.026106435979338295
0.032740951331294094
0.032771311122230806
0.004207958827894792
0.03473550683290478
0.035900371499508865
0.03618956110546381
0.039007428356407574
0.04578534009031292
0.051664177404934605
0.058370421685615057
0.009792927974581922
-0.002041240709642976
-0.009476329186477957
0.08558122470121543
0.09257903598719067
0.02501875060525073
0.05594383294313781
-0.01572157078354834
-0.007824721856943329
-0.013207183758969426
0.08590525350127384
0.08463197124372261
0.08428264324259195
0.05893704959219194
0.07382097541729822
0.05186175280585835
0.012212489747483402
0.0424021032765366
0.03496209398002681
0.03226042986164178
0.032281174945765725
0.030830506416164583
-0.002307109853016312
0.031066396553562168
0.03417507447562377
0.03866827749282799
0.04046740940273571
0.04653185596086703
0.0068345577059760534
0.003525015210275227
0.002017636368603651
0.07854850378032105
0.08593227638698589
0.09336139825376535
0.09956578993344714
0.1087478718298221
0.10987889648476529
0.11040976556248483
0.11078867888954663
0.10376827006133837
0.10823964046213652
0.09941718191560643
0.09388413398540157
0.0613242848179749
0.08359511400000606
0.06684981591787345
0.05891876551160237
0.05321618996567153
0.009614950638118278
0.007954362938773385
0.0016324598733094692
0.03506956291664206
0.035006958400366335
0.018720862578365506
0.041498682732409864
0.012228870267271603
0.01974077522830221
0.023554162168562414
0.06185543980757596
0.007624207048420539
0.009713191429511506
0.08618635090157939
0.09451549053021813
0.009318950614147815
0.11119691470447321
0.11238031470037782
0.12199098883693399
0.013112261076187737
0.11819765323088505
0.10387337669414533
0.11179479075374774
0.10296349394616552
0.10019421271336534
0.09616091125502141
0.016632977125550563
0.07031684004134212
0.06253891883076032
0.006657335318711266
-0.0034388812297462823
0.03562253049763163
0.03284760772747636
0.012509293621794496
0.034935045444818714
0.01884741740076594
0.043545026502711984
0.04592850744634945
0.05301008204578529
0.06504494284573273
0.07370724831702799
0.08480298768048297
0.08724200957587022
0.016557847919014615
0.11414315623260735
0.12265209978576457
0.13019262361959077
0.1360749406755809
0.1418911145231499
0.1413895451336573
0.1446211800717515
0.13543854874277314
0.12827707688517018
0.12000987021212185
0.1075893289209147
0.11134016547470862
0.09210707222222597
0.02123284819595965
0.013437989959712557
0.057690191201948904
0.05994301742259445
0.05133363707526263
0.04398759736141103
0.044116672483218634
0.04363490226399082
0.04513421105080036
0.00936542775542118
0.056717003284457224
0.06629940041481894
0.0726784772662987
0.04215667370811453
0.09863200380148764
0.11134418837063895
0.12026574091599504
0.12695759178719002
0.1409414835341476
0.02907170865017515
0.15533738297455796
0.15796247424264998
0.16831891214152872
0.16319970215573948
0.15706658833068457
0.1522511984772185
0.1320835760580406
0.13605742174675567
0.04391121603913491
0.11382244278699355
0.09894842292927933
0.0848119939498385
0.07398117846695752
0.06885026515883749
0.060458056330870466
0.05712232368591251
0.048286619665994554
0.045977318647074786
0.0254862567392439
0.051171024492853955
0.05421215097978598
0.04426949597874811
0.07684583852396625
0.025750729856706844
0.10565227916396444
0.015847432684623207
0.1296019138509661
0.14353409256146787
0.15674021825598072
0.03047493925036008
0.18473226932132994
0.1892023656426361
0.19519531975456372
0.19841478475620744
0.20347660076592242
0.19911490004543278
0.19489040129778298
0.06534242838433948
0.15717559202575407
0.14736264202854565
0.14443642694822648
0.016823559376883318
0.002199015375224267
0.07808798614000027
0.08727004673844789
0.07840939136432877
0.03878300196070866
0.05465397814760331
0.0389099785551552
0.07684657114926051
0.07189454542667702
0.06264687708826594
0.11579684524722166
0.12268870720554231
0.08431395628170947
0.1648415698559973
0.0471387115966848
0.20067465645113539
-0.006169761944971153
0.23426096038568345
0.24275728481925551
0.2512430132072446
0.016688987303224212
0.015068826324757395
0.25678497253041427
0.2612587554872722
0.24589203637632442
0.22784597105052126
0.051282697671734295
0.2014022581632688
0.18040649972547884
0.15849131709115818
0.03377771361863208
0.11895085531553964
0.10523522568434132
0.10456611023121257
0.09834349633336847
0.08490463871555415
0.08445026145982118
0.07942632673338346
0.0939146383027891
0.12221787335235336
0.1212809135386505
0.14981462674421037
0.18162922514898805
0.2359158346779359
0.22490733611264524
0.2584404286701458
0.020674038674726336
0.3177128298055891
0.3133268824586446
0.36093007315207737
-0.02831436633855683
-0.07471539620758982
-0.03945794337630398
0.3799871137645355
0.3540982202803591
0.3814826865409821
0.37238553495109616
0.33131600497999264
0.3039631033377388
0.29102091227357924
-0.11868578901256821
0.24187995159098757
0.11838186679622809
0.06300756607502922
0.13411619043890466
0.01933473195226887
0.1507918620321942
0.173758339416883
0.162935546749423
0.16903981170436833
0.10660993240797412
0.18990029588346574
0.19942722715730182
0.1993133021513087
0.21255668708685704
0.20550825498651715
0.23660912033110282
0.2668815014538992
-0.27175629888949393
0.48218796087103355
0.057019100407971646
0.5003752472722368
0.6290609281109977
0.7728262771766423
0.6449505762101295
0.8407781838245256
0.42643310153543257
0.3156015193699817
0.5592761780845832
0.4357843580537941
0.33751282376528424
0.29115919492173825
1.350676051800499
0.8447800144981619
1.1369982543696375
0.9706184501580783
1.5168714066989737
0.10591244573866909
0.677158880389515
0.8541417128871513
0.9960111689743627
1.2682253775973091
1.923434138909092
1.2956248504732866
1.5746794610194566
1.8494310772741605
1.584484008500108
0.9752134097573659
1.341338438828271
2.471848717041579
2.0600874016776722
1.7429406063936543
1.33920773844772
1.8149714211856276
1.8416943323623256
2.9035730199350613
1.8259191694899641
2.119120774127258
1.9532743238363324
3.0529390724760233
1.1945474039122024
3.871111014640823
2.354631564558007
2.7700604785629066
2.9264393409276
3.848436246993887
4.15053111436267
4.784601379840872
5.2251765149409515
4.304302914448325
4.752973160331016
4.979106201922799
5.055758998161132
5.27906229027543
6.825028908093994
6.085736716443314
5.843121940773792
7.164962283315454
6.482725827512042
6.002474003532796
7.6588445897613475
6.7735428820827766
7.276329432996955
7.154837988385051
8.12971116866577
8.073929227381306
7.395662151829334
7.629477361472102
7.245189984852805
8.378576950919975
7.59720835032235
7.901881488987924
8.375408071611377
8.311853629165437
8.77651359801003
9.3944137486438
9.277864655736762
9.789402696558849
7.448199182116908
8.117553061511622
8.048837301084891
8.206704294111013
8.856317269055154
9.55033538590549
8.959104417615162
11.467009739784118
9.592282988625671
9.014802120514258
8.597385506198862
9.262169998616487
9.184478399699573
10.835693516045437
10.435389331447148
10.71694038570978
9.915078466063479
9.235253213313184
10.58320346451822
9.914025399763755
11.628816601025125
11.38467167059048
11.798783369583095
9.881089473751253
13.545952889918041
14.790830201973835
13.963710832540219
14.709357345411794
12.53582629758481
11.525008844958776
14.318403600368237
13.0855437892167
15.274795307391692
14.013681913756487
14.38908473075731
15.176290879643295
14.183969561911013
15.078562294625348
18.00004335916484
15.267801971034569
16.051798600512114
15.908768326690144
16.771582523987977
15.159392014963329
15.011678033835993
15.459997442814274
14.654048249684646
15.787918850090898
15.368744600450642
14.140607008877614
15.162969782427831
15.814402521201263
11.63190401541916
13.664575265938266
11.549739673826954
13.75311414503355
13.30343292312473
11.723775722053261
13.85523239325836
13.85356461231903
13.045574892289588
10.81850195764592
10.198125470530275
12.875755675411082
11.818628257769335
12.905967285833523
14.358855852333745
14.229171099092483
14.910508491487583
12.544938936101595
13.866166549067707
12.579742511981593
13.4704898378148
15.728259850625864
17.53315479447629
17.392869599936127
13.844289359729402
13.892132069697489
18.137585458802317
19.11915932867995
20.427009139914386
20.686112262943837
16.321304012406028
15.4863640592352
24.807372129865755
19.47575192480847
19.10363428385835
21.595108927450802
19.821639670811095
19.218041921930702
22.113339843946886
16.79977552966163
17.416008671113197
27.505817515532417
20.90005409740413
19.12232922380332
18.92164373295684
17.682267691686157
18.49526236251371
22.120188174484788
15.619541057500566
13.374052108073343
19.933989476241827
22.425612563841142
19.20627337698832
19.2520881656226
18.60769155837309
16.619436717773453
7.547516076873343
18.489316009766565
16.340531076579797
20.554965993436355
16.93493994594256
12.285446216099682
19.343820444170728
18.98114181817472
20.59431401627018
11.843399930519144
20.207522928701284
16.07110712437154
18.567902157221283
17.129365463249698
17.317029983489526
21.28526855406874
16.21239859480582
18.74704791005645
19.273726841405278
19.53686159213503
24.71725304114707
24.899921908633893
19.916056466335213
18.8982011008074
17.838108386534604
17.38208908343791
18.81889128872824
21.25694175922897
21.196544764047648
19.38925266934996
19.09188806891598
18.630148769778188
20.11790983697889
18.96004160342354
18.201178908050423
20.607092329970286
20.850846851966843
17.872760636797324
20.757471998596277
18.259159765708294
20.412224242008207
15.011933536749758
15.248120629740757
17.531637321004776
15.635280578560803
17.07442001953215
16.331740620290596
16.795771557999693
17.375251598996808
16.074479638781806
19.751213715683726
14.713103968734025
16.443228287444725
18.102268943859478
16.799227530399623
16.11224263175487
16.91744985547772
18.372066451305376
20.312434198508843
16.286154709820103
15.51067646835882
15.450751792313817
17.86774543670646
12.94582473840461
13.016449147880756
12.150127973863416
16.677199414691
14.173118882461662
14.713810150645621
13.103337572594775
12.664121632721098
13.873592033607402
15.766390849868458
16.156681815707174
11.336469789872368
13.348009726957955
13.450535300761437
9.053852331686322
11.167433020043699
18.307604698597956
16.28427087724971
9.238330126849021
10.769421074155673
14.387374029837934
13.38038000638046
12.90760536804289
12.101884564197345
14.233843674002275
13.154405643527346
13.935203364905222
9.249541983864248
12.117451538063616
18.599725755798453
14.078561145561986
11.15815224963068
11.811835423320959
11.374062749747337
9.462985815841023
7.566562452807318
7.334704921417959
8.37389170768802
11.850749309104948
10.802629108681133
7.180795444158633
8.069983771293458
7.190848709608957
10.213278980208422
7.914404261696317
6.129431654019545
8.57184639790839
9.652767402342354
8.815955030478737
7.019712907471741
6.390074431237048
6.229676587147283
6.5096015214161405
9.005398589612435
9.209360330671004
7.880756028604594
7.284185195629496
9.41300608855136
7.810778747851746
12.283538992136943
6.041705121558632
4.3732818973063114
5.267162411651224
10.845411191085105
6.36546458866218
6.463756605108424
4.270821590068525
21.308022205717727
9.535757241081704
4.558972418241645
6.903073239833301
14.751845983110352
11.055651518287657
8.091663917926148
8.644557125641246
10.792276480180828
6.18729736323603
6.682526103230507
6.557443540643574
8.512673711082442
6.966932762615986
8.027534554188358
5.459466181845739
6.781436462659212
7.237125682826537
6.22118733400123
4.734232925908489
4.945262974801719
7.1719791056520945
6.427589731928716
4.430852823713673
4.489447003828152
12.271491072791864
4.832348341407695
8.192368843554144
14.16144300848527
9.031860515806759
6.193014426195591
4.867775789741954
6.342567169390174
7.90680706991119
5.527522549994367
3.2412413169914327
3.1412607818869738
4.91175094393771
4.374506371502414
4.664970688930951
5.145022783458364
11.663480269530595
10.942322400912413
7.331998617255566
6.560461896519978
9.962726271423225
15.789987832092375
9.012083530958797
2.262448738704852
4.334957407864799
3.0518017958842965
4.972314238561027
3.9064348980653145
9.32461368116762
6.710776009098619
10.771578473044931
6.905979405356222
8.924373663235697
7.942385439386424
5.580828720959664
14.090902929862402
3.3219959819658724
0.7674519339609454
4.002785216299495
2.6210584528031005
4.166355224881319
4.0017804369305745
-0.7542174741897991
5.673689441757501
8.01301361833267
6.259788596419085
6.597588700414692
2.507046840544067
0.7300550808210051
9.046797590616388
12.987074719662843
0.7954594735898324
2.8996805932653285
8.334807830705046
2.8615763663107607
6.74086901839933
5.247837343040246
5.856818335294099
4.125005111386141
6.002326523623006
3.560375005834243
2.498681559594897
4.120795282343124
7.012296355572623
3.844182655578347
4.683795334968334
3.26839897527588
3.5064919162348342
14.67843169166722
2.51665418542179
4.121169402779782
4.142403453224204
3.5892122352191835
4.531108736981988
2.0822465004629604
0.7522814529831798
5.500089094783419
0.9017833283774666
7.252037082744679
4.297419462604392
4.05267574054526
4.514614362588528
3.6142663366689556
3.006719596779842
6.522904211474447
7.5941183496983236
4.964947985535896
4.36942457954024
4.309384709339544
7.900031284065816
4.7762714523645275
3.992902303469588
5.0129310834520115
3.960093925044178
2.9745582594148567
4.314993759411786
3.254813934766167
3.4645436997490897
3.8522939666185527
2.9390208167712455
5.660559896554011
4.564948850509423
11.717611118621107
3.0139276366359518
2.2145033882135214
4.7895592056263085
3.3345019566911303
5.543078423031711
3.6241628035089244
5.890663286856057
3.6170535690959884
5.121542132778713
5.939721476723972
6.128479283946482
2.7303395624427402
5.099821234982613
5.951408577028542
2.741555188802007
3.929997013548687
4.213696364625476
5.128037358599903
5.662791823509483
6.187341948544892
4.86765267696423
3.091626966625987
5.294289985838868
6.026010427203936
3.0786805031043833
5.157605870330386
3.8386250741201264
4.800638779514423
4.808681704693351
3.560441739294907
5.0932258214160715
4.93804204589553
4.271368700062338
4.421427667933607
3.600700522294977
3.4685255660273047
5.038257398353606
3.667848622899861
3.5965944260183633
3.79418175836191
3.369063271763652
3.3403142031787176
4.306340736169373
5.580016679944561
5.527982820623408
4.489951348045032
7.303436192294879
5.261487226083148
4.86420773460325
6.2744228814451635
6.482847335957583
2.6139411783012356
3.5099450744515686
4.490527610342733
4.102539135088053
4.451814760122289
6.252867326679931
5.761442454256985
5.34343955503576
4.504243606618699
5.8555160310102465
7.1859365777389925
6.754043101454528
8.40502101478829
5.313757216733324
9.820923083067152
7.460276433990362
6.4093256693176315
7.966250570623217
7.39312386568476
5.72703319008891
6.316701161169428
7.499351404093655
8.278745922083875
7.862887026514295
9.505497124074584
6.146851911136396
7.080269929059991
4.331539174173791
8.753045717959791
9.130306969967476
7.5081518778799765
7.019070194896372
11.842611165235942
7.994339810869818
9.111114552054167
10.366231677258305
7.96777448926051
9.084930546575494
8.84914838087311
10.001497569209597
12.463209878984875
3.947490221040045
12.610275334698905
12.541018438733675
14.05216099154149
15.638824464789568
12.546967248590507
9.016233944147238
13.944580658305505
12.791010280956144
12.721951052511201
12.940456875948268
12.457160000223006
11.130314013994377
11.824498288227995
11.988401584153165
12.445181014304596
13.151539483171192
13.259643777935912
15.143017079545869
12.531443907094776
11.780808744484041
17.179408592595568
17.34516586612334
12.138520076700718
12.92579423682029
11.883150135801559
11.921776794345755
9.751867647862706
12.895726668521622
15.348861644315077
12.522295578743808
11.596779740911167
12.660405657936579
16.101985519205826
13.263687076884503
13.688964895746066
11.36657457693629
11.148997864405477
14.3490604014812
13.207411833271237
15.433776802398977
13.423576899131806
14.481382013026074
11.818095603239815
15.155505767398786
13.54714596433583
14.126189357571697
15.708688460495285
13.474849253364734
14.715167182754328
14.100715602756068
15.063762479641131
17.28073401977702
17.99774045353393
13.54772966625585
13.639077064501986
15.872306795583498
14.27796484586711
13.869448411804193
12.996874210703403
13.879557715338311
15.397014132265788
12.978819089147883
19.907989982518785
13.720858925266857
12.703123404024527
11.194190941573517
14.436894432733464
11.933701811389323
15.884278583573854
12.158587330360078
11.532076552757331
11.561959973571653
12.286462270298749
13.604779504375859
9.981684433322432
13.407571086217722
13.691039100339395
10.969908801669277
7.730335193303063
12.18981699773256
9.173044990491285
11.25553521929968
14.952085328628307
11.527078713099186
13.800613032076273
14.129350482591239
15.485498736405685
12.775661656519278
14.908030993345367
15.405354017491323
15.13065597152281
12.826094637088508
11.875820062005046
13.772845454173378
6.589963520924439
9.807823743541277
11.624515531814923
13.294470825100351
14.939660482819614
16.77432119277902
12.248321435642136
11.378314808074936
11.80439237205632
12.695893918223476
13.161648599498195
11.112488417561464
12.522695654949603
10.025396729615721
11.608861948849942
13.498262981104725
10.535173485653416
9.273942416235279
12.931388752586553
10.971782349512957
10.30389185492622
9.815725352897525
10.089726800077193
9.520811118377773
7.9765368863033626
9.8822929940764
12.11198588138746
10.842511318643435
9.998693634636643
11.105507296397391
8.183493135321612
8.672344500312683
12.200762877464308
7.756783223339708
8.734595934237023
6.884652336865054
10.079419873098232
8.420581751846367
9.981476537823495
8.810865200451804
10.437276778643474
8.539922177479186
9.038054935456653
8.092466360563312
9.149543894188026
10.080988321945265
11.798355940567102
7.804579429339125
8.555500206286434
5.591156383564488
8.237649449360898
7.903007250576129
6.667341087569536
9.055586970271747
9.840038608208053
13.714818205632898
9.854005128506362
10.666217195780913
12.428176242161747
8.462803660443734
7.729299862448075
8.662601027360264
8.38725737686756
7.984947290861255
8.968090564534531
8.392951269238633
8.709987062539508
8.988515412172417
9.373748971277255
10.694563177816791
7.220313101948216
9.864735309983336
9.350565630561965
11.435596817127879
9.339041107643764
8.206957216442273
8.764372308282747
8.624544600342505
11.937948077436216
9.28431030574846
10.48572557450288
8.014902416730976
8.551786803011396
8.704780272156379
8.597658230607209
9.224414357312728
9.497190498429397
11.26985802992232
8.92807720456441
10.046223010768898
10.739159480326316
9.454462330557131
11.634262212934962
10.346655680977914
9.000372362035886
12.125690764940234
11.94718566236689
12.846646765270997
9.988081827845845
11.895727424487202
11.633894820321236
13.102139795130917
12.729308619922971
12.402760182439073
12.999987953365247
13.96119013143067
13.380604307037526
11.092190728290955
12.41133053530595
10.177207269935824
16.09444059042508
11.789494110002531
12.55367619194523
13.773233584268338
14.331080088292545
9.705646517395227
9.348904113220275
9.05431538218155
9.37632468366106
15.743090606737006
11.987773970526366
12.189530148404497
9.258681127325826
7.176329739382211
12.682805682293989
12.808640971525858
11.103010492430489
8.865964118231975
13.408021642212312
8.287032722406355
10.398148479369183
14.143990199631332
14.821577373437755
15.729259861985062
11.473272556963224
15.075714563205537
15.098835455405572
16.946130817640842
15.132789970488929
14.770212433406348
12.897079689292852
8.248104455934715
13.656260705986561
17.802053861882108
10.967718514701648
15.055442887944773
14.640331927913325
12.105562594363203
12.85009727391608
8.577394952851613
9.504685754113236
11.31316359458248
14.268991396479713
13.741421724716766
10.20441910685619
10.747761461238454
10.246527563688751
11.535379885242456
14.82696749182885
5.184753279567289
11.21772335895406
5.931382955086882
8.12416539271521
6.404294394894276
11.084873460220887
11.900232000835711
8.112663637979932
10.616403930451323
9.806512744744772
14.80467981997646
9.860589881341042
14.028632876882796
13.541796488574795
18.39558831047797
13.007539141483083
13.460952635871902
12.302759614180411
15.011800173999887
14.008970051467546
13.500862266188324
13.580536857997892
13.40541269624062
13.011225537706832
11.642642385518897
12.97409311756427
11.898612502952401
11.796698282049867
11.643435591172981
11.63912098623019
10.555417149660697
8.870628101931278
7.425940805528114
8.968498828431432
15.35547849705549
8.848675107805231
13.231842928783522
8.1506175533635
6.617565811350715
9.095432628495445
9.991616116029684
12.892335568773396
10.714156788623077
12.071296197484529
11.788421885330521
5.905879838228987
9.114075238411838
9.089511254035022
11.424727681713698
6.845151115957485
6.767027812532714
7.783257646079322
8.823628570213621
10.242798938406521
10.75972269716936
11.160920908703922
8.74360227969324
9.805175521920843
6.95742894848542
8.581526769761444
6.926662149822302
5.645478216628298
4.957759758401913
12.538587401096503
5.888777316361697
13.583730538627169
11.173819814535861
7.006596470836701
7.411509046698063
7.156293115973192
5.110102575226584
12.608893043754042
8.562884347911217
9.526276512942816
7.609306838869275
8.166088763827513
4.414104097679344
7.8120805635711825
10.898564433519757
6.0785798928241395
6.803771402078858
8.265438519603823
10.17713619659228
6.274447511963828
10.993809267395294
10.348605942059166
12.915536292830298
12.934178938779416
25.576582338272395
10.721028151203425
11.607202326170224
15.446811696922495
15.755330722452557
11.786020965816894
10.1395287775694
9.400046168708469
14.883064703765307
14.185427651605233
11.06731541554547
10.508120870190398
13.832124404631902
12.048264252918262
7.786084399743169
9.072923715496119
7.235719338885003
7.788625687023577
9.13181616407744
7.040914098991623
14.141343730946183
7.1854066585538
9.421822522621794
6.524518098076655
10.961623326663714
8.318825068814478
10.893782069086338
9.163021302563648
12.60746700760292
9.494034179000467
7.896732040112894
9.744576476759011
10.647783723596918
10.576921522926845
7.106650869865584
10.674284142505398
8.521840478182959
8.626347854206875
10.665841429148307
6.66788162864132
9.58138088462674
8.560058732874305
13.245079134669435
9.279807764702618
8.886670538185305
7.4878019619992955
11.617734418864565
7.83152496362119
9.026357044919639
7.806546104046385
7.5112951530271435
8.67031536074472
10.416970795020617
7.826817103353754
16.66351552818439
9.935915307069157
21.405484055252597
10.084831229927838
10.514321107952469
6.360494953541933
7.407311920757856
6.921113845178862
6.647251940970243
11.79845259776011
7.60651397494204
7.196977380339247
7.990151023933972
7.730010446377737
5.750760110608347
8.545626149578682
15.100433765426182
8.531595242158048
10.752190055151368
8.513850126793299
11.397877677798684
10.190326391960378
8.86576982416756
13.660823042205575
9.135582767361234
8.408257476297601
14.241173761432593
11.43940379676488
10.662143375352885
10.905737620722325
19.1176803038632
13.738315323303945
11.523509275582756
15.652808678836541
11.008562858597323
14.893271017900982
9.906831644540018
13.721126644893195
12.952413364505787
12.69712582582433
11.079128370654788
16.402329858423307
8.922565534702034
10.426050566392123
13.602083010057653
14.506848445094622
7.474926948380123
12.179077530495748
8.553679080739974
13.283532502349047
16.699262484588477
10.162935584348931
8.094237492820616
10.326049729127009
12.032906018104413
9.77044403194241
8.868458325645651
13.992647458753332
9.786819066047
10.285426148093192
11.091133217248894
10.075247369689185
11.982718673579495
8.454002260989958
12.758367707700371
4.680375931109349
11.321768347716139
8.847810416706212
11.717751118601237
10.159680276506155
5.579806961704698
5.466802870311582
5.668803575186885
9.738320929486179
8.13506705407671
11.898414318368058
9.820866603819725
10.119817343012187
7.8568010666636745
9.477553195792073
9.84008312335648
10.018678249141193
6.173171838567086
9.37017748689184
11.32319408597716
8.981270755666287
11.792114642010342
10.232894629854808
10.798340135166569
14.13683520731916
12.441856231732611
12.510535816465643
8.829237521489869
10.829180814835873
10.95277546106798
13.098125705443712
13.306635088440872
10.140238389160896
9.191992851830562
11.266043020510306
10.911628801617649
10.101170353929895
8.675194308204581
11.662826989296978
11.067393078983088
11.597873094482846
12.94398241514303
11.471549790555482
11.812538001493529
9.66384691056265
13.776730304507343
11.994981384854611
13.066693518266803
14.167269389038143
14.513632046520904
12.596996470370069
13.727670933243228
16.28181114870197
17.15876224584011
13.415100089816367
14.156354401848485
11.594679695493053
13.740803919899378
14.869509383505598
12.983369697850918
17.486242368932828
12.632803183029903
19.04206916955916
14.521785834566959
16.35684988189899
18.511167365926347
16.817513843956895
17.65353192880267
16.06992283200483
16.521184564511348
15.730733256398434
18.557791115578958
12.29027054011695
13.774621538278492
13.994952703630737
11.607539413312963
19.465925987157423
14.865105427725744
17.45623644346048
16.05186103765283
13.18729982118898
13.520901787125851
12.940050600599161
14.459310089969208
13.35187348770284
20.576948662918426
15.637650474994715
17.118801542307605
14.711440829953865
12.94733557748615
17.67258861616902
13.562315767379168
14.897283883998341
15.180098330734289
16.422302607105777
14.370945502003845
15.679688676279078
14.877149225423437
12.22791628552978
17.52730075973891
17.030341506264037
16.409059843791667
16.77449783591729
13.952562694543673
18.209036280567332
11.893067993871227
19.99417802983085
19.264609772629882
19.702592186157503
17.317534469421528
14.510307021373013
18.608901850137045
17.65595858796588
12.096544097856647
15.588649820957166
16.720544740148345
14.887801957705676
16.000720135432015
10.926423538220224
17.997485880422193
15.578880201711204
12.74499425198491
17.51299313206303
13.916841348735467
16.83756623482212
11.450757565907256
16.27944500276641
13.196990485406502
17.81933757456276
16.351275875186367
11.584128224963461
14.437519117261658
12.03311910084815
14.8853708526786
12.850159446076102
12.129933299732908
13.12921811815595
15.350712999039363
10.205825652432477
14.205295132341636
12.601466900501176
10.29532536138262
17.84433458487173
13.534354404565821
13.16386696605832
11.551478682167229
9.163644723551425
13.728969487676055
11.610707942561195
12.61964167213526
13.939824034154945
16.320119361779845
11.2761926636292
15.072465407207435
11.532961921491577
12.978700210821533
13.811903667376784
14.973767074417625
9.986036543445298
12.744360243347291
9.328633150201544
10.071449085541936
10.28898580969491
10.627719430518056
12.777953837576232
12.654635152016624
9.206368821870619
11.72631837653096
13.099280911146945
11.15763131820623
9.955122092915019
10.019170395523462
11.44753269694228
8.215421546631635
10.738887350199082
11.888651041173992
10.087939410230721
10.060119303915888
8.784572566428603
9.788446058116305
8.932388431213448
10.233955920675532
8.534087975842214
10.070195932519184
10.843827732960436
9.042615972491925
8.706449262109963
6.59707573044923
8.469266617577937
9.633069068722556
8.664181045859136
8.383835732859001
7.03123188531238
9.172640552148703
7.667130158586284
8.38715827402393
7.978753817779344
5.893238351521806
7.013082063517663
8.544993794690763
7.167173422269647
4.223472059492304
8.281008006013618
4.825776807698263
5.956722832550959
5.720197732328794
6.171560601915569
5.111321799131089
4.431207767633989
8.926811322099269
5.442726467626509
5.2487422395456935
5.5596251787211965
6.154608290915277
6.881948792847602
5.950372607254922
5.593737363789067
3.7533484552411718
5.293347570171042
5.952732239362929
5.234355737089887
3.4246468022138252
3.823242508804025
3.1154793243129504
4.650040445653932
4.859840918663884
5.13302718639201
3.239151779041622
3.660638962258984
4.293875579615847
3.8188931834388944
3.5856453276465183
3.713508873599645
3.1882086435702917
4.320236806043718
2.3633644520972563
4.22522774817905
2.292711831006905
1.4806161446138084
3.799926578454257
2.6730004686867144
3.987626323434972
2.1257162574660002
2.441540551465767
3.2668970576689915
1.71428412216527
3.974849499120798
2.789484464973298
3.1171881143893954
2.3953328809794625
2.288482440506434
2.2903547371018584
3.2670952557749127
2.668517906099079
3.790590854461585
2.240924598141654
2.8736096744865014
2.8516446212404256
3.4753196996605853
3.266305644468181
3.268388253624078
4.048314086371905
3.348188651328817
3.3775094947336504
3.130999608714218
4.3178020226531935
4.431449086271001
3.817281114741301
3.424237436638186
4.164338955244097
3.467243768625675
4.631325039488869
3.9611283734726332
4.227977485281411
4.450505179079042
4.769907718054654
3.400337990471753
3.9194931311850345
3.6255338140810927
3.4699436403640775
3.3472395580099863
3.9816128443318
3.316434106502741
3.875518979448476
3.8277319474577984
2.80729459219937
3.0490036035497705
1.5577595903888328
3.5645413054141604
3.595839016375707
3.442033737425811
2.521057378665221
2.8378977565413517
2.650616641882169
2.7673882892376476
2.754323858783351
3.3537996183566623
2.7706948334211474
2.3559887029981694
2.476481047971599
3.411851923892324
1.913704356130348
2.4974457339107903
2.845922360542235
2.412498978067509
2.869191553344399
2.470761266694497
2.7186237036347563
3.500116773199988
4.072722226637983
4.42992198711161
3.4156922379661356
2.155963677235174
3.1001997386196187
2.217667656028994
2.6645680438170007
4.683502387232577
4.3759831119067085
2.3033956766068013
2.4050884783590076
2.4070195379653314
2.389686173460499
2.3287736071357057
3.0469603441898774
2.6039756797785687
1.9814130595002695
3.5151481571877135
2.891865669919736
2.1904261966582497
2.0766066421066034
3.7312911279084044
2.835229457222136
3.1202937145012832
2.459181783979394
2.502778111007291
3.1697504693872443
2.9387421836481185
2.602586590147785
2.811278311811756
2.8505911122572667
3.671944233428511
3.284246653756522
3.0483220523636145
2.9575233106945045
3.793745194703431
3.4924791020553165
3.2172010158285134
3.218584140674964
5.434245391102456
3.1158224570201796
3.9449350187028536
3.9451347445550535
3.5885019931240123
4.607376861720024
7.349040443808747
4.564094519703297
3.8855492107499177
3.945323909118109
4.5342116724317405
5.084257125434341
6.048093829266991
5.325338929748733
6.318849891404438
6.075756622739862
6.025034058826755
6.472994856233724
6.633369866687961
7.622647528534633
7.605004600579739
6.4171293169862
7.984556783857107
8.476593298201138
6.894059635787622
7.267367926480983
7.036183091808168
7.674888198834074
8.663324791464346
8.854047371861558
7.768028524947996
9.231294428002606
8.780035873183508
9.228574072552103
9.836472923945664
9.141399867589056
10.072505162355299
10.307935684801322
10.516081040252455
8.979145275512277
9.360793373150177
8.668721904492644
9.38873713486134
10.111361318574478
8.935185864617534
9.383251253505184
9.91660255090952
10.788754668230428
10.648779297261576
10.860975169030205
10.08763746547368
10.098095390844446
9.612849450126188
10.454641999255315
9.327284552090184
11.322484285485395
10.742406550395518
10.325464765525155
10.02321221726353
8.618483038741932
9.41389137474028
9.180859565528854
8.030431962015559
9.521876095392416
10.085598112248917
9.783862970514129
8.635464930728519
9.958015303248652
11.509174050801876
9.715469052690334
9.315488098595255
11.103066279901851
9.841637069220123
10.523568460577593
8.866896176275255
9.12621949931759
9.443079953503398
8.953751987945598
8.725757904607072
9.707569692320035
8.333440413216016
9.427328613474657
9.94197829494528
10.347836434677477
10.558872755423096
9.293353374943358
9.384881887278295
7.822894457730026
8.067552754240534
8.264858176426737
8.328618802748274
7.507383662677405
7.322872257247634
7.39156715097599
6.611254774071778
6.9021923634456055
7.35153533111297
5.494200643941127
5.731280787276923
5.9276614852085645
4.977013135481648
6.1544918714465915
4.706171795555363
5.445054275899508
4.220185928662316
4.9772746251509945
4.843977858056214
4.140766451125579
4.087970515258767
3.9217006854938927
4.9854040202337195
4.230112073145355
4.369627256735994
4.254891658295394
4.7723134170865436
4.07862560821332
3.9792922569816698
3.494557463705342
3.720839204050635
6.058694243731805
3.8208404430748737
4.037527538904866
4.223490587485679
4.469871987637889
4.53380781559952
5.0315709421215296
4.004817241901293
4.528394820824475
3.2273364707207937
3.199193252309308
3.1342164671272554
2.9776567059106793
2.8704240808005754
4.533141154413377
2.795414431019348
2.58953315745384
2.379854656253505
2.2327787074324927
2.602548488115025
1.740462575918614
2.2083472486409836
1.3273556999005118
1.117435228466301
0.9272919569062661
0.6978983984518077
0.49541396191966514
1.1594854383680748
0.20528842335734088
0.7490173898494962
-0.007714354561879633
0.613014322734003
-0.13736409385741477
0.5170284830084986
0.485327265433796
-0.25543278340600195
0.31244654865003296
-0.3242873274772269
-0.28837891576220565
-0.2793957299316514
-0.25381744262851913
-0.19475388978744124
-0.12467648056172731
-0.09065876825188646
0.00507907919374917
0.4801897608138097
0.04901646715874708
0.29964714021187877
0.28657828905668103
0.31256063058278716
0.10733628057486777
0.08856316488452565
0.3042953336830308
0.04994166075550305
0.13647418898015756
0.015258511750794235
0.0011838126027435836
0.0690647444903551
0.08259404015146751
-0.03314918767649194
-0.035705085766759515
-0.018827994493558875
-0.010087434160807207
0.07075679908690946
-0.005869372181983912
0.012111771361704438
0.014067225730712896
0.0813559287907949
0.07183641093212761
0.1664652964015826
0.12691436058473826
0.18402069927150286
0.1423247003192531
0.14362261510026392
0.14284511053768428
0.1378604193557448
0.1220990558406089
0.10680462040561636
0.08664690475101877
0.061758891979220465
0.0352883729430519
0.019431172301414446
-0.010142106615600721
-0.03284057413850966
-0.05232980168022852
-0.05667942382051949
-0.05530600458937818
0.007324036543558232
0.06126564391991822
0.0561272741827476
0.039471436604928356
-0.044882544473752894
-0.031196014310599512
0.016566327743087056
0.0024901644386398913
0.09158246251875968
0.049869107805962404
0.0852875542990108
0.08641652666185315
0.07733019930274257
0.0992356570485112
0.1152440679703651
0.09850822718672236
0.09155720210942828
0.07831898303416102
0.09725938897768338
0.1484479299696374
0.01030644918991308
-0.023906330636382228
-0.04394871334801262
0.0943579981090778
-0.09773153243879557
0.025673111215128205
-0.11830282756764043
-0.11223547313041604
-0.11130672654489299
0.02709565318221442
-0.116117267880218
-0.10322444341773249
0.022606411092012807
-0.07353638536331536
-0.04708990366443799
-0.03154409022239524
-0.011715019232870438
0.00965205604202507
0.03834650446035276
0.052539863556390426
0.08339948812360187
0.09929150368092743
0.08575819695331988
0.10874065189718886
0.2193274198266328
0.1526364234981669
0.10523360456339213
0.050506527000709636
0.03572928435329421
0.05524433152729159
0.024138294829582574
-0.0016762844910315489
-0.0252193406962906
-0.0416553414385383
-0.05070305266545923
-0.06740364553234826
-0.08396074842906023
-0.09581294747019603
0.027542151488279598
-0.11400828113073151
-0.11889895555520896
0.06942323382660018
-0.10734201570526802
0.05371431423525465
0.03603998714255845
-0.07056922939251387
-0.061067445054454855
0.057444922411687305
-0.05531925216108152
0.13713858478321347
-0.012946885518493684
-0.023838254519075897
-0.03446361669193032
-0.045761220015871795
-0.04399507138133421
-0.057361759201942114
-0.05695981882704686
0.04950162529617133
-0.06091851529236536
0.009784742338829172
-0.051464743054135856
0.006988434126276644
-0.04409574103143961
-0.036750729192206455
0.02686975326892066
-0.043102599353378096
0.027903592145623976
0.04490808337765381
0.05082401229252874
-0.03614872542246174
-0.02974065946404006
-0.0191668361412832
-0.008272471069621673
0.01785160274244771
0.029042598518703625
0.02420560541445632
0.016144638105853926
0.026675171659826358
0.02780559909807001
0.08149068969945114
0.024058943852855813
0.012831894617662501
0.009231774688539182
0.00971684637670811
0.047220253948693176
0.006993174594359289
-0.008558954987655493
-0.012994032617633738
-0.003353422304102502
-0.008894638881114525
0.011598035776806292
0.030346450641276362
0.04683242445242856
0.062204188365683616
0.06550379502155823
0.08749506994224611
0.09551119569498981
0.08781172904309636
0.08501168507724718
0.07595766386763592
0.06722846815178855
0.07141050574147423
0.045972570812720326
0.038627372226192266
0.03710601939975605
0.012798212930532862
-0.00043188067507557437
-0.017332007488282175
0.04132565393743834
-0.02745640694187025
0.014430091138793372
-0.024353150009711597
0.020815323552066556
0.030915856279480028
0.01999454377405424
0.04061804683792482
0.058358909174191675
0.07895863099537002
0.08695491552622159
0.1124391039905268
0.13288837446742754
0.15099659223981654
0.1759957075351612
0.18471408217519122
0.1976831009775603
0.20896329360718766
0.23107685673984543
0.2388959402998841
0.23432040791938305
0.215793623263733
0.22266687763940235
0.1287368429231302
0.1972936015017739
0.1891719475236353
0.13072135994776876
0.14707759536099702
0.13786558876148838
0.14903699776167983
0.14182146681652044
0.15529997203369172
0.2005196909110922
0.11382893608477607
0.10965823712045646
0.09219149167767471
0.09845279012893546
0.1145944238639317
0.2568996029841651
0.2694064347283269
0.2689080897633128
0.23052167073187962
0.108846661969379
0.08141317845243905
0.2695606326633918
0.25443241491316704
0.2135112759525693
0.19422108980790947
0.16968725114982391
0.1544126816623561
0.1520540132537657
0.07709465327539995
0.08511674743169899
0.06806571066771154
0.03336997054506714
0.05573306732375232
0.05735866479869375
0.07803941877519939
0.05250367517450462
0.059999812142688014
0.05946027002444884
0.0737695970979739
0.07804873300996473
0.061233465307205207
0.08993759145449587
0.08919936482834737
0.03772801587889563
0.08391034621666918
0.11995313719788908
0.02717734825810724
0.009210379779594838
0.04071444291246252
0.01894645735470235
0.002695284834586878
-0.009483598410399308
0.21131870201122332
-0.04973427066140157
0.09157181921038138
-0.028582154312932845
0.06922031237676851
0.005755393511265611
-0.1373075668452115
-0.14900877730902834
-0.14108248907309207
0.08577988624797536
-0.09535496983848282
-0.07518170144728861
0.030936405595999014
-0.03172361729041749
0.0024440517999402833
0.05780560211446455
0.1110964732495879
0.1544363020468682
0.18530037315353223
0.07485422721989209
0.048071256057662534
0.2531998300568244
0.2609018956483811
0.23019586312448267
0.18733479481291213
0.1437265619684905
0.08353568143836068
0.02173707022549856
-0.010520573765802704
-0.10151228456863315
-0.1753407024105225
-0.24637944897516467
-0.3116772760666741
-0.3748826844506548
-0.46377247032270486
-0.5295831338093067
-0.6036921738290948
-0.5974573658124476
-0.6101368169218745
-0.5940132651195792
0.049393661780081435
-0.6138296068439679
0.05610984256401824
0.10942926343880299
-0.5721176506487198
0.16426962482670393
0.2293931221663804
0.20763914272416262
0.19358373759961062
0.2817538669468612
0.2823089594664112
0.35167021796653003
0.3269444633230203
0.20406439861238487
0.40816234955028446
0.4068049121248693
0.38491633601495356
0.3915949695228258
0.3577344494376395
0.34217222299472677
0.35514922613962535
0.3883377605807642
0.3660513518357219
0.39004586969910454
0.34753090054765357
0.3187324691765141
0.33976068513105506
0.4569818253397747
0.4473472767916091
0.46144829871367854
0.5564235109626519
0.4655250985223156
0.5438741334883722
0.6170509629832368
0.6209288583750936
0.5450635932430482
0.5923382547137186
0.5065827922940412
0.5328953269502694
0.44846083891357946
0.45993657465199983
0.5104074959200916
0.47779072192302247
0.5224064446076422
0.5061827464338154
0.5287227148861278
0.7585261206190133
0.49686301435305597
0.5332502729234219
0.5335191092357627
0.47978022389017494
0.49351759436404724
0.6027146747299807
0.537467204462825
0.5548437822588995
0.5382688049333993
0.6167587089938255
0.4861949134134101
0.44807681159486235
0.544403517536312
0.5041563054202823
0.5124762763311492
0.5004055642272932
0.4555911109408477
0.46691483978815507
0.4389954806219949
0.44608386218804713
0.4430741475591147
0.40768444366889334
0.4574606552823563
0.501091901167255
0.4292698635209413
0.8835328756066422
0.41747255162526414
0.42258354322232594
0.4339361350190877
0.38074060826365
0.726856363522079
0.741577943131161
0.8094891518556538
0.8116397352711487
0.7961987816551804
0.7637150176644296
0.6724123235134604
0.5212299426854703
0.53412254251794
0.4753412381321551
0.39480353251471145
0.3259631779787392
0.26529924214545697
0.17767922563642366
0.32525948138584254
0.2829937867906515
0.05683391084767905
0.31054309613385456
-0.006798967090401259
-0.018272622856530557
-0.040655969402180414
-0.07269969873441665
-0.061027271178732606
-0.03792455271835335
0.13885722947778778
0.21536693761250134
0.07979000183703822
0.17539775104398905
0.18808061888744773
0.26639424352500884
0.2989940128488823
0.33881243570557174
0.3630482199890822
0.43377650656947786
0.5101950592818352
0.3668153865160705
0.714905557596551
0.8013346218223156
0.9030703285798375
0.8856922317135594
0.32732336413881225
0.3905239258162276
0.8941711596587368
0.3494532523276591
0.9630632394990908
0.3361997315298665
0.3295943586374368
0.2957525334320233
0.9285516947168269
0.28744193468287027
0.31083810916242915
0.32025760268590653
0.3238035321023784
0.3468916256808778
0.6554913047388099
0.22947235110861625
0.5032394537254983
0.24667455424650633
0.3437343475259927
0.24321146097258484
0.09871870846204785
0.08969889312737142
-0.11272484331307911
0.09885996863188015
-0.27901167750872163
-0.06500752841835791
-0.38577476046816384
-0.026392285119134648
-0.03302480078876076
-0.45001147548245396
-0.45406381170068055
-0.04764353275495817
-0.09493658476654915
-0.05978244233712887
-0.06652456151246475
-0.03320116177220854
-0.3595177776574823
-0.0664671237053962
-0.042538664037729365
-0.2727672541547092
-0.05432766801272912
-0.27876362751345213
-0.07011783424518626
-0.26836208436777914
-0.290237388305546
-0.11114372633571695
-0.3751063879463361
-0.37578421820304975
-0.0963009877464551
-0.4229889720764962
-0.08990735136646466
-0.4526278863996347
-0.07431192630231076
-0.0703655492565539
-0.06795401518729627
-0.2267858869031678
-0.16988240457297285
0.04365754463485358
-0.05576344459073082
-0.04160653764337707
-0.00043431866524443197
0.0819525414671846
0.15486101367348692
0.20190272742645368
0.08962242444801377
0.2403970302261253
0.10568919975382178
0.05969004336733763
0.11878811920118973
0.05269645340076863
0.0002252892075656765
-0.07400213033688285
-0.11829092054212051
-0.16023448578061456
-0.10285978851998424
-0.15758449676320466
-0.13243245681468074
-0.10901717254664826
-0.11797845577488918
-0.09556567107659893
-0.39220052051621423
-0.2778397438696549
-0.19502866036861488
-0.07384209799837907
0.0038936977719749577
0.12514820662525972
0.05687025264875836
0.3621152163264937
0.14741615993491325
0.533596341404185
0.06340168584733874
0.6357902257506116
0.6555643440275934
0.6435641602428663
0.6275372024154107
0.5667060669243897
0.46291718651808944
0.012142177409849159
0.1327626162816007
-0.02663208450914778
-0.084219274135026
-0.26328603272452905
-0.11445773212569191
-0.18727661925432404
-0.05794752601026881
-0.16744640564128627
-0.40397157506358816
-0.4351210861763034
-0.39415846286673006
-0.4113663998933115
-0.36248913813318173
-0.348451686863122
0.6437678608510613
-0.32787622361320357
0.01593156569782872
0.7958937052230133
0.6672151332522718
0.7482277150473204
0.0774831701075156
0.05668365396220132
1.444137186457593
0.10535815500422219
0.07071387421453368
0.2124839580820148
0.8497469018604309
0.299951988875542
0.44402586947705647
0.5289348659471873
1.3853502863958478
1.6215902980659855
1.4315257056369064
2.0074430727958896
2.542395931702851
2.709740752467153
3.1160468606800755
3.324661753690711
3.4129632825300935
3.928552795483811
4.2322855325061965
4.774601124631497
5.010621492387148
5.198560286576225
5.877812857527588
5.693238172921111
6.20770916275065
5.265953920573109
6.827419587089777
6.07869264736866
6.388258706506043
5.399480110686728
6.695105558098662
4.794068859933208
6.359967237956615
5.459392057466715
5.1023710957619315
5.132220739904796
5.3203177484071045
4.937414033581923
5.095415405496004
5.759888632217787
5.274644927293659
4.822386007036913
4.861737076390223
5.341769431645452
4.851146266111527
5.757384270885892
6.049263355826566
5.3199617522960585
6.894218384155483
7.140997576491571
7.500758876433029
5.36019990330377
8.158132264998532
8.37922405789586
8.838085987418403
5.00988160834041
5.736050889762626
5.488609383342631
5.101020552565423
4.696112028496825
5.2566312856329755
4.6730321239569745
4.427335659551224
5.677021675536735
4.971108802280363
4.626360712571707
4.944815825350783
4.909393916602753
4.207532342487301
4.303702322673512
4.746848675975941
4.050908603593967
4.08763593123769
4.2819540744698585
3.555480123163433
3.87003650394772
4.227120882127537
3.683070810855732
4.017076083225531
4.139690601551283
2.9790323352415937
3.8586326912649196
4.041781824208309
5.3260217432178445
5.158901037487372
3.7272024067815823
3.446757560482448
4.438232520970866
6.318756181906759
5.954813970294061
3.8002307383912273
2.0895062361031203
3.2068477657731957
5.632668089267019
2.7807893189916646
3.803191265621379
3.886191467521975
5.359863125339695
4.8798802973291515
4.82343087876263
7.20714578359193
5.9344395244607595
3.846294472898565
2.2839299568224956
5.363433946301992
7.105404880801229
5.004106936723993
6.244918890762218
5.496018030064442
5.318283747930302
5.4019098777989605
7.2560671006637545
6.307151735916785
7.1355567000343365
4.860924232787271
6.956517159531348
7.252144169110828
6.3561451935717495
8.00864900640062
7.944374258089958
7.556734592464215
7.97262672679044
9.768583483700965
7.454263852131424
8.142385791765413
9.254894488129622
8.158366469635133
7.3407765994741885
7.69158641756869
9.369827455675882
7.113688061509571
8.774606108875748
6.836869877898289
6.370597288771476
5.456728168651914
12.175621133025192
5.904678911314781
7.502383621065343
6.710229528160296
10.212220921514158
10.007983846510372
9.508410055007753
19.762511251892235
8.405331309653475
9.81146931419919
9.625496819681048
11.659044844443077
10.31507445327955
10.895979865501133
11.304722313088769
11.665903309906401
11.782971356431895
11.959489742820011
16.646270875784786
13.425975733077586
10.935364423880113
11.048643782853887
12.172441105308527
13.265795975448357
9.338093741217298
11.642998100938296
9.319912167622757
11.455196494020877
12.140254057785274
12.177412562027051
9.797145579036886
9.720162993823322
9.904968902966047
9.963096448239359
9.133662409922174
9.908030017186434
9.491924640676896
10.576895035298051
10.090551367021437
10.363893774877623
8.97382184437883
8.991834967914714
9.16447005107447
7.538433077205754
8.326797360723374
7.134144354785942
8.420555112134084
7.466445142612319
5.737230381618211
6.976416231787951
7.6537899242542355
6.505880744365541
5.6675958944971185
5.465827002918239
6.411592999689354
3.0814733868725206
5.483648130414725
6.5410390394294184
5.574964484675763
5.250655540191766
4.639674913167742
4.030255076584796
3.618581523316209
5.83633326391617
5.994261868952706
5.563607017075106
4.688239654433396
6.87585456652703
5.084382611193536
9.849830476732613
8.360433041649856
6.616333857081651
5.8704136830516
5.8487563201291355
8.1179278679549
6.05070720860253
7.528915102369597
6.252762957993907
5.221486240343738
5.228024329545628
7.764455678363519
6.063205660400206
7.201204834670655
6.127017780303173
7.7312761241427115
7.514764469420228
8.129670498272045
6.601173463913477
7.419989601635878
7.572233132585991
7.823501898526682
7.250455809702794
7.8733910357297505
8.28113761626497
8.0019928453023
8.268261966453942
8.041657841754137
8.097281632961835
7.2276969163833344
7.596700556460259
5.98213374536218
6.228631785367554
6.123684132155111
8.986582824828421
7.813472596585831
6.876120029823746
8.802639915403528
7.501654776295675
9.693639879014045
7.821444335582744
8.383196817435678
8.205746516616745
7.534252640365368
7.72133087188164
8.373270878671576
8.500763260751077
8.048169133294865
8.387045354197372
6.333388096416313
6.725857087898157
9.438114014038634
9.093530826194193
10.094023332120207
9.455792750600844
9.854230438669425
6.455943567854033
8.791038452350763
7.71110835691591
6.155564713296163
6.566281350121504
8.409480591422398
9.335518809739543
10.979838654893731
7.1292577286071275
6.439958066748452
9.733986497765487
9.225256964819792
11.341832831776713
11.14676338474023
15.228534420711505
6.433792549481107
7.41667752617195
11.461246202585013
10.217861610505231
8.393747734346901
7.924278777223905
24.29176790322328
6.166384810450787
6.61536036879294
5.414749792027158
9.7226229182978
12.139746520870967
6.229536446142468
7.365897972378253
6.400665333072828
2.9281252712707424
7.702984683044484
9.11249149170369
9.530605058848632
9.164173297681815
8.925152239243316
10.52019094038757
6.49001327345781
6.0125724587308484
13.175660384630145
9.020429191403322
9.273328674272818
10.19375424305229
12.566469953107683
10.260704468780517
8.761977127550834
9.209440224534294
17.245241198964496
12.371993252388425
8.66441041016267
8.59807331657971
7.760554083644823
13.084622248505738
6.443934262589969
8.04488555220231
10.173731264554704
7.1677641578867695
9.029851363280955
8.726471833425899
6.998773838078371
7.191515470647298
7.818015987272567
10.808604263983181
5.897617057406357
8.140528521206056
7.259953424257429
4.918454601230639
6.814464211636759
4.967467681991147
7.313140041702789
7.529336660970451
10.249247954814326
9.630184841206793
6.839378278091377
7.6779027102420905
8.720347490263903
9.653684620640796
10.906187018979505
6.108742482644921
6.651792239865582
11.47346193667699
8.601918326303919
8.823703591735814
13.2409865244181
14.739284546335485
9.771104811032737
6.781512860383877
8.532594205763402
5.488256869583044
3.266362331556593
7.540224072830862
7.162489528214646
8.757257348726238
6.593305264702522
2.8767865960280865
8.244875884360932
4.876177683592882
5.39420069547803
6.056936595724441
3.4643034265408197
2.6995065726730374
6.989265570014908
4.552570389688658
9.583795572886501
6.143811609261618
7.725358558768484
12.238581125383659
14.435116734320868
7.214031672805039
7.8952069751760945
7.505378699856195
8.706426478385419
6.398916442843436
5.83574829841162
7.981126685255283
5.998173693641526
3.6035241088866314
6.602591253339856
5.891568873907417
7.24859215862579
9.989966677440934
9.169646582739654
7.89901468682503
5.385897216782986
1.742512817899268
2.40919631052434
7.371897016736575
6.613277651922093
2.5999259846362754
5.92021037672858
14.027336104133543
6.902023836548391
5.542387269126305
7.139513593755506
4.054479312615687
4.9948730841263504
7.139055849487097
3.4989508933142197
5.7551691983312665
7.631415613216596
6.767246756731916
7.978490823202231
4.816976057115188
4.763178173396135
6.429757549031947
14.834447460532918
6.647038378978307
10.996778870957527
6.0623254421557355
5.047825156313873
4.210925460136011
3.56265865339887
0.6523174085257999
6.537980156938245
7.709222498784499
1.6292976078355998
4.585656756776167
5.128192266191267
6.463505012777521
6.311667627155707
2.0200865219027406
4.069775932634421
6.516057474456112
6.661529933688781
0.7808317036899979
8.468123059381167
9.8634309889803
4.37252971066016
9.165137900729182
5.5472546691119895
8.317284558319445
5.497679543905271
10.596882522611967
6.127988179162623
5.04875275751494
5.146838697493788
3.5856962148433986
5.773710458611783
4.41939906438002
6.736867008349437
5.747577425729638
5.895468002390842
5.330953854865401
5.857208264006102
4.777453632400542
0.805739307496026
4.5566388853629025
3.427193488908541
2.926912073389561
6.341502457295819
4.796055305819781
2.5767957220421227
3.576456027357425
6.945652392100321
4.448405690604545
1.296185655630099
5.012139269442267
7.924924130017121
5.56274426099259
5.571142219976629
5.61293937054695
2.8554430237497606
5.800227020560113
2.8405483799086397
3.6235136922211755
4.494665462187788
2.6321785265727407
2.2115591168221016
5.246093452080972
5.033765922646317
3.630519195351818
4.590923216219995
2.009909356054921
2.4490147482864746
5.374750283243058
4.291967491425627
4.075059361551165
3.644387688791271
2.629370921859051
5.295507261972588
5.251425660031613
7.68150291252474
4.814486465661178
5.4601056561196195
8.605031668976125
5.246385595650185
7.178721696547221
6.449514814487253
5.008324882890637
3.780879466868168
4.321613519554701
2.212226607809372
2.7400687424702923
1.5194572168312934
4.1600817087594395
0.06414626944494906
1.434318320906451
1.3581793598485756
-0.8113720253253334
2.8544705891164757
0.903948992949827
3.377663809963143
2.115124390227354
1.5861330039100086
1.2794630477175764
1.5248691925338056
2.683514335029127
7.788046378875945
1.9599663131982181
4.434799345022357
4.297785203142557
8.675467752184645
5.881499596069981
7.721295828681938
2.8639913611892744
3.6374277166900217
5.011107870207127
-0.17050306609232457
3.8979427349687823
2.7925439092069952
2.3766146972772804
1.421146286221135
2.929852030172805
1.2583011316424235
0.9231372927059027
-0.07930856637321249
1.0015467023662286
2.4020823734678585
1.292741953255696
1.918956095404246
1.7196060573200054
1.7647812870840909
5.297469796796505
4.954288206605105
5.0115554705324605
6.412907680847066
3.3358391341700173
6.259953922116867
4.7638614988962065
4.399511232410511
4.603949543120896
5.740603570515759
5.460049721587142
2.997447182877317
6.178295114303822
5.441186912328366
4.8782623002997125
4.847421507632699
6.327169143336821
7.044795456183347
6.153754730748101
7.656430024174378
9.853192276884416
10.45582741416487
9.280474926783937
9.09819273114882
7.696285086071466
8.612887809608981
6.503261459602605
7.1798892697161145
4.787403940303177
3.5739717884108657
-1.0833014820247442
2.2185373834815083
-3.208866622475722
0.09189474631486849
-3.953131326361146
-6.18449744508377
-3.0697567801050534
0.1887229362202394
2.0134949823674804
-1.9286982355358964
0.9221808782426688
0.9724081953245207
3.644420043536572
10.02004319739677
9.647490702833194
10.825481851691631
12.583731114837065
16.490381869566022
14.544276015479827
15.475913983618538
18.843016337771722
18.31507016303238
16.788552213039985
16.129245366952173
13.321947273194102
9.918192249743097
8.537540820046768
7.244809807596236
7.46865349001288
3.7490837020865984
5.6188622363425695
5.390952933232951
5.826655177928214
5.8593134276509184
6.9947686560246325
7.246868793093097
8.958782077731843
8.13675551511384
8.399273067316084
7.748688186160144
6.833037519722936
7.43797065559927
3.216562054074937
0.8957141685507679
-1.9648062442818501
-5.798798779346875
-7.746908309936234
-9.23251943284213
-6.42836278865092
-8.146214827788565
-6.816452689206602
-6.279522519752988
-2.2491423769470043
-2.2304839687863676
-1.223447898925583
4.027023323968112
4.48751790527556
5.206710826554435
7.122882674191562
8.482143977912672
12.91875229612164
15.154974350365682
7.46891387789324
11.366487183953417
4.900781038915287
10.068525842762744
0.3119794199306316
1.4944637326039523
2.54030646761759
2.5504688412836813
1.898225014952767
3.901542523794462
5.204007121598884
6.753949643217301
8.143134967157433
9.223959818664326
10.735218080108325
10.599004405296007
10.852363122753546
9.852955483730122
8.348354207645524
6.218128951226982
3.8554625100455047
0.9862091753980811
-1.0387319001253448
-3.7302503854666638
-8.056149211811249
-8.92813004918958
-10.038196730284119
-9.344729579679015
-8.10575906939163
-7.66356922738549
-7.247144533902431
-5.045944220770916
-3.1632038143102044
-0.4221206830977128
0.39212920673797536
1.8370351330636217
0.10222103687450623
0.6155370750684419
-1.6012929485468135
-2.244024220011857
-3.5000661538938944
-3.0581997324041676
-3.701124019925424
-3.6595319052387114
-4.189318484341737
-2.189007443865078
3.43102527335299
6.44485956617868
8.207381513401732
10.276579573391295
11.646742521249138
11.193366564204982
12.213264326797482
9.693482110877657
8.116344631955009
7.314657837654532
5.486536331546775
2.699977767412348
0.42998369728860886
-0.13000713345825687
-2.0383980601691847
-1.41812119827698
-3.06790561628634
-2.9477943989677966
-2.390952100150047
-1.9868172189250624
-0.16035350996530173
-1.3358603568051821
-1.2875353347822938
0.1858226612706133
0.05973750043630566
0.07033604467684212
-0.058636327029618907
0.19446251184141944
0.3437787295019975
0.543042167323896
0.7574349445690192
0.7880336488459264
0.7648894395214382
0.6364132704454862
0.40443101286213073
0.222487075858851
0.07766456522589761
-0.0540567965147072
-0.08942923740276945
-0.16366555794444565
0.04443813542870889
-0.0400970020398248
0.2967509521056372
0.3624479712943462
0.35692223440246246
0.16392704145501263
0.19817688491345464
0.08447050369427132
0.007105802455640062
-0.02486298029464431
0.012045276461416607
-0.005513510559769758
0.0746011291939904
0.1860576069665784
0.2402410082768116
0.37581815445035377
0.2401412168782707
0.22998257198250746
0.10465464796210543
0.02919282560533623
-0.022450197854915303
-0.06339715585251024
0.034831276554463136
0.1023957855070872
0.10112737313115852
0.10529488592070069
0.2586054081549707
0.23086273958772263
0.09389518022792304
0.07167602369161749
0.0062077805752816465
-0.019758849829718622
0.005840925903202954
0.05389509852044838
0.14016174359564673
0.2185086568137889
0.26420867477434995
0.2527481511874317
0.20141900422058706
0.09597067732073869
0.03996237396500002
-0.016096418407057923
-0.013316932625867625
0.013099555070867075
0.0043719499616664825
0.17765043756418916
0.21901562489179316
0.133463077096991
0.08359755444820793
0.10913884920375515
0.033879841277483835
-0.003900007760231721
-0.007777309193158884
0.018622977999072796
0.08719265936188715
0.16820432367508592
0.2163662005976234
0.20500237933458004
0.16207427988617473
0.02713801678873047
-0.01573628814722776
-0.010009621821724692
0.034769949013468665
0.11247914760151886
0.1766312039606829
0.18822024755885014
0.164957699286598
0.10946236294618948
0.043206310299924604
-0.0014120940343127517
-0.005713146143892459
0.012075801974140106
0.08890970183133332
0.053106217830564045
0.18877006938751204
0.16554925537677448
0.05486644108859462
0.04624415504474713
-0.0021667981608918434
-0.007233921417083372
0.020114733001158874
0.09404322023432085
0.159908191940892
0.06917275516613619
0.06552547152960078
0.08322277540792533
0.02423653562434441
-0.006015641391836176
-0.0055834145728269995
0.045705478452944044
0.1246314088993184
0.16761367050114476
0.1576243055879926
0.06251146189220405
0.041594413337828914
-0.003570992570134444
-0.009318795876905022
0.008707165116565961
0.012893854256101844
0.1589291384491923
0.14773390689680685
0.09850745752067276
0.024209205325686906
-0.0033018895862098867
-0.006870694524606058
0.04612527694707888
0.04390195776705002
0.1539429495248098
0.05049354466960487
0.07417277425119122
0.017424819911544136
-0.004865848452375945
0.020585529778880257
0.09599230991568986
0.1438254198757494
0.05398910632451793
0.08450815408806218
0.013550420923092733
-0.00572489567139665
0.006634019172984243
0.08609808732819538
0.03046974088047545
0.058099265111188084
0.07526455334540164
0.015718229633885986
-0.006895549461776611
0.03292227480199783
0.10840488523680865
0.1336498555202617
0.10271672209790297
0.01045851541975187
-0.00238048949954168
0.008828561561813324
0.018017279410614075
0.12262035894918993
0.10774479153060294
0.043315375442958166
-0.0022434294567009743
0.0017526339344871855
0.009926199713103094
0.03985686978256991
0.08988118822356517
0.02109084256709296
-0.003912625889523334
0.03593700846009425
0.10357281477393815
0.04876669906236561
0.015499089715787666
-0.0017154159550836915
0.020372010414472036
-0.005220514249656416
0.020026751286793838
0.040729337129948334
-0.0028759281313830913
0.02713347076505472
0.0833534831085117
0.07732058444471294
0.014560704768340597
0.009464388753350858
0.009464388753350858
0.009464388753350858
0.009464388753350858
0.009464388753350858
0.009464388753350858
0.009464388753350858
0.009464388753350858
0.009464388753350858
0.009464388753350858
0.009464388753350858
0.009464388753350858
0.009464388753350858
0.009464388753350858
0.009464388753350858
0.009464388753350858
0.009464388753350858
0.009464388753350858
0.009464388753350858
0.009464388753350858
0.009464388753350858
0.009464388753350858
0.009464388753350858
0.009464388753350858
0.009464388753350858