0.012541107833385468
0.012541107833385468
0.012541107833385468
0.012541107833385468
-0.008262142539024353
0.012541107833385468
0.012541107833385468
0.012541107833385468
0.012541107833385468
0.012541107833385468
0.012541107833385468
0.012541107833385468
0.012541107833385468
0.012541107833385468
0.012541107833385468
0.012541107833385468
0.012541107833385468
-0.008262142539024353
0.012541107833385468
0.012541107833385468
0.012541107833385468
0.012541107833385468
-0.008262142539024353
0.012541107833385468
0.012541107833385468
-0.0003051671694327201
-0.0022446648362439764
-0.0029150728479820573
0.0000730747886021248
0.00037956873261501536
-0.00042928316607206856
-0.0015316903029704548
-0.0005060875672290768
0.0006636070844599972
0.00032079718474510707
-0.0007314239759485879
-0.0032173825114608593
0.0015643352926444417
0.00006061047681908509
0.0005187530592926982
-0.0005511720558554004
-0.0018643737296334733
-0.001353357024420531
-0.0011053517760003639
0.000484677998365806
0.0003778608799724805
-0.0008934229415228057
-0.0029916895531705914
-0.0011875540726998882
0.0003482353128195729
0.00085705810032328
0.0005988078917279825
-0.0003039277855577613
-0.0017093295458925975
-0.001018249991283908
0.0002460968078552561
0.0008704062630777512
0.0006987943664958631
-0.00018955365998821964
-0.0013997772241842142
-0.001503842329874371
-0.0016252372676413655
-0.0007984088126105904
0.0008119129490950956
0.000741899782283135
0.00008657480723090197
0.0022929831555280103
-0.0008602773989601509
-0.0002482919242273937
0.0008370027801007929
0.0013488185274020646
0.000938445047176707
-0.00022020702816159625
-0.0010760515689761628
-0.001208391760009777
-0.001379155742351243
0.0010027675569101724
0.0016546087982190778
0.0012218264118623251
0.0006852321192072061
0.0001379986048988869
-0.0009034334952331595
-0.0016662199031993348
0.0011640380373556768
0.0008099461134763591
0.0014347187344444859
0.0014810111927870259
0.0005638906704663895
-0.0005985244526566205
-0.0017806189168417304
-0.0013744776007376114
-0.0008455762341431951
0.0020718496614764922
0.00236098281875392
0.001985871980171335
0.0011334956847430487
0.0003791725303415141
0.00022083075159178445
0.00015049181752874174
0.0011400555440264568
0.002909392584697912
0.002450869987966474
0.0026161875659818194
0.001383982603654712
0.00048351922472418107
-0.0004405066292291456
-0.0009649421021586651
-0.0005391449952841347
-0.0010164046905883142
0.0020247502535780774
0.003396984391070338
0.0023806608101328737
0.0020768391466921797
0.0008530235521434083
0.0005504529084848506
-0.00041793839934099394
0.001302567479977701
0.00037875233163849054
0.0021571095832918913
0.0023450496855059837
0.0034196569344590935
0.0020009625802794462
0.0006344938375714782
-0.0004989329284981981
0.0009959546793919943
-0.00019770567431127983
0.0023619333162625267
0.004650521618429403
0.0057775173206378
0.004136962797431039
0.002982155416146961
0.0011758109088301537
0.00035956371823633176
0.0006514972055952431
0.000809485796568022
0.003786172493375338
0.004806758422255197
0.005214488635977468
0.00861680619384082
0.0035161255748633914
0.0013646113650627335
-0.00035565889825156776
-0.0015509044614745848
-0.0008887158371856732
-0.00256674018962863
0.0013821564343761555
0.006611255821175548
0.008592103514837648
0.0073138283587891526
0.0046327783800031615
0.00559289146193691
0.002005268108653169
-0.0007047898220708532
-0.0010738107687971558
0.002915254613198026
0.003681993566293895
0.003619439476994016
0.014292098383847027
0.009234453917504298
-0.0015904609013943083
0.005815277926863149
-0.00341804841744367
0.0014112148427709997
-0.00817592653898136
-0.001978864374073519
0.0038728745895020844
0.009031750904211933
0.02684592365016325
0.0466240041626661
0.032567323303709594
0.06312267475355748
0.06032279851882405
0.05747716949166648
0.005667188075991425
0.021768151912264444
-0.003334044526042801
-0.0052746761706733425
-0.019193738792728232
0.030051513350139114
0.09577022836443227
0.1639611040781287
0.2649661629468776
0.32701081583166247
0.41036723179745294
0.44152934559590107
0.5221312730007377
0.5482704889799487
0.5469360950752401
0.5860072708559332
0.5427415769352854
0.4732042948247759
0.49694263006773665
0.47116976698084456
0.4567942294769498
0.49506519876111565
0.29198474092867444
0.4760196634624023
0.4639917234231792
0.5054046518122741
0.5569987880103313
0.5458193467003218
0.5480392822277382
0.5679255781169292
0.5856727359935088
0.5757258938923064
0.622646492301363
0.5996205185380437
0.5899688132259178
0.6272573258218535
0.5754259709454568
0.611106452095652
0.6379683428713692
0.634445482304927
0.6473365066112429
0.6652400827091385
0.6367582788686934
0.5862970933840301
0.7419967624076373
0.5728235323068154
0.551001901735753
0.53904415416432
0.612268689434063
0.5047456566393098
0.5949799135092553
0.6981765985230104
0.9661822494292114
0.7758468588744547
0.9628372205301439
0.5916503118571148
1.2228690369047095
1.036345136804265
1.0682269689854058
1.0179913606248356
1.1159771781962542
1.1139653912784815
1.1180326877313487
1.2824601665702522
1.491102526841336
1.3841374810782061
1.2847232138446452
1.380504018659861
1.5430361325978503
1.628493368953345
1.465722458567539
1.5376673407765113
1.704182036525025
1.9089922229639802
1.8782997771093317
1.8064846816262055
1.6594948630631117
1.9836553034909699
1.7118198488934282
2.223789442440022
1.9498644294397915
2.3125732767968117
2.3286964777598436
2.532549671106512
2.2637327966418237
2.220027442179792
1.7669200949856583
1.8877815848558974
2.256167301039351
2.284454675229606
2.115324201640475
1.678851069872079
1.9270336417316574
1.9157007521650384
1.834260032928103
1.2390475200871025
1.251365138080288
2.305679594977673
1.6405106042528268
1.788004118883507
1.7885978409286976
1.7889735279802461
1.8190001279085202
2.0690733087482998
1.9689115716818826
1.604584942592084
2.1053073016731703
2.1888457361224036
2.0987503745448106
2.4161150531438453
2.35308473804881
2.4184198822777954
2.4623592835294943
2.529884261938898
2.401357858974534
2.3352669082014876
2.9679116282929052
2.7816148608226228
2.7234408524262537
3.0895246803546725
2.8265439815352265
3.2548742034137628
3.2237050575258492
2.3440295415653414
3.3301625086323012
3.1098942642058134
3.309005193537001
3.248186662022534
3.2811902065198995
3.256818329830734
3.2187581903438183
3.0127373703789946
2.7364532564395816
3.0675110292497836
3.0860166916223024
2.6944554040117716
2.6455930938143197
2.634255784665844
2.9451574385649897
2.8554395815254883
2.3044988682920815
2.653568160997146
2.6052218527474604
1.414925130045816
2.1020124741814383
3.1487221629495914
2.8287499612297413
3.029756352276255
2.706304148896357
3.2019290496253445
3.203390802175604
3.4534880725564596
3.2782737758731804
3.4894264306195684
3.477890587857143
3.535756517225079
4.216503347839575
4.263312278037211
4.140235760983183
4.391368547956615
3.8208479041622896
4.076316142103018
4.018430826777713
3.8094830974329446
4.1055659040873795
3.741506102870229
3.1815868751100354
3.873379825459649
3.496804577005487
2.876154234697255
3.360145536448293
3.246747055662027
3.7418611768922414
3.5237539604431856
3.3782696244285697
3.4235526317954728
3.7736491491214403
2.9936394558645656
4.24706791959618
3.78327018520905
3.7691518669010673
2.8872825595887175
4.008928764424787
3.068159410291038
3.9601476995187914
3.7729128595444843
4.2282461012100905
3.134711326867338
2.9907334746531307
3.815660381202245
4.147627299157124
3.014796483448257
3.229459913818909
4.048935205843502
3.425472551709314
3.577451361565851
3.2321664256280345
3.3631160888904708
3.7818228209272355
4.102925265949389
3.6777959455158333
4.01578086775307
4.086293780873491
4.001363751728222
3.692825810242657
4.687265329771053
4.460595046675524
4.765068852385347
4.818052392254912
5.0057346670798175
4.291126460520614
6.261952526696135
5.35549741275398
4.866371731175258
5.682318118605022
5.2202139096483995
5.559750118338916
5.622705169532857
5.774348759460268
5.831580736754648
5.06685919853417
5.561719865639969
5.957726415714285
5.375188303851069
4.3919694361342145
4.620152368419964
4.858652543800585
4.690452158561563
4.698858007168839
3.858744614900716
4.674337897342152
4.549071836714965
5.7825070155428655
6.112501365621923
4.893156841794748
4.471591573642945
5.692304049679758
5.218993383729577
5.06766583211477
5.685618049254612
6.360557046053346
6.5195255511488135
7.440355700112396
6.103729408758147
6.028163558969268
6.417281452121214
6.272260650369053
6.291766702828574
6.8349028289861655
6.8485233723891525
6.630587641848592
6.752807786589865
6.868949297092885
6.763255018466781
6.291021251404505
6.774155408331315
7.16703719715413
6.855016635646229
6.910921151943032
6.887269039935699
7.229286750968997
7.039056437538992
7.4145867663867575
7.393521732921269
7.6823760924069004
8.074739360901749
8.52149781264529
8.47383473462624
8.442973826440408
8.437992010737279
9.013843978186944
8.78960604985614
8.725721111159906
8.473223452793883
8.22066290509419
8.679747572380627
8.548471783684114
8.645896727044576
8.417444440993057
8.28780474590932
8.361731232613387
8.24404488716468
8.461714415933315
8.289733598894122
8.683884614974543
8.691037147475821
8.644560150804606
9.177410671210644
8.74975542952815
8.71574889605954
8.32533720900755
8.620896277317597
8.427678801833451
8.43354536667048
8.407527151524146
8.619191170238635
7.802726548737118
8.391204314576326
8.229450677341394
8.22109657405651
9.253609300655205
8.916327033101355
8.73290884769661
8.872900625439684
9.14379014985965
9.411614190081279
9.601430247167443
9.201333150062602
9.701830801111868
9.750295113302428
10.519491962928784
10.237025030698698
10.386371876105162
10.617746823417225
10.738044647261187
10.931679271485496
10.860290511470229
10.993100439872752
10.750490414589787
10.86951134864558
10.443782198464206
11.837224038324788
10.499848597823842
10.623746806261291
10.74582243332291
9.887998591019644
10.991888962245637
10.622710840030365
10.31754270823332
10.5293109440684
9.423516122682882
9.34752397379227
10.693986213332451
10.496144379681446
10.350783958164273
10.122477403874074
10.073006070995541
10.007135819609708
10.852371418109067
10.310566082706679
10.480445339267618
11.418963731640238
11.002353944742406
10.669846489688684
11.004242373390024
11.374692513487505
11.738244684492877
12.334463752524918
12.136434583721803
12.02181804863801
12.449001200222842
12.965111980180586
12.497113910445538
13.000696886118394
13.187822772927337
13.46222923521457
13.318799671613352
12.865787936801976
13.09302586788439
13.407230102722897
13.512980207147034
13.458410635940675
12.332577593027711
13.356403638699145
12.633543925677017
13.912064103742146
13.35074308301433
14.149198740464936
13.152034372818715
14.215612662843245
14.022223646594226
14.436095730127755
14.142898838221912
14.158277786264303
14.431334385541422
14.434418760775078
14.453952802937398
13.723841365494206
14.3828929994001
14.518356466927507
14.270976772293125
14.232595472549221
14.067739541765121
14.40293727202381
14.30209108558204
14.769395058672664
14.928870161850895
14.955574910292235
15.449746171762886
15.781826758345261
15.37792782140473
15.599911937893994
15.892660630852527
16.776638207048975
15.779328616660079
15.899929307874324
16.037882343838533
15.777164808750278
15.606439275877868
15.312382180171065
15.833713667405952
15.961005245428504
15.117020143876683
15.031261332182012
15.378827050321068
15.13396775286347
15.32714190184855
15.2993654755467
15.237163489953229
15.468500148815174
16.04252866412755
14.752710843732931
15.629688883123954
15.833599776007704
15.715159510770496
15.972755930925489
16.087525057119976
16.642638713466052
16.421576185371244
16.823997942252714
16.31461083166791
17.32168291789298
16.811132976673317
17.372988854006806
16.90866758888543
17.045346461243867
17.330122909460638
17.400567186668596
16.84948456265482
17.16482784260139
16.70387911593197
16.838072997722875
16.20555478931031
16.18424171375025
15.74763863776811
15.350982639570505
15.40430023923637
14.7736722985023
14.48945908125898
14.56625505752647
14.935357994636497
14.869742477478479
15.045056335072909
14.288894704376505
15.022210576741571
15.318798354270864
14.932688357147967
15.430352822634948
16.14988138307866
15.88968176081186
14.716384033985268
15.346203571471765
16.02577987434661
15.240636690059585
15.155681809212194
15.355171360905272
15.777996510004549
15.716197850584319
16.100731957585698
16.1770865332902
15.743850106588102
15.68993458737691
16.284229903657348
14.65090149464137
14.860423464982805
15.218502760175129
15.101255926849635
14.44909238778099
14.666160191027636
15.087778977580275
14.554777304885937
14.15562902359078
14.535299639476104
14.121873543125627
14.287970713497305
15.005207860942507
14.582693480592193
14.13457800094358
14.723685787967359
14.16222947276493
14.152028490066293
14.15886191602796
14.300187066855713
14.86971720075225
14.762393105355411
14.121803143562158
15.067576777998674
15.274313355492952
14.736541123010431
14.528666865267432
15.786990269423619
14.435721579816004
14.487016134803682
14.525799769208033
15.090732487847415
14.611932143199937
14.759578474057228
14.4136866859324
14.480059587628764
14.541000196019036
14.775593304728776
15.226020399940756
14.62459809282991
14.303480530101194
14.006858807163745
13.586476711409428
13.305731290564026
13.043852078959103
12.528481628337627
12.29772122265006
12.06504370740582
11.932186681138905
11.690985941963898
10.75302685926027
11.216080518613811
10.510345909436614
9.952870918668062
9.929297279650438
9.420707125907143
8.957542006759308
8.552661987582416
8.98947797237546
9.32299304027092
8.642641034196368
8.810124085413445
8.570819517576995
8.654374943056052
8.317540906401724
8.746381407537825
8.00550156908954
8.217554898505787
7.951423776918884
8.0170725730768
7.914459039446522
7.5053023112168615
7.3695369115113705
7.128591587059656
7.015483160839058
6.7880562184580695
6.478263281476053
6.36733129113775
5.8989970688092885
5.605760497240103
5.767545814342684
5.607313264808522
5.573781571835532
5.512482098233038
5.3190316442924805
5.388832295688328
5.405528337423549
5.746544505745601
5.719622661211505
5.848055168627685
5.843351996331698
5.894745491193913
5.662852340872435
5.476501885791236
5.42862537919052
4.93221291983165
5.421742842848177
5.073622526590875
4.972080399933595
4.790960351401124
4.567445462299163
4.296943440066572
4.073166758878778
3.7958693036177835
3.649103204486574
3.414018151855631
3.253097115117928
3.0693870619604704
2.9858411944351557
2.903957849639362
2.8509355001830703
2.7900919217002405
2.7976380740890705
2.7866608139812046
2.772156948532738
2.7858328890288107
2.7738141536174483
2.7519538809092885
2.7138320182985396
2.6808707880429155
2.5347027320942526
2.4236096890059704
2.264324809196848
2.155465696202832
1.9275676426422939
1.7323202393674153
1.4557259281979604
1.2508432067598927
1.0227978666421704
0.8687687726956129
0.6452999711437611
0.44474540157345616
0.2685109766532898
0.1311990576710763
-0.02749655084052638
-0.11785535574912842
-0.16423911418170545
-0.17552880705133855
-0.21880778251285604
-0.2013901177853259
-0.21629611609815447
-0.17840374271266246
-0.16322643280283977
-0.0826070221409625
-0.06020589811367161
-0.009369595320420365
0.03659409121939167
0.06487133130438139
0.08536793556345967
0.09990524730272426
0.10057978375062998
0.1037076652036251
0.09931818010805407
0.09012539323608965
0.07768614586376825
0.06466288038599771
0.04678596065793428
0.04118675489474247
0.02082603633338878
0.017661851660803585
0.02066126309241112
0.012479159216939817
0.031824661200287596
0.027270898383442765
0.04550925813657719
0.054162426701326205
0.05484856502443164
0.06502188056456726
0.08197802436922699
0.08942765248827644
0.09272654931792526
0.09271563652869708
0.09423509955586326
0.08879070358877489
0.08268333711376036
0.07458279892350639
0.06727731133712117
0.057554503474637614
0.047372286654872045
0.03491675979507117
0.022285910605873344
0.01344364114272975
0.008044483233311917
0.01130612645299911
0.007727217485972132
0.026594415599150045
0.021008798367728787
0.023656216652868378
-0.008679406333001155
0.03040362638341551
0.034510787144271776
0.04474697117724878
0.04095254779369831
0.0487023152121116
0.048004998576876144
0.04774750903551373
0.04384192744992055
0.04287969228208822
0.03873224804150899
0.03628252499829874
0.030797687898797138
0.02823751129856142
0.03138805610442452
0.029753041019828952
0.022910591556616205
0.021981848848990793
0.0226034896748806
0.028905306952180743
0.028196268850091383
0.02957803228790637
0.037812387484286974
0.04111776229273756
0.03761277998457947
0.03762824757141703
0.04446614610650729
0.04663687453003153
0.045553323801525644
0.046540467307724105
0.046966782237192944
0.04201824857215405
0.039707784547366835
0.03666245372533984
0.03273983773567972
0.031212575818405135
0.02498419412305586
0.02353259997298461
0.021271615681195857
0.02014656784132117
0.02027049594483446
0.012124314859365937
0.014101144727434123
0.014158834450751917
0.0031491556299848567
0.026506261886442548
0.012383081942437327
0.028878362089868825
0.02584956342364178
0.024773991021555045
0.02306114351454068
0.030056522770743395
0.030417099574581045
0.020063029387032708
0.027321361692164293
0.02723244155294593
0.025615095861376967
0.024472725656838792
0.021946002113522975
0.021382836996388967
0.021162234738430236
0.022658323684337955
0.023185467498650844
0.022294420409425114
0.01856264904606629
0.016965214780809604
0.019239749788953056
0.02190286443271937
0.025331086686711343
0.023585192277511227
0.02593408722704306
0.009309258423074201
0.03174328051860196
0.02895449211850925
0.028966295916651896
0.029417654411935876
0.030563216082677824
0.028583943098590477
0.027085790584315348
0.026023532894683284
0.025033270229166737
0.021735932579536398
0.021301358683408836
0.019049181265921505
0.018635958837088372
0.019031407517128895
0.01425461075213913
0.016866845761455626
0.013006419441927985
0.012607630523965088
0.014008788344319123
0.015230649712589722
0.01434602340492945
0.01656793779840346
0.012187706985630375
0.019025168319039873
0.02016994657548135
0.015171419656838582
0.021641235161141935
0.021267397364444315
0.020087730459641674
0.020180617656860057
0.01898891565386364
0.018464919293304193
0.01749399426878237
0.016726481701292373
0.016659368237629056
0.015482974475545093
0.012526887693680093
0.014185343968877634
0.01574178254760529
0.01221996853537459
-0.003525125855573394
0.015443785091741186
0.014425521020091564
0.01880772225675338
0.017855359555627268
0.005222884332835714
0.0190630329960704
0.019619783978957764
0.020476962479723818
0.02096353114547638
0.020263353763346422
0.014749991966226426
0.021171080104405264
0.019852768779123935
0.019444283584216297
0.018265619199698793
0.0171492605430183
0.015887907470257253
0.015969643519146745
0.013507077970010314
0.015507762035947649
0.01362136130060887
0.01321461330539931
0.011970589368393209
-0.004111594865116627
0.009427713483177544
0.011689544971299745
-0.005644185354507836
0.012463169709261597
0.01214993957192171
0.012741384941543733
0.011049724164955234
0.01272506039079356
0.01418750529976507
0.012711842912721906
0.015578515148984742
0.015714788758069555
0.015528608043459652
0.014245174882052316
0.014500894965993293
0.013603617635090236
0.013551216423337304
0.013365085550841985
0.0070741621397451895
0.013600722165991584
0.012475731572056316
0.012890938681631603
0.011508042841854589
0.010766614015540209
0.01005019653990552
0.012978584532820851
0.012672815900259898
0.011107403195139712
0.013014619838667883
0.013150647951602562
0.015280750138491679
0.015643815390064632
0.015142933592598815
0.014907933472681531
0.014801392898924768
0.01716683534821522
0.016773111653187386
0.015693210673554635
0.01366601499017514
0.01449081649867882
0.014247745510592782
0.013087295746822488
0.01274710946366774
0.01244399474366234
0.01151585299548126
0.012500176306038703
0.003310053085813662
0.00840210044708048
0.010314224987843894
0.00801451583692691
0.008582108101283244
0.006409873666997974
0.00921574652336589
0.007274299772402196
0.011826757750353238
0.012463888443110346
0.010515702132280591
0.01110723124661829
0.012804608039574134
0.01249485922229613
0.012123870068396297
0.011469417964024151
0.011373580185575438
0.011606559896617324
0.011224987622776017
0.011119440824869545
0.010266723314551036
0.010170695315216433
0.005780320378027531
0.009945432931820701
0.009676257462090977
0.009139189851574796
0.010324888413914726
0.011642541447129465
0.010142102965108216
0.006424210662152069
0.010802812036812263
0.011754027085415779
0.009738956549716238
0.012896591731848185
0.012480598337078042
0.010701062143454808
0.01009256595873052
0.011972668260285226
0.013712635401332277
0.014164390202075786
0.012865160837366888
0.011782166681794704
0.011503716615748904
0.011211631684760897
0.01098439343083124
0.011141104314452147
0.010698909342750525
0.010196923617869492
0.010850829078161234
0.00971800110208447
0.00780700596768602
0.007736826689926861
0.00043978553019061173
0.006614176552036097
0.006492750543947323
0.006719631394508485
0.008897269426987688
0.008560133085999046
0.0081731091951016
0.00779791161996167
0.009866477686303006
0.009332192675377552
0.008984087778143354
0.009624882707931385
0.010827377427540575
0.009337686495356726
0.009804416032594014
0.009773765596440134
0.009417353809153522
0.009610891008108437
0.008594721609523247
0.00967385885603025
0.008839279178561869
0.009669708162753178
0.0030361563085189447
0.008438358873148352
0.0075534508058530125
0.007841152660790163
0.006986304170170772
0.008167843457286841
0.010490134472005072
0.009302863226586279
0.007488413783302887
0.010358715361040625
0.009379485548858507
0.009392223485082549
-0.003833726254209087
0.00529150967146947
0.008590457681431924
0.01196917519258622
0.011068722137140437
0.010770878644568733
0.010713250802470693
0.009559234649877391
0.009879172673267211
0.009897138254302138
0.009336224326529918
0.00875858286832826
0.00860980583437846
0.009550701364951421
0.007214232269943784
0.007073268548540429
0.006539260541413544
-0.004612430566023763
0.006133297673087672
0.005313483738035876
0.0059415814780882995
0.00929180725577037
0.0069830701061763395
0.004900188148491982
0.0022134462013069095
0.007429236946670956
0.006865187950149218
0.009245105079320064
0.008490494870625594
0.008924458298482946
0.007219454369440149
0.008642159798249331
0.008636061696895908
0.008484164492736167
0.008355551300126256
0.00825614974579928
0.00869562320110226
0.008748216014246576
0.008217184136005033
0.005743356899401007
0.009090893068487857
0.010161053268580134
0.007192726698696805
0.007368163936282174
-0.00026389688748775647
0.007530694589535862
0.006743013724389298
0.009390785583186845
0.007478575558284087
0.006383023702080298
0.008117338939141593
0.00956457402017441
0.0072377841671749515
0.0022215728717848403
0.008566182295996993
0.010003573137347684
0.008938431098071919
0.0092597921719866
0.00906126643531653
0.008859819690727026
0.006903037554537292
0.00859333272368613
0.007746425805573727
0.008159815219441504
0.007846130478392208
0.006192594610399033
0.005606651285606164
-0.0044741635720587924
0.005704830416831445
0.005732239748001106
-0.009186388058914231
0.0028567685822622757
0.00644121044875666
0.010972460473059605
0.006993787707511474
-0.015431125300330632
0.0052881261167643905
0.006221437470803667
0.005515889499392218
0.007768925376020527
0.008104687046627371
0.007819562839914113
0.0071676553762816606
0.006956214809202117
0.00628604813491912
0.008113168156341381
0.007783445725917361
0.007758901427648724
0.007765786355295592
0.008400354964899336
0.0073068546753449135
0.005291926489220732
0.0059567637744872
0.007859043006479403
0.006323229988750189
0.005466469268268666
0.007304228360884634
0.005602652057480957
0.008172755035081334
0.0058727285365580695
0.0070020133478689225
0.012392420987874471
0.005312093699240336
0.00569047316327061
0.007628130444473743
0.006337675170928401
0.009075287166125039
0.008449892253923345
0.008530444238155629
0.00828097518466075
0.008356158145517127
0.007972658495988215
0.007834213569025208
0.00799800571902987
0.007350869181847394
0.007233935952629118
0.0077951966054833795
0.0063702488750532645
0.006035150225860181
0.0036537953185238198
0.004747567080440333
0.004165921909634454
0.00579855892516936
0.006025130334778708
0.007015036833025831
0.006545132271141729
0.008278438765997338
0.0066364871343441295
-0.00325592710854887
0.00540207263195033
0.005876663544259978
0.006811363385567877
0.006640501155292324
0.007401092807763517
0.0069461591782654965
0.004103826006377584
0.002933510156828443
0.007280801951627858
0.00700446445412699
0.006750879135507084
0.00664862354543359
0.007627092145377861
0.007657179974197546
0.006368524177448348
0.005198868662099211
0.0063172823140775665
0.006250400686680469
0.004284022641530556
0.004992453223483538
0.005920717773304177
0.00808156638254948
-0.0037084408022197285
0.006789736171859007
0.007564380889292281
0.006719615676178799
0.007705746834430149
0.007197921541615013
0.0063389670813285524
0.006149313538138759
0.007967423948064642
0.007816575382602622
0.007075466354167444
0.007684706651689575
0.0073977572952414385
0.003942521267426828
0.007054146930979607
0.00670435867871241
0.007304252237853012
0.006421817082907705
0.006951434151558598
0.006745529600356674
0.004653961659902377
-0.00032626962846384056
0.003828859825746999
0.0037969175665059536
0.006112805581361517
0.005803220349454127
0.005031851500371203
0.005370193977748041
0.0064410298573623695
0.006070476872306472
0.0058573236162349045
0.007064945912100166
0.005704171908779854
0.005648967208122111
0.0070242682757154055
0.006103032068474672
0.005890421370693077
0.0066736482688013465
0.006682243152996856
0.005369688575285005
0.0068220481560203345
0.00663905033682086
0.006970955997212298
0.006986524287620827
0.006262732876113605
0.005910811195335344
0.00664532446059133
0.005412773992533228
0.005447495131947738
0.004220626852943762
0.00627655058379235
-0.016065523201634437
0.002146825288535034
0.005108762014808289
0.007205168621124761
0.006436747989456395
-0.0015295596792333846
0.006128576626282706
0.004201580358752316
0.0095061573109008
0.006228029465128487
0.006889010264851236
0.006903265041129734
0.007593168966115938
0.006833762162882607
0.007235116100675596
0.00706481552985869
0.007718842430170448
0.00598770849951236
0.006359086616808493
0.006034769971350298
0.006255992999293223
0.00528919219321157
0.004351731406916977
0.003991598674296281
0.004956003726101329
0.003659868325151354
0.003578060942185147
0.004159234202509812
0.005456348043142014
0.004645734427999475
0.004348990609882225
0.0036268518775153837
0.004542116368542952
0.004638572544178012
0.004637156005778957
-0.00030326541308789423
0.004972706426730988
0.006737404172281754
0.006087428877111119
0.005975138138311083
0.00589632329328835
0.006006857255622
0.006713107698594534
0.006718826237832584
0.006653179640326811
0.006545337527292057
0.0061329012930353595
0.0063309544454924205
0.006168795351052761
0.005604989004021708
0.005854533109620398
0.0049323605493948215
0.005957642332933503
0.002956675480524057
0.004688555999701711
0.004011640122182497
0.00447850333508713
0.0033326011210505005
0.004252648411825873
0.004818029946314108
0.0058911783414480196
0.004826576493896041
0.006313920996256172
0.005428101234509944
0.006179455650155284
0.006665307195284822
0.0071191330203685885
0.005610858068815627
0.005970935250607958
0.006631066734204136
0.00677199419823383
0.006878091418631584
0.006547498284711456
0.006567512850101917
0.005974011785992692
0.006668703525201295
0.004996036914460288
0.004507599291287322
0.005121190697360448
0.004148194699779936
0.0038347999422183796
0.0032911683595444295
0.005850877694420706
0.005806931916432095
0.004080566277784196
0.0030902348864375595
0.004938432754412105
0.005584474459884747
0.006862818703510656
0.004385313223931535
0.004454873600125385
-0.00016318569262089092
0.004533152248186855
0.0064749746408854225
0.005859031680117102
0.0061484783797694335
0.005721219161709909
0.006466094440268109
0.006037850103396292
0.006310160472789459
0.0067432944373324085
0.006379003588756812
0.005873312155742537
0.006423945902571775
0.005332207285181214
0.005024615892542286
0.005422789630123576
0.005162299679164411
0.005264763462173545
0.003824372415700699
0.006121959722463297
0.0046530175428085505
0.0036811322509125964
0.005010367200220803
0.004828219105793674
0.0055948387285971145
0.005469367348827723
0.005495326962335664
0.00582076598132843
0.006982271905696721
0.006597300681774613
0.008197899667777224
0.006533543527572239
0.006421735183369706
0.005992564456852617
0.006666575983916904
0.006428917528849753
0.006951178144793721
0.006252038005265316
0.006582491371273185
0.005943669965856551
0.0053627737641230785
0.00478649863421491
0.0035138644388408684
0.004618196276988111
0.003986279857392562
0.005130801614648312
0.004237718385015337
0.004633358758612573
0.0038222245369114068
0.004370507670000676
0.003873524913560699
0.007313229002092154
0.0031093966726205916
0.0041155654550096565
0.005009389671550721
0.0034417677268589776
0.00521561716856974
0.005960566137151992
0.0026398582909702845
0.005557077662849654
0.0061387255321081816
0.006368237888659249
0.006101106916393307
0.006460959117555931
0.006752338149338765
0.006348080575853843
0.003192042439726279
0.005943937044889687
0.0053724391742602795
0.0045981148943806775
0.003699285304054698
0.004074323537851761
-0.0016124528727759942
0.004950660293606215
0.0053624276064338575
0.005470609332419992
0.00284508131111625
0.005757009300756979
0.003293129025757402
0.006054296548209534
0.004696986913953673
0.004236803267591821
0.0052904929234667
0.0037468912709869746
0.005233110343306365
0.006487987466715011
0.0067508131931855245
0.0040037759842989
0.00735631763011322
0.007623006954123986
0.006367632670931857
0.006676494444781101
0.006583298286676123
0.0060866108496256625
0.004790119302719324
0.006292894005782444
0.0043155018878352595
0.004869909113324522
0.0044127123945279755
0.004376040957111117
0.004853653236542219
0.00538009072418388
0.005285663368942171
0.004423975848714349
-0.012940352889987232
0.0029730796983189894
0.0024764794240357685
0.006074515604423392
0.003664875369511225
0.0038412864903092647
0.0048370817914655875
0.004852300648479895
0.0053452235019925826
0.005431292443744323
0.0050980197811329765
0.006342585751062741
0.006505068320302364
0.006513272487448405
0.006656451523842921
0.006225587055277655
0.006437268667591846
0.006348778300746925
0.006147244226718172
0.0066533809316017215
0.004742208121991397
0.004514661708578605
0.004430242801637653
0.0037233844171808902
0.004321836451559209
0.005158186083525425
0.003861569439653132
0.004011557601423937
0.004968823663190184
0.003448911131385235
0.004820318860580999
0.003929560144747948
0.004881824090844242
0.0043754276999698055
0.004979385427501731
-0.0019684777524218017
0.006763319314878259
0.006257923446186406
0.006396053262500062
0.00738993661398165
0.004790734961617794
0.00717372688399575
0.006757120289447437
0.006692762378053246
0.007223391490284994
0.006725314489097096
0.0059514687549260935
0.00639207601913799
0.00009124099833435553
0.00470649601625938
0.004765341726675091
0.005289274541978757
0.003950629020595807
0.0029643592952007247
0.005052496548269805
0.004534395712178323
0.005265648294514515
0.0025387086821779398
0.005080408982497925
0.0017998419731418136
0.003588992800788164
0.00470558855167761
0.004436135651164283
0.005021161723073923
0.004389298056580386
0.0057416919222009095
0.005086176950550626
0.005757443124462691
0.006556065723745258
0.0069295485348574125
0.007256471324666416
0.007216553785107469
0.006615232489798409
0.006094927362409595
0.005743804266588919
0.006133695063736989
0.006226441392934592
0.005255224549136815
0.0051486671394537775
0.005283514076671575
0.004787488570654131
0.004841951638682868
0.005297316037080481
0.005246003594778323
0.006976292912360172
0.007259763227315672
0.005189815657071738
0.006275277100873007
0.005457513235431685
0.0059964761079163015
0.005415137078866143
0.00018688997890136533
0.006153348550977704
0.006970092517648456
0.0062551401181645296
0.006906981840305072
0.0037441885799130055
0.006956788125101098
0.008054766162106014
0.007189126250951271
0.007189769459785358
0.007648819824860025
0.0075227176350641
0.006988393144153747
0.007812127935414385
0.006328475356794766
0.004725487608715044
0.005337736064407073
0.006277615688569566
0.005293846571744032
0.004815692788979375
0.003407560684025427
0.0035464716436902077
-0.00910091552744808
0.004906245206821196
0.0027463472760676857
0.002253326941779779
0.003747306816565349
0.004024114189115517
0.002763936144277321
0.00296760784975527
0.0053236007023704165
0.006566299207671648
0.005489020067067779
0.005867620823060769
0.006199990983943065
0.006883212425405395
0.007298122622825445
0.008351878854126946
0.007868905828262041
0.007865349075639815
0.007861849496205971
0.007214122915097564
0.007247334640222586
0.006089320678051853
0.005829507516689363
0.006460725635967956
0.006901560314335579
0.005730480338052641
0.004731132129967321
0.004854223429831821
0.005421768344988219
0.006810214178846051
-0.010297524730209257
0.004635599922517664
0.004588361447331192
0.003474050493070438
0.006347253494688752
0.0064639717611869735
0.004801578560732156
0.007463792034676377
0.005650188437861532
0.006381968930992278
0.0076711014341819435
0.007322866798848738
0.00786911650509296
0.007957156465043858
0.008565545607827615
0.008697013661095255
0.007922388361152478
0.007265579421980035
0.0067927695175828764
0.0014730490974591698
0.00494161696155327
0.005155317261846277
0.005810284850198726
-0.004499231539737202
-0.005026287923317319
0.006093325859123717
0.0029123145789757554
0.002458028734631079
-0.008497509663610694
0.004525269896025669
-0.008977864063325493
0.003345694924903733
0.004809082387401971
0.005320039147900378
0.006319681762896719
0.004147342118265049
0.00572390259587343
0.005955841191715973
0.006816939759781336
0.007671058846512507
0.00717348577148056
0.008284840579785333
0.008354241378957697
0.0078446863175007
0.008729667236951746
0.008403270569926662
0.007915302735925521
0.008151967886235189
0.008705821905024214
0.005803592857309577
0.0016541900139132766
0.007023467481065516
0.005043021373519405
0.003514425239635712
0.005902454928664182
0.0012050903597163806
0.005077086994002285
0.006195398290526476
0.010541095890441103
0.004377998839840511
0.004604338983587364
0.006085396390176787
-0.004014121857848704
0.008390481862569715
0.005753130974498491
0.00610587701981926
0.007615141768263452
0.008578719413014517
0.008523955616561829
0.008887110828582782
0.009367519125302766
0.009664735938281523
0.009118729685839742
0.009004237954415024
0.004519204732256976
0.008773650544057886
0.008026834045557714
0.008387369605652912
0.007959829696940333
0.006511238869461693
0.005961192099067314
0.006579623128615129
0.005958878478683614
0.00586540053742287
0.003264544406692653
0.0027845220895989647
0.004654533624835644
-0.015367154269799448
0.0037065229304611147
0.005592076771297506
0.0019056664571175316
0.004821207605330564
0.006038837175372028
0.007086980397812963
0.007001604863605758
0.007886297923579623
0.008388073152704116
0.008062298842782978
0.008629824046364976
0.008747618355014364
0.009904150248866657
0.010100934336658159
0.00954240659899075
0.008756262106042745
0.007065863835884104
0.008377530758681983
0.00874015763273947
0.0022564517088965626
0.007456921129766595
0.009727227328759282
0.007029689054167228
0.006799854488937426
0.004746481795635596
0.006574317324444329
-0.02391395147003745
0.005326015456941786
0.007015795095253158
0.006616324232109699
0.006993216062457425
0.008180459708744432
0.006205037102098347
0.005981091042669549
0.008218849765395345
0.008382015341419052
0.00913140881038934
0.010233824777737335
0.010474923926435918
0.01067921786976564
0.011155964550968213
0.009189007264101587
0.01096302531393805
0.011768048567021377
0.010753923671614169
0.011186682458872513
0.010325264747281994
0.009765153677668736
0.008696414095842455
0.008583591963149402
0.009189447943287406
0.006482636790369263
0.00720101658486506
-0.005738548010806276
-0.0073566661369133535
0.007679471454861558
0.0028167808882302928
0.004908166593823093
0.005178067846616528
0.005676535419523912
0.0053093896854893435
0.002194518051499131
0.006240976209934489
0.0034695655788116106
0.010789685774839387
0.00935596862398693
0.010557010816044196
0.009534175084596037
0.0099354674923679
0.011571940264034339
0.010324172670840535
0.011083797430116456
0.011595736493947746
0.010658502179616884
0.011867269289311994
0.011226440480120333
0.011341170456959385
0.011604991504680879
0.010339595543789264
0.008827905477360131
0.008496634811911135
0.00867869382740431
0.006543383173835401
0.0070508758588880074
0.006767992306120074
0.006712933460435458
0.005864930166712259
0.006851058563261396
0.006925602921246006
0.006314823424570404
0.007424852495321856
0.008937612983966475
0.010472611980795202
0.00868159987128897
0.009508133970907703
0.01052718095988979
0.012737807248583352
0.01048065491215592
0.012282182220008549
0.01359206040273113
0.013348917280411002
0.01380114324551606
0.011199156868405995
0.01253294412777101
0.011154928006640804
0.011276443027323016
0.011048401585095412
0.010189455162516837
0.010460499055971767
-0.002191620282801225
0.008424348955166625
0.007860808125216993
0.007669183151011172
0.008240735074625381
0.0054721623695012656
-0.012265330030299684
0.0066723861796950945
0.005679834181443723
0.0036294149943815884
0.006631509404738334
0.010829819850134259
0.00923496956346763
0.012516467220698435
0.006958439743183664
0.011361608775965176
0.011117375141159958
0.010386985977649518
0.011722374294616908
0.014785337891918278
0.015167668845286524
0.012928354719633495
0.015476734351970986
0.013948966138921798
0.01390992498211057
0.013962545329963726
0.011720133432698978
0.013430812925892006
0.012270882553797841
0.010963627280008343
0.010858754948495752
0.010341823424052172
0.009220616657931148
0.008340795017482402
0.010783603825585346
0.008238628261506592
0.007125269951569216
0.008835590576958263
0.0056326826433066995
0.0110954598459094
0.009706290626666891
0.010999564114117177
-0.004052010631112379
0.013455616600208345
0.012466558776541486
0.013443664347762285
0.015273430920447972
0.017143833161205824
0.020169308480957354
0.01751923597111789
0.01638968396050084
0.0177707498038168
0.018730591931641644
0.017837337409891692
0.018276528386539724
0.016136743053338662
0.014899121371303038
0.014257126250039151
0.015270610293014585
0.012050891789846984
0.011058789419789574
0.010824494301067342
0.010541712095711843
0.010690757897610294
0.006649514376339462
-0.018549102117124475
0.007589862025526771
0.007183252703636664
-0.0005946312573735513
0.009828202033789937
0.008390110688629313
0.010752526035043175
0.010877125602358526
0.014467375519954334
0.013300598717462378
0.015753745780131237
0.019195837484551684
0.01912621988203557
0.01702661338043003
0.01702952932703375
0.020643918678250328
0.018647021809870927
0.01782402986419314
0.018906781551025986
0.01720194996925152
0.016116653123780196
0.0166322451409964
0.014608682231163413
0.007879844290528473
0.008108375350627778
0.01222091866867133
0.0022752230717127397
0.012108000573801056
0.011646951926376173
0.01150831844791847
0.013433378280107613
0.013261877440007452
0.01692230582720014
0.01367732396850209
0.013908652767114824
0.014326031407030093
0.014116165331831285
0.018837064681534454
0.01923503494476668
0.021315628514765733
0.025187014194723065
0.01795991034086332
0.02533459008088125
0.024896140721731935
0.022877935290494714
0.02388238090769526
0.025333096633430516
0.024472369901704094
0.024535478710756745
0.022971895185076016
0.019985760491064347
0.02040934278219341
0.020654627780569985
0.01876246689087685
0.011582087104997169
0.016958779550470177
0.013340002643734646
0.003944432873147219
0.012286163487538707
0.013512715959546603
0.013398954761382711
0.019230080720327627
0.015854499952417805
0.014872774712062178
0.017156240008398146
0.010655567266820043
0.0220540555620731
0.016857053570058123
0.02544007276809085
0.025756079132158355
0.02561361018192712
0.02720004138802687
0.03224783234626245
0.030810446932954302
0.03357953836140476
0.031530226997751445
0.01985668898657028
0.03250480417006754
0.028326868480026926
0.023453105907024
0.027590428547537765
0.028980119902203394
0.025538453998654877
0.022919704039298973
0.022685029717661738
0.016363981546032504
0.01512991706058675
0.014630528974931847
0.018636678062380466
0.016883194850558433
0.015397849525193533
0.017162166482376742
0.01710234162137861
0.023410567312473318
0.023997174552321615
0.028409116761716813
0.022537194265651067
0.027158220164669344
0.030266045385466428
0.03658407951448914
0.03322730896205095
0.038173994912927195
0.03815796996911072
0.043855418024129456
0.044258632977332873
0.04035030894596556
0.047376382922633256
0.04334602392812194
0.04885899808570504
0.039473130457947744
0.03640671264079512
0.035633931979746236
0.03261065034001108
0.032995728343080094
0.030474856939706835
0.021504263111729607
0.026011287635984495
0.02984815857181501
0.02920938480668908
0.025880011769126937
0.025651939096299425
0.028632065086818898
0.03677642985502741
0.02846249687275315
0.038615005336746194
0.03856082039759798
0.03986370941759529
0.046980956593529966
0.05141471185746621
0.05287228228447269
0.055975280697525165
0.0660603082121031
0.06054155603107644
0.05988918358108597
0.06809486190173977
0.06982186703986323
0.06624498690528302
0.06341015031935518
0.054012016925669426
0.05597308699246814
0.05334690304823658
0.045890712555941154
0.04322599431623014
0.04327469939843555
0.03945713723029054
0.03399185857535533
0.03179595571780547
0.028622100150357183
0.02859995034646276
0.007127167814296065
0.025507143543970878
0.028587196058047437
0.028168063006221433
0.04353535727018709
0.04612361144535654
0.039125792355926614
0.06138765100071675
0.0789837372162061
0.08446070790255744
0.09356218390543602
0.09825785360191952
0.10445230217200407
0.09841986883333975
0.17906623261382915
0.10728919664510639
0.11442754534080724
0.07113343474304656
0.10059599795756224
0.11352645255701599
0.10155707682942172
0.10185309465685144
0.09737033572652598
0.09779306294086432
0.09275113275216595
0.08352637872523194
0.08499690614431943
0.07790334852413994
0.08125510393198065
0.09244644463890495
0.11558261452787444
0.16055052019425742
0.15551429034423592
0.2001709893782062
0.1906549362638872
0.27737237405178794
0.26715927665184913
0.3677062812813856
0.4867146832974629
0.48602292219753007
0.40984215262337953
0.7230909148138562
0.3382933472372933
0.6313805258681113
1.284372339799261
0.9403103936712678
1.0763209431757215
1.2104882208568122
1.5409061497133014
0.8900760687148819
1.13781956660564
1.2552669498555953
1.622225975419802
1.512178688376764
1.764346839690531
1.5910394473813385
1.8937460479496684
1.964484645684197
1.8333004536691955
1.4455938297446216
1.7675516004173395
2.0740405293138706
1.9528203492445493
1.8348301699752496
1.563534949548993
2.0483191978813964
2.017209448802368
2.7797233155497003
2.1714469579069835
2.405390020996067
2.578597074761447
2.405343961315939
2.1908327645606374
3.1399304939232
2.81163987983025
3.5478737266117006
3.3678320840048777
3.6756661124822996
3.9744101926853537
4.492256683424898
4.8814035543025724
4.419667131806573
5.032591675609556
5.120510546666409
5.582553549593867
5.889129331676296
6.093881879278859
6.426993843143867
6.704987524538694
6.647545420890089
6.562183846286201
7.357239479596361
7.3410331453705435
7.567968743487744
7.7480935422141695
7.892459413324719
7.427461411539573
7.926539137809022
7.430401115213197
7.875711805544074
8.386255310927593
8.263060947236454
8.27523764170309
8.159755583115768
8.57998400166504
8.76129676630454
8.821175441705734
8.555768041533163
8.887586353794806
9.400282135317365
8.482287666764417
8.552446678549156
8.338881336733987
8.591369487907482
9.719541158563622
9.734351811326086
8.91274010604419
10.550408810190277
9.127224813801256
9.198757795775027
9.008163280463343
9.286378554789056
10.162067614308341
10.28506631817221
10.155527872844603
10.500673780024606
9.805650232521126
10.231979214723356
10.639168812494292
10.251897654275448
11.624091257829566
11.633256895128
11.27246752408009
11.384092280850147
12.513210110644826
12.704512562816447
13.208057632866566
13.46771646813101
12.863692518531241
12.662125874608225
13.472738790365444
13.289851971286
14.480368092357796
14.228066089275435
14.355103216197472
15.170078024841473
15.148602010897362
15.288817808572391
16.50081360918347
15.4382003713421
16.42882267205932
15.581857264211123
15.569815141513867
15.185162557925148
15.795686444054974
14.861130187988936
14.826140426386042
15.367709076502823
15.00895876314578
14.940974795302122
14.561181812062259
14.38740797892401
13.761725939469091
13.940380943698269
13.191773415506303
13.83940758699592
14.466229653476377
12.420102869510755
14.471446244364275
14.15680559226219
13.299799060287903
13.64852472613478
13.11198276726342
13.973517151421145
13.467922315891467
15.052520575519111
14.668076414078769
15.896134383381257
15.163862088332511
15.927414510517032
15.444200316216206
16.012418742093764
15.8248134831893
17.435715461601063
17.80593221228156
18.423475892990613
17.212067014799704
17.061042011238868
18.965533795769453
19.464986439447514
19.868881620667516
22.311511159046766
18.596822142021484
18.464118740927624
21.55075555905453
19.600936505277403
19.45930895861122
20.728094280248474
20.060618408952905
20.20500118820356
19.114780556209787
19.984314456605702
19.131205471408887
20.58369813580609
18.482737994090968
18.900236132995406
20.708455774275084
18.320992857745207
19.07785574494666
19.18886808660537
17.9097943592781
15.832521444411267
15.536833604578565
15.294944488988055
16.99796834108523
18.119421868871555
17.232796668647172
16.75501011186201
15.015284482583684
17.736832217275726
18.597396649358384
19.378241795591467
18.085563604800015
19.093104529507485
18.57168870402935
20.05011652664947
22.436574302309367
19.381949681720297
22.071247982743174
19.605298691904807
20.41747958077739
20.74963310658543
21.271992384454997
22.741565349964425
20.415677542318296
21.421236714915214
22.538327415899577
22.200787070121304
25.38049061914831
23.217395418333943
23.58370137975181
23.54761598295087
23.168112726584194
22.71047275784714
21.602937247682473
23.81183916623855
22.862317684740184
21.841541301539717
22.876562510906727
22.637119139057216
22.582112434605065
21.566975761961363
22.004229407007664
21.72700117078367
22.711827132721968
21.397198113183283
22.102407766608703
20.865074029479224
21.037010263448263
18.925060731651758
18.477384990928353
20.426589850394134
19.656112595168434
19.38842245917741
18.629105912660133
18.033949463748478
17.602027275424323
19.212447580615684
19.320037559895777
18.67018354466194
16.156361356453505
19.477668940150362
18.493064795416313
17.532894985348054
18.839837052980496
18.674115531205796
19.199740232057668
17.481091538503083
18.396681338378357
17.954188450279965
18.42753217264999
16.24565735355253
17.89832168602662
16.96715572527099
17.480965831911167
16.58431376818198
16.486923684924616
15.62287892593229
16.30838875041501
16.25573887109023
18.059346365274045
16.945791822855274
14.996411009784438
15.831194606765848
14.665171483783976
15.869361167136685
15.788599999204347
17.593455110578525
16.692920157883584
13.559893658700616
13.708517750157775
14.283885383121003
14.178532176845264
15.439527342652537
13.81556925688554
14.033089511689528
13.51794305321589
13.236222841019723
13.340665209463248
13.558919983851348
11.508992993722563
12.783786704414952
11.584422849762987
12.858160221106457
12.787164795621857
11.302379416477816
9.95633928787029
10.427174130420312
10.33645166808804
11.50885409330572
10.837942295378445
10.566294029973214
9.234121930521688
9.395182122019275
10.496668111299456
9.731425922484403
8.958148213297314
9.72375556799946
8.9304215754598
8.981860258250919
6.768106203017265
7.0137020490274935
7.6615974598771555
8.71585582808615
8.171114089709183
6.653210082594924
6.855038832596515
7.453619526212796
9.038330532261417
7.496338120265927
8.252337047734684
6.2462527658961235
6.502855511464137
5.6121418293400165
7.3438898355944
5.780495265445918
6.887530406438248
5.4847362623203
7.433797769261092
6.707601890321069
5.619700915353807
6.042475242878201
8.09053781364453
7.266107992791041
5.574172546346375
7.482138807736048
8.412539433587703
6.105665465307219
6.795825227294443
5.821291862132587
6.826153959776897
5.892513552284589
6.489486246281104
4.477295838974621
5.739776678936054
5.816870997126738
5.0990389055776815
5.33792276143614
4.055899950845098
5.158709326654243
5.511356175066423
4.716456144420866
4.326696387296881
4.854129122794864
4.892817933852424
3.9045081647501174
5.490836491691259
5.014789008822855
2.9099320346242594
4.621423451229558
4.495867410630066
5.615769224008793
3.864396351195433
3.6809321579060823
3.9303198838865647
3.6782946312760547
3.253443046778571
4.299915237594273
3.1683770682169197
3.7934382603763623
3.1324141045903016
2.658086446981806
2.505188387871349
2.622347545588477
2.7744970666591913
2.128115934631909
1.7605332294813785
1.751917343163897
2.257010832840039
1.5416057171419846
1.57587210439028
2.50117101284713
2.669872538938735
2.876338390654422
2.343889102299361
2.3188329069863567
2.541511789534403
2.5266481014008564
3.1637327002539104
2.6343258786370196
1.1489470045192407
1.6174812729024817
1.2156369780019656
1.8489628499708246
2.6474505410803504
1.310418368641221
2.811390341329946
3.6507209977696213
2.684990313710289
2.838669089227178
2.4038669450155226
2.1033486207779886
2.577948621457847
3.458683884900757
2.1485510631844242
3.8337630797256734
3.732074197238007
2.5210421587729757
2.839831228074651
2.781478089931107
3.193163909179443
4.509347936425917
2.5977709360638315
4.116804198981486
2.6739919354825696
4.5390823826993
3.3655337449031224
2.443844292972587
3.009163540069699
3.3389748316644594
2.788872195108202
2.755002482211287
2.8744360396933857
2.389083345531853
2.639778523882921
1.9170288111537985
2.5190017330922343
2.7313857829360737
2.47754035384233
2.858858444482477
2.2806861488249073
2.986268487895802
3.1618222533093423
2.497594872116694
3.3786655271028767
3.046231785776153
3.010276070168146
2.958882633621373
2.6577917615821613
3.31643036959517
3.1349562009016445
4.345859398539316
2.8008532983147276
3.624378185113831
3.2933739061021434
3.8377275121931467
3.7607204145866424
3.906779848160718
3.2867208438683395
3.580934484217127
3.832747501875015
3.5472622353253254
3.5954159756552
4.550713436154442
4.099871150074881
4.949220584521676
3.4469370582396266
3.3594807291875783
4.136354843814375
4.2937956369967205
3.572342602365439
3.8715347660957047
3.135685663685112
4.071982277007201
3.7840530570910076
5.368202826891516
4.345958887228543
3.633655961473546
4.406335415691033
4.240724942074963
3.8660335207525023
4.364930098461643
4.4593880493090055
4.046173760392369
4.246014194652076
5.2037050423665505
3.824074933815928
4.041201055951438
4.92741269770859
4.117301415723247
4.542034819151079
5.624372771736552
4.449480477750786
4.92288161220829
4.479734812978347
4.994136474840885
4.626758867329942
3.7989592898706173
4.652120670370237
4.928611447987393
4.541871403293901
4.577360107624983
4.581643292615394
4.542319303423682
4.9049654313893045
5.034283610270928
4.976032455620316
5.43092827872366
5.464036130937654
5.00032832842591
5.172207291312965
4.968460647366804
6.691248378295991
5.806561462253155
6.162437697770068
6.596408495413126
7.551010254532502
4.789723934482225
6.005455507949025
6.486774107514648
5.542390367292555
6.983238005244242
6.77366775925589
7.435882424441164
6.908864626145318
6.8434093559653935
7.242777373415619
8.51962266437814
7.437717897938052
8.875007225116317
6.935866652531898
7.7939664988340915
8.568458867147262
8.510754183128874
7.8513224787830005
7.949395012203182
7.181810687127097
7.9572312157162095
9.110171018793297
8.561155239695253
7.796853981154863
7.901049747906473
6.33442519472047
8.032426532619763
8.269804226112452
8.704446905868144
8.30315822735847
8.464252528664467
7.632044920055199
10.720135358293527
9.16310178608837
8.965487140469302
10.718005326110262
8.0164368069778
8.872286476859623
10.161500743225277
10.853851027148455
10.65088271084291
8.526670520997857
11.251236921164697
12.191064420127239
12.30935417018322
12.741643046813422
11.981318953407204
11.717171286247451
12.465410033816395
12.093005586953613
12.312547033746036
12.453586649682235
12.511070399391157
13.58918819218616
12.080773075823751
12.341482875919006
12.478246911800161
12.670685035453232
12.618722207397967
13.153673527267884
12.05395022521436
12.062609657575601
13.454115970381787
13.327848198723453
12.587348158948476
13.110767360677222
12.787577157358626
13.132444819989765
12.424515400131869
12.652937514982675
13.816048495353908
13.583241034148692
14.444566263651021
12.798000773110852
15.06132358775812
15.550151955046982
14.56013163038357
13.952549613253943
13.725303347487511
14.852177516372244
15.31124547346895
15.355434400885592
15.303746024254032
16.08131508955124
14.65430565765217
16.37329266685893
15.699357234503037
16.58285290036173
17.19402606459372
16.079581422468117
16.959973170860163
16.260067260494644
16.222687478544334
17.129017148990805
17.518474655602766
16.991393399895323
16.45314888355754
17.135528357807182
16.710833536933087
15.817752028903666
15.236670606368694
15.019019790507876
17.245586141495224
16.483181806421392
16.89120974440446
15.430679785853368
13.718823543519058
14.62638530074111
16.989677122172317
13.82715581925465
17.00773950296534
15.777003768323665
14.334421573723283
14.423123061797373
15.001878077691618
15.687359872457726
12.20773049020444
15.700041304146543
14.373069397453264
14.725064647603412
13.310944943768359
14.287201909156733
14.229620496031972
14.408183713784284
15.954720121780971
14.337822566274388
15.227512566988286
14.775836326486138
15.233764374328489
14.370798011411516
15.009168119265235
14.762373777229753
14.721669726151848
14.263798638168305
13.168669743587172
14.170146299006355
13.183626917375088
11.873298011986675
13.925335852181085
14.18370869392925
12.949619348504525
14.734990243528328
12.659325502440108
12.304077785182193
12.75422715881287
12.974921337772678
12.571133892125458
12.956693286066429
12.27057862514042
12.643395041086666
12.589678364835326
12.697628035686014
12.550340976503978
11.55522837279335
12.589246294803957
11.769077756058199
12.092793669618517
11.106520381728972
12.073731322789147
11.768621520776852
10.433653271144795
11.678369170085459
12.190636873877184
10.695660319569894
11.305443224863836
11.66145519528582
10.295864783859555
10.795368355911659
12.48617186844846
9.514754787392516
9.645215470706393
8.87733483606905
11.554240221467936
9.965961571873045
11.569449747342803
11.310437071188627
10.19936502505349
10.020597684714234
10.0765245269877
9.90062166554688
9.857282353052543
11.035999256932264
10.66467904449111
10.12867557328716
10.032247655407811
8.995761846340132
9.76905498940895
9.824694671281707
9.277325122361871
9.247247105940671
9.941242766180277
10.594265536986212
9.693835783188883
10.265788393912464
10.100767137411731
10.171509463517422
9.690147296883055
9.66072452283242
10.255469774878568
9.60577827700518
9.998553320296672
9.45754513645233
9.635820442232195
10.498190530528262
10.421527680356037
10.161982340862089
9.20814378563813
10.57854282989163
10.84675174150294
11.106491352093544
10.957807749130177
10.789162512668431
9.546963636050094
9.44234512167454
10.578720846960366
9.829714186069133
10.936882781230148
9.683948263301827
10.141946779520556
10.383881233811653
10.11307331141142
10.402916464450437
10.54642784626982
11.29393071140613
10.271655068699408
11.28355549180265
11.32082315893535
11.336540699016597
12.142203141591489
12.354103419721497
11.748540595956158
13.188489541123083
12.929402981233986
13.627872272668101
12.440149161777935
13.85372346785034
13.006868078006908
13.722834046014556
13.550874297610463
13.438856706140703
14.294085342207929
13.93513462321523
14.383373261445213
13.610415829220166
14.156062020741098
12.913145528332787
16.038833426441595
14.291344765352564
14.387631024638361
14.890134004455108
16.081369632103552
13.38858783504446
13.00535584617124
12.58056667635494
13.274202888074555
15.559420989738383
13.310421765810025
13.78059337070735
14.525649507792004
13.627571765587117
15.091264390406765
14.512875600284847
15.392954455826954
12.720078002012865
14.397519643325243
14.380457727105973
14.229441068724757
16.410369445757482
15.475523375165638
16.032805319727643
15.280616765429132
16.131008603455626
15.501492682892218
16.274256574254668
16.118073114776962
15.695372534581054
16.15530712742664
13.898809813380028
14.593296268071558
16.470700910088823
12.366454801221796
14.85743355570881
14.366402636838771
14.898258615584162
14.648451553870906
11.818879587788444
13.745625401827645
14.43900421023765
14.612945661031011
14.093090537792861
13.032513040913898
14.82855135550489
12.750882379347765
14.838561656075797
14.20935144787197
13.089199439038069
14.0374232297109
12.096041019856766
12.474785529630122
12.05086268967311
14.305034468957409
13.484540249399522
13.279794519237772
13.166633534462893
12.11304014645076
13.722395216207236
13.078716966359433
13.363371105568866
14.518665802071784
14.554729058075056
14.891447510153096
13.38839999736684
13.071959420597594
14.437004760799551
13.196069511759491
12.445354939822721
12.159296301992349
13.142395427883473
12.490553575909924
11.544828435465837
13.455398521444337
11.269453373481259
11.792060832614801
11.881327993021207
12.089786500440125
11.843341772807253
12.234629197308976
10.34643647222314
11.51862233235891
11.026966629741548
10.516323672871831
11.752784040038131
11.809845115456339
10.950100964921392
10.157628962371877
9.828039591332603
10.554494788946945
10.326728234031492
9.935534785992292
11.076449301703683
10.647970076342528
9.055268573345801
10.678203780546779
8.478273642931788
7.554406671571762
9.640959143490507
8.40644293816955
9.1247188299791
8.587048953215339
9.210042114111548
9.75618629018358
10.107447154269042
9.01967249872806
9.471439781438031
9.586994257537995
8.70753960834805
9.267265543323143
8.031597592529078
11.106152282540899
6.603260048346613
9.135874614069685
8.144726915319623
7.977659630146709
8.395695623471665
7.276396084208349
8.47754561634882
9.054768958440944
8.180808537182601
9.489657571610204
7.7164589472507465
9.067126997476342
7.232006321201347
8.813862814497554
9.401943688347192
7.020933989794049
8.273487467875576
7.107177205606401
8.910928989260444
8.511019100087049
9.208857383936872
9.943842156982523
9.71060093824606
9.626812024907117
10.474786827151766
8.561413801944616
9.70108570531456
12.19943308953722
9.586419798791407
8.760804820997143
8.205587705603282
9.62181681120559
9.016244154677121
9.966400078381689
9.654106056692445
9.146180331452518
10.071791044821497
9.612733499052931
10.274885349471441
8.771807594054176
9.058858545967206
8.668848261903133
9.245527876673732
9.234861552248946
11.498022944127658
8.357902894112975
9.657065087790656
8.680108148291334
9.689251124912404
8.634714798544437
8.187223221867232
9.442509107568284
8.631732139849861
9.143721475764691
8.148758756183707
10.14899478780802
8.86585625589014
10.06199182143215
8.947910532207686
9.429981875058036
7.766284786030246
6.848985094458403
8.532131615779532
8.602691728807699
8.147377932773331
8.774192925495198
9.27362132091105
8.893440163803136
9.366029860285353
8.265928015891724
9.41096229330722
9.403384182389797
8.66484603829063
9.502298745866522
8.565794760370869
8.355396272145494
9.120540128857877
8.552736989747283
8.153373429328791
9.85195428175541
9.686955842886
8.107066310303638
10.430656432827128
6.924660306836627
8.218469316908326
8.647673777206657
9.024192868928587
8.584171123612144
8.24521440828653
8.756091952604935
7.381949374127585
8.846686669851943
8.826185145015744
9.223043031259612
7.69656189991815
9.129268960205149
9.7851891790532
9.30760873946974
9.85052975532742
10.173630013627136
11.565986617895962
8.54369686856325
9.3623180913575
9.75262037957855
11.176075440579497
10.29159963726717
10.090864149752095
9.180030530386837
10.147781954365284
11.170915515758336
10.20912826319874
11.894707151902425
10.368832023760362
10.44063823570059
9.097949478141004
10.04580912542232
11.296731862290118
10.39573086613829
11.635789675121318
12.24732611266626
11.947091590477635
9.952356655325874
11.72746251802662
12.37215661701204
8.750305506057789
10.170749801010615
9.365124855161014
11.03071583772123
11.679269440795316
11.107925521560812
10.021831202050556
9.126193556498649
11.2217826632483
10.533898684135618
9.922028408899957
9.961769864209451
10.264959318188417
8.776251462613407
9.112215018158237
8.560570283400523
8.857164018519313
9.971378223227411
10.788190843365655
8.356168590326249
9.77615745490999
9.880901398393046
11.637838725398368
12.054182605613583
8.907737836977631
10.044067108781636
9.926636421362671
10.31421905609354
10.61576282281803
11.313012743547453
10.54670071149638
11.664258193637941
10.889598019416006
10.21154955431503
11.391096402417492
10.703101804500944
10.101346940916217
11.103070837902596
12.69520262920332
11.733332995168668
11.965137709079087
11.652073347223538
11.759707927249078
13.891228731059943
13.329812069052597
11.644136248463116
12.43224978634224
12.343790476254265
12.294024619628383
12.503067115004967
12.262231882701474
12.161587691411622
12.832029375120612
13.069213113772106
13.80984532919016
13.040139834600659
14.227652991869457
13.335611685576726
13.763660390567642
14.349415097113114
13.211915236016793
13.567821641619265
13.33892164916174
12.605329754935472
14.16229276580549
14.61761650701065
14.26012025445834
15.758118075416972
15.932920506040546
15.23126734127362
15.303756190461824
17.59495141796308
17.92578267870187
16.153904440743787
16.572238981966102
16.195565855646805
17.02594472632024
17.549834525086766
15.786038660696484
18.19017120780735
17.635293840956372
19.985286651062367
17.63303250648868
16.767423829466164
18.99334419275788
17.458438139177172
17.353223316594686
17.86015988215164
18.14606117785531
17.610833312782077
18.023021219426838
16.385749714167854
16.728727772166888
17.03978867834417
16.25837474535946
19.435574884748366
16.836675318488417
19.34476247482043
18.108137350808637
16.033949332132
16.80102503711503
16.923751801368677
16.795235957815613
17.19978798984013
18.4609247650025
16.823361834550163
17.831775264107744
17.327003789887698
15.874022288521665
16.980282909088725
17.24630041775358
17.589061767343935
17.794807660729557
17.80023664552765
17.038262167821365
18.45103311412236
17.99510305232066
16.75663542127841
16.491660480137675
16.517966316856757
16.56781315072499
17.574583713789643
16.442709271014206
17.08899727839416
15.803105641535208
18.526494084585977
18.13522311825408
18.60843822286366
17.338032402952212
16.71641196777391
17.376969526994674
17.56916323167468
15.91781344806881
17.718883686923988
16.762677300976993
18.007151976394532
17.568753859124286
16.102427829553882
18.53571886376997
16.81209245757287
16.04423330474237
16.34038815478865
16.638515818633927
17.2910213851505
15.550370812581656
16.90541882089923
15.564756412436958
17.105208036427562
17.378389432110076
15.070391790776014
16.427592758415347
15.247758857033196
16.230284007676445
15.213577539181873
14.619265681982695
16.308452625062024
15.764650251280667
13.866913794554272
14.2475505234986
14.434338898422167
13.897771475099917
16.610841249502066
14.81454870209048
15.88193442999755
14.817445061989144
12.72808171965388
15.254032767814172
14.038644796660924
13.508074940627107
15.407537038585419
15.517845097820018
13.131358823345536
14.530232193118675
12.41484198333565
13.387491368947574
14.442885057526222
14.474280816771927
12.589239924038216
13.927904271790444
12.08096238854773
12.494832554057977
11.413429195442987
11.962920111266492
13.462961385272118
13.19310868652119
12.980110622789576
12.702016158258454
13.275259848420593
11.6355757695625
12.356601478139616
10.592259149399865
12.055724346109917
10.859092702425725
11.896488682651887
12.529650417285856
11.998524350544022
10.817482640249574
11.059634399963027
10.05482388610136
10.636256366582641
11.776249832898534
10.382527605540613
10.798835940799433
10.791525450689933
10.168843277764188
10.078479710709725
9.502413472297464
9.837685380513685
9.404012650241324
9.334242533026613
8.998260303160556
8.445225448085715
9.726795103442075
8.95428548441847
8.620041151191627
8.84947584619343
8.6260397569118
9.150152712958745
8.406273256962033
8.411696189902504
6.859331026584234
8.232341402843872
7.449170045836437
6.565541543393042
7.472683392969264
7.33450840891315
7.150197899096057
7.590295515517543
6.954374557597374
6.494760661825575
7.12635499473696
6.700547583049728
6.320554344176921
7.296668215787509
6.587846931627393
6.2927033133456085
5.890655001543555
6.354852624496923
6.205771292585583
5.280223512395702
5.187168378448952
5.360061365895202
5.101262404380531
6.012969863000705
5.675203703494828
5.511173155756106
4.6794511741913265
4.705585531561678
4.364695990477172
4.542038436715848
4.137420914122482
4.129932205715561
3.8850739927393416
3.767706508530222
3.521483463010158
3.670419438924541
3.596261143969449
2.557832781042575
3.8351231786654045
3.7542150655711106
4.431651729963229
3.1485786296580125
3.1763029484046825
3.1410753966162384
2.659994452342037
2.9401691251400806
3.141918907936068
3.1908288480353963
3.317290372959283
3.1651205696548246
2.670886115172994
3.0753325085570857
3.083325374056697
3.659145899238502
3.078737017733406
2.7093119533551357
2.73962025141954
2.79723981283665
3.0426827792202085
3.129925303048169
3.2125501034071506
2.72623390048145
2.9705388355067157
1.979670546213459
3.483564605650318
3.47233678088834
2.7108401748907562
3.2945297062199392
3.501027846084633
2.87759067906431
3.6321411635965744
3.6242866876213515
3.3213202838998743
4.239554847183996
4.01704242140372
3.186923024977885
3.643516077381048
3.5146404992923603
2.547073182579206
3.1475908237343724
2.9604771505428733
2.7336799070476836
3.415092148821622
3.3432007828373025
1.9660605805934575
2.5881281698017284
2.2618235733611938
3.0347084233123973
2.682224061150217
3.0445398917363105
2.532129070738586
2.4960550030024895
2.51429987564144
2.647638784169121
2.4737853868005133
2.5782193972563263
2.784034707678676
2.1335251386062035
2.2953813929287286
2.7342849827021305
2.2709334825791387
2.394580562091683
2.2928211437344754
2.6719060057081916
2.2357084368996714
2.381643170917654
2.231082137213993
2.15148952546824
2.5039694092034526
2.456756787545671
1.7125525694551134
1.9605921648551057
2.3812322849535215
1.9191724031810642
2.534495275453479
2.5775386520173336
2.0620482638203566
1.9946690580882689
1.9693756634265078
2.2298778666984957
2.1322003480819065
2.2190827829928312
2.5405163080890176
2.3571436001988
1.9434609045854079
2.780900326004632
2.428282314125407
1.8512111148518922
2.3698298041648203
2.3106662392432513
2.5031036894540275
2.632692802871461
2.694790775859532
2.645840235795537
2.509930971450014
2.709420995248374
3.1354060197691287
2.888054860779677
2.9916992789067267
3.201570107399521
3.389896808451341
3.2711882107386736
3.4977841425742806
3.8064942907016466
3.5341831966610493
3.454218345276995
3.807583652793084
4.511084569108887
3.7712005269163793
3.992742607526813
4.274696374987135
4.255636382512649
4.4217147912036765
4.761056355551204
4.822644247889835
4.689154040573094
4.948062641144643
5.292038281470239
5.124520668726569
6.01309203342318
5.6782393668430755
6.122564750359707
6.048962384447549
6.4028287774453645
6.467149128238505
6.496838891122232
6.787077255171952
6.998181348896883
6.809802472233562
7.431311333899879
7.72153879277243
7.649402102407029
7.242029509555568
7.592052583733427
7.973719054681597
8.14891601440205
7.879621991500149
8.087630144139926
8.588279552424163
8.603662938386686
8.693102862493099
8.9303321709879
8.86107125302003
9.2130614625091
9.03643059781166
9.378365114932352
9.114192500408063
9.15445385728625
8.843995603155594
9.481058387037233
9.57838555406277
9.706465641430755
9.670473288127535
9.182427252042608
10.217477412745232
10.39431311541772
9.919159267768148
9.80557907375162
9.820845380726846
9.675771883839898
10.036048909970924
9.74349033989397
10.05423479141325
9.38245321140666
9.79440235517698
9.779211058899376
9.454666283597293
9.318733279263764
9.688532258237974
9.556687235827866
9.545508542893653
9.717539850377113
9.55541278563454
9.478112180743171
10.090343977293767
10.518021631864048
9.869152448618957
9.553312413725607
10.804107351565271
9.953396234883336
10.121042280777473
9.945807846236953
10.161867413668713
10.104195559850215
9.529106432925897
9.662819300082983
9.682213586660243
9.341108472607136
9.494862972555214
9.528077734207121
9.92018206420954
9.893887408300767
9.133764083656022
9.330191013579046
8.525832879556539
8.538530091250697
8.425802761922402
8.52249521684982
7.743307418757763
7.581315872736182
7.359762048552062
6.785088134511222
6.945013461694055
6.521110636865922
6.12446967448346
5.906188053625593
5.89424552410951
5.472059137456512
5.85351427438909
5.07283257300596
5.3935869158414445
4.695596193878951
4.9021426292983
4.359253480009636
4.108858937115706
4.160713843459201
4.148628453834777
4.2458929801844425
4.140889098732672
4.283916554167302
4.140527811076488
4.304750023415745
3.9857660076780195
3.9729118403225763
3.957295264344261
3.9518587799948244
4.922526426000269
4.197983194673746
4.538964823790766
4.429956578781482
4.474377852067411
4.534957057896219
4.708041269345207
4.322409829983938
4.295444480611932
4.216374047349245
4.140189777896218
4.104388274824089
3.900922014591044
3.792555554605485
3.6772065055400125
3.5071027628656344
3.300830675338001
3.072941366023355
2.8999872727039477
2.633955777839196
2.4347051684150944
2.186242931872009
1.96995908209168
1.7759231411932324
1.5529799288887394
1.349947812015954
1.16075651471721
1.005036492535706
0.8666163728346494
0.739424380166431
0.6107707549049004
0.5707253402386047
0.44840655539246543
0.39013760872400605
0.3582444632026469
0.30730513066246556
0.28785060033044985
0.25588947621839997
0.29032220604474035
0.29037263421883064
0.2936364432569101
0.3139444746527006
0.3324758562966108
0.3318601684307294
0.37191760587913025
0.3645883516014793
0.3506223411403603
0.3594536198166641
0.3027540902956617
0.3042246951559901
0.2862578688950273
0.25762314416964976
0.23098642874775716
0.20203034577893314
0.17947679119025717
0.14684736201820003
0.12564367239533564
0.11322819786721691
0.08605074380908992
0.07769514578402051
0.07286227598713707
0.06974421602665318
0.0768513790372014
0.07781764471528041
0.08754639819022322
0.09898622091875875
0.11063330099570037
0.12455946550041477
0.13442499030131994
0.14149445690703433
0.1763467859091837
0.17145140035843623
0.17727174172076762
0.17823839224501312
0.17701328190196214
0.17170367365096478
0.16096550464135864
0.15001779374628135
0.13645021648688432
0.11873835953515324
0.1009411720657388
0.09113587814705995
0.07014322230512077
0.054889543486483255
0.04119285670359554
0.030016862089885243
0.019242290088537645
0.020640632536442438
0.015182868034170766
0.04430428778402978
0.01896364424747024
0.02133366457360006
0.030558086013512453
0.040093777830909894
0.050367789570339494
0.06278397461182686
0.07512878388128066
0.08757671926901411
0.09697265870106919
0.09849149252940562
0.10421344782691025
0.10901190056663376
0.10195022419538638
0.09816322443458342
0.09202583001477796
0.08515564925153835
0.07992812430697724
0.06080923812067776
0.050812532395672905
0.041819785450624425
0.02725760042525402
0.016335208022124764
0.003494642155034977
0.002016101770942441
-0.0033865941740678085
-0.005476353593597744
-0.0071114643144856715
-0.004923017181826861
0.001448258242238959
0.006694317561660862
0.013686536283266132
0.02380498100964165
0.03384482073027839
0.04156315283639478
0.0511560333006188
0.06235246263460767
0.06911524479470091
0.0780194802914074
0.08435396633085374
0.0932153148719935
0.08647890736866418
0.08553273831189993
0.07120070678426572
0.07754648846383153
0.08628850098622318
0.06333241873714465
0.054694931278706616
0.046067173356274804
0.03564040436334004
0.026511880132104246
0.017298095764802346
0.00963769426213916
0.005682198973584837
0.000032073307755689506
-0.0032266168321878202
-0.007064288186567222
-0.007626685544605855
-0.008666715982626805
-0.006000930028023654
-0.004441373966395434
0.0027338998157897254
0.008884495314621765
0.011700205871934266
0.017884108983862668
0.017505245043731577
0.019351888175838605
0.022115427327034476
0.017386044908523246
0.018241798314863694
0.013327701239817025
0.010724020359244385
0.012339554220411317
0.004430820710440098
0.00882122065648333
-0.004911876452266123
-0.0015380421817920292
-0.0027390187635830537
-0.0006388566820196145
-0.002375038261186596
-0.0004991560808483703
0.0013868113665835707
0.0058332559809336215
0.005982493793166038
0.010693336586434801
0.01601916550944693
0.020471279955711172
0.028727285001272126
0.03073202399906151
0.03739019777733876
0.04267269030931631
0.04923984589632273
0.048753122564141646
0.046578974588541364
0.05607177779265782
0.04833565778558878
0.0512518938625377
0.049604315938110155
0.0501592239221761
0.04228712716628369
0.03944564993087481
0.03864805304201217
0.03701306194129536
0.03538609225534126
0.02996091237002458
0.029670478369727894
0.03245663247143241
0.0320812667556412
0.03521253888233049
0.03860519130100213
0.042853968283441304
0.049113134363982514
0.05152943554012525
0.05886797089441209
0.06294307743788463
0.06519513227779312
0.06380900504761873
0.06475880823971836
0.06494936439130779
0.0736998733754726
0.059581226182313596
0.05780214911769692
0.06158303288168601
0.041022891597469024
0.04375670574305536
0.03826816630074613
0.03412768112654807
0.030110240073825803
0.025849456254401285
0.0243815413486385
0.023014488170120848
0.021460938840578987
0.024283772804777573
0.025413880029309867
0.029887547318421213
0.035471897870791975
0.03804937123841465
0.04521141302911032
0.05226365018138794
0.05012997025791585
0.06770538079985111
0.07358040729225503
0.05700443530227555
0.08704958095748647
0.09681304334089341
0.1035268486154709
0.1080356010714677
0.10278303056541954
0.1154145406799486
0.11799612677825887
0.12039022080029577
0.12309642797124748
0.12526472533158034
0.1187367866589477
0.11642813763106692
0.11720537844720136
0.11522424142392389
0.11184388015486538
0.12123699645775911
0.10623359531838258
0.10697573963049571
0.12331437469720238
0.10081349375537021
0.09792316005881334
0.12282699469917133
0.12209025644097032
0.12398612447208479
0.11574246604796379
0.09944663180082203
0.09075208988199981
0.11347999158806107
0.11038749930360707
0.10216730987540708
0.10319153304860723
0.0992527893613583
0.0953998456712171
0.09569977682529732
0.0864908531632628
0.08089039612048346
0.07909409890321473
0.07482470002928882
0.07345496863183983
0.058378846108577846
0.06742620660117966
0.06684845641252049
0.06615058943286749
0.06296326059558191
0.06303406168169105
0.05991661763358637
0.05742320727070035
0.054602752071549715
0.051256205574523525
0.04810099191527969
0.04329859130791014
0.04507398912812297
0.03646570073394493
0.027376772653669196
0.021144339587934977
0.01436732279526376
0.005927711694477644
0.0014786568355711488
-0.000701488938495573
-0.0070340964905492576
0.015994104278268903
-0.011467827389028087
-0.019612233196573917
0.0006250716107833176
-0.01729483941801714
-0.015671798258237182
0.016938813909910228
0.034024932470572505
-0.0005255654314899882
0.005261568626038285
0.015831833017918656
0.021791066228371944
0.028771390287299192
0.03875709275951257
0.04859926300862628
0.05439126632045733
0.06009825797056891
0.06773423258710776
0.06555389748547777
0.0642092744204223
0.06588153697101296
0.054551739456808426
0.0460267626644328
0.039318620794227155
0.028776175075061305
0.01615235618975709
0.006709568424007689
-0.004444851730206756
-0.015501498574655131
-0.02585739832092887
-0.03251069166287612
-0.03815485348361153
-0.04444032357141914
-0.04776555869490412
-0.04829616373020004
-0.043650950499200286
-0.03959583991446933
-0.028651639488249753
0.07920151495471414
-0.019414534060011035
0.1035235289097531
0.11362980976057405
0.023701665475309525
0.15629404508636716
0.18119617621725073
0.1921289587248991
0.19056724948623507
0.22309204865655902
0.23788942603776006
0.25446740686546243
0.2622994879317679
0.2694648177125142
0.3106286829511475
0.33195071028090134
0.3378152553219991
0.35926586185941384
0.3447719080373462
0.3700419263222923
0.4003489362144262
0.4198367670455038
0.4219558236143959
0.4500976347024505
0.42479555265651514
0.4261578456590593
0.44041196415582806
0.488652641880153
0.4962867317024352
0.5026205362376653
0.5032233354877987
0.5015654383587276
0.5214152678607701
0.5028152799012038
0.5499294101355693
0.5143112115261302
0.513003495790578
0.5158604287835075
0.5086035913202738
0.4901535962073789
0.5148850581379711
0.5112000403604346
0.5304093568351631
0.5411493885416903
0.5175434950766344
0.5272881500555398
0.5971920958307003
0.5259060226600767
0.5512474406319844
0.5491353063179273
0.5304251108859463
0.5309973477918757
0.5746304576519667
0.5471871677530346
0.5743126256250679
0.5383027797617435
0.5666991571422415
0.5032689862327556
0.47734845275045623
0.4920393883646428
0.47067473438779917
0.4845005590484661
0.4312577785736296
0.4060659726499803
0.3925981724012948
0.3808275557664864
0.3787070059833283
0.36484250239203714
0.3605905714548037
0.37258356959301464
0.41721274445940837
0.3688651785364273
0.4292016119061062
0.37802680621650564
0.3970970199604779
0.41310710480334845
0.3897715061114131
0.4576804799774699
0.4626941121065912
0.48761010083535294
0.49202149713399945
0.49621237077282837
0.5014215014257797
0.48348445612139357
0.46839273384509117
0.4502664180165944
0.4310059608541048
0.40875083335799045
0.3851325829652817
0.3599213369220518
0.32881551948494625
0.3024650392332662
0.2883875003984236
0.26337610581324516
0.24687542269536344
0.22561400133562648
0.2198114225370084
0.21265036110628355
0.20706576669070997
0.20786754474046557
0.21283928958690962
0.22181842957954157
0.2295956847555405
0.24180545866897163
0.2574377594783812
0.2770290489197725
0.2921171244634606
0.31792252096612916
0.325114099218807
0.33489121082770607
0.35271046730138095
0.37775998002328115
0.358447574089952
0.4062370027656874
0.41627569406122844
0.433032024653042
0.4376595266129342
0.4476781638927728
0.44151105897821247
0.4496592584974812
0.4507070930131005
0.3465557504426497
0.4603620222604846
0.46284418830215523
0.452644970253803
0.33044639102465356
0.3130984644087547
0.3230031851538341
0.30930144669266546
0.30460475802658993
0.35381491212851773
0.2737300202638069
0.30175387647062935
0.26911584192754456
0.23240259842325456
0.20278945447696484
0.16147240615331357
0.1181006351424179
0.08588255728322747
0.04778135484196122
0.05980189213277099
-0.015554262100351199
-0.040875386440704625
-0.06202306654061479
-0.0892008488077781
-0.036367093302439576
-0.040735748506225994
-0.0868023844447495
-0.05265033439179764
-0.07239767371943681
-0.06796482589616178
-0.06710474624802507
-0.05498753811029061
-0.11392769641949152
-0.10235669561791053
-0.1040361781452462
-0.10212076997109558
-0.09884066772881767
-0.10336256542113209
-0.11066375789577758
-0.07977674753797871
-0.12142449865347316
-0.12604340609440493
-0.12798022610797805
-0.13774137634145622
-0.13879089303288544
-0.13703671766062342
-0.05923873668410326
-0.13279793805805057
-0.045133770650416905
-0.05775339460458294
-0.036447653683879144
-0.05961839059726727
-0.03468166144648252
-0.009991875039817258
0.03152260158979439
0.04406837738836432
0.04372007118018732
0.06259593456337535
0.07972919555635095
0.07773708784540469
0.09895060501263397
0.055806496259890204
0.07543819252287333
0.058725769529169414
0.026103959293768936
0.007206476141265156
-0.025373693727221813
-0.036991682995833136
-0.05681782382439296
-0.08289720633277207
-0.09469113671312675
-0.11349193383137199
-0.08647130612547571
-0.1018953502286757
-0.08888366735627919
-0.08946974454011354
-0.0866278710454811
-0.0737663158628175
-0.060507344246046174
-0.025856212399213735
0.012515820377791975
0.040335946725733485
0.07002783346435593
0.09164558754578175
0.10864713792853925
0.1279710362865739
0.15792633262278782
0.1594252302429619
0.16758220479199862
0.15477431564355604
0.14634892482811085
0.12774210695108654
0.08300649478348285
0.05977445713603838
0.03259173408643168
0.00014569545283768526
-0.028436144776645494
-0.017246826518288794
-0.029254364283418544
-0.053914559147085206
-0.0005193456970924992
-0.010871787137867905
-0.029270183849766263
0.05455261667085054
-0.0031032499097328747
0.01662231969686989
0.0690536891344371
0.08093291783484546
0.04577560503428346
0.11465888087240583
0.13647924855943327
0.15302891874250557
0.14706134462558929
0.024194420002054073
0.2887199138830212
0.48799933377275106
0.4021614782037939
0.5892309651161218
0.6780962593774635
0.6424976912742695
0.7783129306157957
0.8583672337496764
0.9047510089820059
1.0495429962666978
1.534113381127395
1.8340708189090815
1.9794631201128903
2.3019511925713276
2.670592851065872
2.979840073623885
3.3590878834764055
3.5981266917569976
3.705720344159927
4.16831553399708
4.410454297888984
4.83124639591124
5.026679786491877
5.192961893486034
5.554820120864531
5.472335267657115
5.89307417301603
5.552922769772868
6.125320426077809
5.839377197305199
5.73395375104821
5.646713676731028
5.875055116161086
5.216777056607737
5.606279307529105
5.257367122795513
5.260083332089259
5.03159242771002
5.300483746127755
4.9964654051964015
5.025877736333498
4.895434840029717
4.849902598072072
4.818680171109243
4.768055490457517
4.534406496675512
4.725592075142214
4.840499822323024
4.865476906749482
4.937128106278637
5.022237903326059
5.027093062140939
4.612249759385542
5.1443707267949925
5.179124217876211
5.174815557099762
5.286307397998901
5.275081305142317
4.80962248047652
4.359254086585761
4.6374618394482185
4.6635311174036636
4.592283781781631
4.627113180682491
4.369081623513652
4.631465114117725
4.188056410181526
4.315300808584194
4.333547320831585
4.201380756577972
4.171428246893447
4.088364021276618
4.091310494491189
3.701348905400083
4.075418664107305
4.003476241586952
4.092970575527588
4.145797498814365
4.003764701331527
3.92555686555456
3.9590385856834827
3.8943195485890554
3.7017062682424053
3.945424460685502
4.359687750867778
4.478750125407058
4.373945813005323
4.130601174684141
4.036317171713707
4.08065011449704
4.485218780015096
4.133496117472005
4.237754025962423
3.7583955175321204
4.0441114052852205
5.583047225469732
3.722183149607514
3.7720734856653566
4.603139372126291
4.862276934489138
4.707740227961208
5.135104061131749
5.53628509099102
5.5997724666044055
4.870258459058203
4.857018079447185
5.473385846380526
5.283432729428568
5.715277124677209
6.349699338686418
5.849822327518684
5.794535401573206
5.9241020484801075
6.881696140239733
6.7861981134889575
6.731462388571166
7.100772376251531
7.780555594986788
7.652390063960117
7.4402264639581945
7.840878069425054
7.677697282928855
7.794425061475982
8.964089016432128
9.028576075487837
8.763135872165158
8.330343297545497
9.37530303765783
7.426473370559985
8.563577652579413
8.001679746151908
8.67724475135741
7.81119853591427
8.417135402410715
7.923745572699705
7.880549368439217
7.41808534860912
9.648221579738326
8.054580868996094
8.531419965242291
7.806580347465523
8.69708796342346
9.8209234889779
9.046566292906812
11.110604490675005
9.323559921298266
9.277315711644096
10.12162349787777
9.529063138249985
10.351538658590192
10.495413097020759
9.599728786504794
10.33146592581283
9.489038890083567
10.116349564010992
10.177286048430219
10.641017271613663
10.061078687555142
11.313761547253584
10.349793354654278
10.594183886002723
9.568178527794114
10.581048951067558
8.639335084741592
10.008064583024513
10.138564451577867
9.818117370400547
9.334510255478056
9.481517955096152
9.417298220389016
9.118741802509243
9.197348846918796
9.294011083874475
8.774521056641767
9.96144981069736
9.428730609950335
9.655469286574474
9.331275323608402
8.224267187218135
10.079537700070944
9.025820104769775
8.540374305641334
8.309100441648228
9.196002691560023
7.367978727282832
7.391632060907696
7.54834557033802
7.630853615916662
7.422756210178523
6.977319306387983
6.42635238445088
6.817150223734881
5.258457054828396
5.435306845996767
5.823537290224552
5.092299019718871
5.3687314432412245
5.63929627829092
4.691947459882825
5.9776611708236915
6.151732555767057
5.499166584441357
6.6762553823956186
6.8820956175368355
7.220636526957304
6.693092427736071
8.99467742018899
8.012557462796272
7.784727139304765
7.626263458522372
6.898160404675155
7.347442070995385
7.6565649861870675
7.2961541514343615
7.600854099911792
7.263288457696514
6.650086398466593
6.9169067060449265
6.967386142874378
7.542247106991697
7.216420650375597
7.3941888632118005
7.704444326849284
7.662976664636976
7.477455312863974
7.803753420967144
7.936865054532441
8.092758106317753
8.318253427567502
7.93084808765957
8.70224611996143
8.555917393932203
8.261346380369623
8.774274973059335
8.758817168376424
8.087194304205052
8.167438884453041
7.4746474615600285
7.96551411991553
7.322810274455109
7.913208810917967
7.802434107277647
7.248519400157761
6.806589056747933
7.080581386355408
7.073065713172066
7.368352996995786
7.310008939594118
7.841711316808485
7.941124333585643
7.9257213909216855
7.941008379118981
8.448894083992789
8.178380238262893
7.868784954719517
7.760582355896814
7.40235804071528
7.964443053577418
8.5451416041744
8.316521024509786
8.428218543806125
7.5411581353167065
7.235256066269908
7.355620943004934
7.116712944588242
6.3844140398245806
6.896898441451107
7.5018106067851384
7.4392497551837495
7.857904146121694
6.816068793651196
5.358550917187408
7.147188098208654
7.292619380945103
6.930707606088627
6.544121513689815
7.380899416541114
6.504418078866532
7.081045180946907
5.885464826341607
6.189168068453237
7.435119701833526
5.8505092463449895
7.321262143519984
6.898631631735129
6.330834442640552
5.8263363011761475
7.411870085706928
8.44621812345871
4.693463397596705
6.246384817374689
5.657544403090689
5.567027382870484
6.591530731940819
5.236476217753144
6.522993126376464
6.651509448218991
5.654529075527957
7.847946040557377
5.653202330230546
6.030791002370242
7.954931923254344
5.958525149677589
6.984452912419578
6.449543833566653
5.683061317654373
6.671332996591746
6.9774168887130115
6.666196752439803
7.418059422218497
6.121173009609645
6.150572206005913
5.716109760449817
6.262109147485199
7.534916941370426
6.95911681467233
8.229581972540103
6.6029782677901165
7.484792621847778
6.873592020584052
8.563990644529387
7.370047788664147
7.503204246091997
7.770138578296551
8.133324014412878
7.525817935964582
8.169984039242516
7.974200206467103
6.857445026059009
8.19887331171433
6.7567575140703795
6.908802882829823
8.673306132025484
9.76333839198466
8.271215032069076
7.876679459808278
9.612201510829532
9.096061120699726
8.04182490458521
9.657308872356209
8.089908295936597
8.349457051841592
8.455322539086966
7.470360242085929
10.284208106698125
8.155991405392655
9.500737524601995
7.739022960537582
8.960045433232947
8.197849944569969
7.055274888450262
8.312199527548744
7.507967668963161
9.475656775101417
6.793308885043121
6.968902711183883
6.084471518896443
9.12491033528101
8.773512116568622
5.161921491082936
7.477775429136919
7.219457914032427
5.913762007879882
8.299122435976352
7.764868230830242
9.078914943848826
8.716456297752389
8.723348839619042
10.38688937951834
8.658300268659733
8.792101084820876
7.982782148045354
7.906477366939303
8.754400673432334
8.872472522772494
8.295948967092093
10.099632058700376
9.035192307691663
7.061557777214446
6.63225021587623
6.367877127451216
6.288456648086775
6.401143391711042
7.492528219290342
6.201386836834363
7.50758132980199
5.0952490217871755
7.090073226029684
7.1181155376883645
8.307657800298001
6.169088053427679
7.934670880946735
4.805510907312524
5.592533089204352
6.293814714791093
7.039735099493118
5.039312666192558
6.232364165352365
7.79510414668874
6.395577100484793
7.354037440646788
7.876647936369597
7.495725789957266
7.70967183108816
6.286817303928313
6.774269942430644
6.930336458018141
7.915069046322598
5.984915737817829
5.587983423737651
5.993646606723747
6.567609258431277
4.4579402948706885
5.517729260508194
5.361585684308098
5.818893184827704
5.17841956074823
3.414564143457877
4.712206722836269
4.606669928407264
5.243059541899962
5.769479032604783
4.512767319804626
5.743223494052717
6.348184689697328
5.957309210316259
4.2959181959341795
5.96794370359669
6.744174769517562
6.0797050543908355
7.167717576977459
6.839221801778937
6.17967430265818
7.059059279811956
7.5993377011208025
7.079141654364257
7.510811361533712
6.062743550619087
5.787975979712222
5.775842474213505
5.36032435551496
6.335047737114383
6.038745999489187
6.217281492930217
5.226813794007576
3.976435782118836
5.379960554215421
4.261080568141571
3.05915583322483
3.502150136312922
3.8068375756045647
2.7240678850948825
3.280133734787748
3.290259414655875
2.9054174076087236
3.6660106768799317
3.8204715747810116
3.5847897268092126
4.858777492521536
4.12521778200591
5.098232505325431
4.222211305936021
5.63173464471914
4.521468021557949
5.756283397722733
3.9448033400936975
3.892368958380098
4.857172445322101
3.098015152152648
3.476714580145474
4.238902039608787
4.249111006579316
3.6459764928264082
3.2647743483579887
2.199657939163288
3.328805120500272
3.6833398672483
3.7899417985195463
4.485257672316427
4.114833086811197
4.625419677028116
5.978265874711216
6.036698128659536
6.168269930015104
5.056764469357896
5.8056987922921905
7.379475770903383
6.59615457410178
6.497041336253854
6.1837309926368995
5.753347661202346
4.508004168103724
5.43366318159593
4.23229569919552
4.161906982493292
3.38500531895394
4.2016777778799845
2.687156797129717
2.6225645030361635
2.2411334220656
0.6452463849647838
2.400948806764247
2.428399206638921
2.4025745033486334
2.2711453701590143
3.2239746105203864
2.4647220725318357
3.0589304986182926
3.4302738400330925
3.497578067710095
3.1041504554820456
3.144003511419676
3.9468461135221533
2.7268906674905695
2.6316836332740534
2.62263275256913
2.9804250704394075
3.1811292926663217
3.1531827834739996
1.745490772508246
1.3064946679000302
2.417229018724271
1.183547519235887
0.5100958150011277
1.3181845479905574
-0.11876274917614005
1.1915888527598968
0.857982179404619
1.7007185504574363
2.483834363966145
3.134823859962883
3.1341377903494774
3.3694404433041587
4.747849534771561
5.432615561687458
6.004225400621342
6.027008667652266
6.313666922766417
5.705436422371962
6.765172198748876
6.368391652103313
6.019832308658056
5.831647053112071
6.305371619203345
5.6504551121472675
4.113183939507642
4.863176973944452
4.668759027469211
4.425194983028154
4.747269438343225
5.232123662113556
5.167742458776145
5.222709590976005
6.283113122238012
7.470043883324194
7.871043413196665
7.493617801907749
7.179679300218707
7.323321255108684
6.472387391884715
5.934335518997565
5.350701428048459
4.070096269264118
2.1164890661048483
1.104667392937646
1.1671556157205814
-2.1889220168340175
-1.4946599104077922
-4.442819686183831
-4.573323628356282
-3.1287281778881786
-3.8003931898620236
-2.197508667753503
-1.257934540012612
2.3883292506705756
3.0502961324023037
5.343836685142989
9.322627948764909
10.274709307743366
11.915396101740097
13.440831923278475
15.797241220236883
15.943636154155076
16.725733401624375
17.454985132742255
16.533083509601184
15.065583939518591
13.102002396628373
11.212532284485844
9.233260951666423
8.005409206024556
5.734102171148068
5.697022415921648
4.240159512506551
4.560173722607764
4.92486897547376
5.120021813698033
5.89521368199147
6.616432404477376
7.224282109820514
8.391714556662375
7.937003583113192
7.665650079295349
7.05918018098787
5.958013518419898
5.129549247268137
2.4475689705104235
0.7457090417308327
-1.9841770517881603
-5.140207716942109
-6.537417314099779
-8.314903621706652
-8.141639573041653
-8.881917354902424
-7.5125821425404
-7.315657732423067
-4.543799159776444
-2.629835505319346
-0.8056314876407349
3.6201920950082807
5.79792651635764
8.242297031719332
8.240863835405417
10.212102834718847
13.232660790232195
12.59424815445872
11.39128786695512
11.977356661910836
7.547097487790667
7.841975349287132
4.696129614212788
3.2625607019763905
4.14520749475569
3.550579437693341
3.4892459806228113
4.39826155159688
5.620443766677209
7.065898915869127
8.106666919106491
9.198697116202778
10.587793530618297
11.349395810253611
10.9648174624396
10.061025295092692
8.45478096415624
6.372928735000002
3.251349660256579
0.6057159257276616
-2.230374104491038
-4.905907365126305
-7.910185571337658
-9.939838717470042
-10.92835529682269
-11.191506812641691
-10.205991956199929
-9.636875700033192
-7.644628508610873
-5.213039289994129
-3.181272819890982
-1.0423618128390202
1.0427130902874886
2.0762427092790627
1.9942776801606987
1.8937665099976693
0.5756555307382545
-0.12925402146272447
-2.242903210812327
-2.6900212320651384
-4.32727740133967
-3.5935497794879248
-3.5788715361069037
-1.996956505627704
2.7715524610306135
5.671674826281744
8.073058264846143
10.170907760082983
11.875597933970145
12.045912761004967
12.835789639289159
10.828269507069724
9.258158725816681
8.012563491494507
5.7870257877644935
3.098151657816198
0.7617434207095768
-0.7990512358803727
-1.9952147262091857
-2.478184848300454
-2.6833652455910366
-3.358486180027425
-2.5810299680018893
-1.7481538101749408
-0.5227397534555482
-0.7385561146757991
-0.3398197208686229
-0.013327382213488503
0.009962858857119228
-0.006913681407958366
-0.046752911370447875
-0.002864065930064358
0.05597035239261121
0.16573510396482943
0.2902980430006006
0.3833072308429386
0.4318788897003773
0.4141194174086054
0.33769699412742055
0.21148610004899798
0.07102973259126187
-0.05712160760690009
-0.1476754591643095
-0.1794393580568441
-0.15528887343145675
-0.11695865044905401
0.0034270001865100985
0.07788496932820049
0.1277802398055835
0.13895735219369842
0.10386831770764142
0.055508212054793046
0.007031401914621684
-0.02735981585211593
-0.02850171818575302
0.004196567168502169
0.07051126125886809
0.13120742218702275
0.1835548494084861
0.21610230391165325
0.19802613529954471
0.1576179286101937
0.08789242654376335
0.017157924105742066
-0.03675074167489394
-0.062021760706077386
-0.04845416870069666
-0.012429359528071504
0.046084846900085435
0.08651300364739611
0.11040504251833974
0.11780218963533876
0.08899050319832912
0.04538110583684727
0.0043851316950619425
-0.019196990420121237
-0.01672113136031314
0.012673070463278896
0.060240632170004055
0.10911713842327637
0.1431085486935285
0.15127578938966846
0.12546190779406147
0.07997536535561263
0.026282692373599325
-0.015388966665595543
-0.03291608248652563
-0.023387614578116514
-0.016594087206608432
0.06133872306778376
0.06708670789358749
0.1021118219976341
0.09454731291459939
0.0624610474894214
0.02255366720134453
-0.005182939347278672
-0.015277942367120292
0.0015317618662848004
0.03663070865126701
0.08178127736726684
0.11223810486905841
0.11834639755466561
0.09822378158332032
0.01620845496980772
-0.014194610782911572
-0.020391943116372428
-0.0014454526612596857
0.03461688699896842
0.06870786463437059
0.08916990327103735
0.08552094765592055
0.06132677538898336
0.025019152671487372
-0.0032152492301666296
-0.011210653592312355
0.005014670832783598
0.04064889975721989
0.0790227355639836
0.09943502244377736
0.09346145313846764
0.06904967228041899
0.029002219247184137
-0.002963624373680455
-0.014783448974007522
-0.0015359540045706763
0.031432744117533676
0.06101152980644216
0.08085696192689057
0.07464392957400673
0.04700631785510139
0.013833938015801846
-0.0056825064489757285
-0.004636126455884095
0.02131503203885734
0.059178612536552454
0.08382609063955371
0.08575218540341104
0.06370011166020106
0.026333597187370664
-0.003223925885465014
-0.010257735213089085
0.0016571514429870385
0.04318588979007022
0.06970724566871664
0.07298856731229317
0.040085588456890225
0.01999182569715027
-0.003450454331791114
-0.004131907038337983
0.0214765219045394
0.04722677888408839
0.07817898177528036
0.0714654737075518
0.04279678358237581
0.008894222356982808
-0.007975184500742475
0.002680065036901408
0.03614861704853343
0.06286568819391006
0.06549323449211286
0.04461067876508458
0.011515231149744573
-0.004911376481812247
0.005564271037295222
0.034965347011765624
0.04348403543299374
0.06830673053036526
0.04182797777762867
0.008539590470170336
-0.006448871908291859
0.009930536078541052
0.042834083779914295
0.061312151417905886
0.050929484315774265
0.019252281087039656
-0.0024762339133305657
0.003669626440958671
0.02380289977402847
0.05810171835242274
0.05573492361674724
0.02458927835855342
-0.002119643963809514
0.0023559495017320617
0.03300504499846519
0.03818737432123195
0.04377387098802593
0.011772578152254999
-0.003047662293061482
0.0159359369923565
0.04875198939199341
0.052257367782471045
0.02457369444595476
-0.0017658848127867096
0.00531658010996907
0.035483371315819544
0.04497251082838297
0.02052350690497338
-0.002361496481657332
0.011414431611689759
0.039507252712214225
0.03896939076054551
0.008346959640905175
0.0034287014683645426
0.0034287014683645426
0.0034287014683645426
0.0034287014683645426
0.0034287014683645426
0.0034287014683645426
0.0034287014683645426
0.0034287014683645426
0.0034287014683645426
0.0034287014683645426
0.0034287014683645426
0.0034287014683645426
0.0034287014683645426
0.0034287014683645426
0.0034287014683645426
0.0034287014683645426
0.0034287014683645426
0.0034287014683645426
0.0034287014683645426
0.0034287014683645426
0.0034287014683645426
0.0034287014683645426
0.0034287014683645426
0.0034287014683645426
0.0034287014683645426