0.	0.7019501831065177
0.01	0.9445879272156125
0.02	0.9072796655348874
0.03	0.801312085906422
0.04	0.8108828136349084
0.05	0.8712748105243368
0.06	0.9128214676723806
0.07	1.0111721686734008
0.08	0.9716981119626819
0.09	0.9085625685540142
0.1	0.9829106506387341
0.11	0.9371958985225678
0.12	0.9291805286223652
0.13	0.9431619463304362
0.14	0.9781838766520644
0.15	0.9878729666140804
0.16	1.0091172614194566
0.17	1.0355754010940224
0.18	1.0498011182223677
0.19	1.0742466298063151
0.2	1.0783396753240433
0.21	0.9758642619315971
0.22	0.9373155989866854
0.23	0.9095981325662013
0.24	0.9831800243404841
0.25	0.9448828504271294
0.26	0.947293053501589
0.27	1.0165469341787465
0.28	1.0050709297978293
0.29	1.034547930569826
0.3	1.0816091958548641
0.31	1.1001247011492876
0.32	1.0382688937408968
0.33	0.9677787124023648
0.34	0.8059872391072677
0.35000000000000003	0.960675265691626
0.36	0.8947728722680574
0.37	0.9613382631819626
0.38	1.0125227358767972
0.39	0.9742405175545816
0.4	1.0686462458708748
0.41000000000000003	1.1229459851533847
0.42	1.1196889422723455
0.43	1.142733521892786
0.44	1.111186341739934
0.45	0.9978854626419611
0.46	0.9176120456523061
0.47000000000000003	0.922607214874691
0.48	0.9698051939189425
0.49	0.9232006983505644
0.5	1.0028313491212162
0.51	1.070858532459066
0.52	1.071239256332497
0.53	1.142223650613688
0.54	1.1204789991007627
0.55	1.1427790259536301
0.56	1.0051625863587248
0.5700000000000001	0.9553994920338956
0.58	0.9985325309655122
0.59	0.8950702345682331
0.6	0.8844887213865694
0.61	1.0127821415701381
0.62	0.9850285943523296
0.63	0.9361773560878766
0.64	1.0911911415845943
0.65	1.1383212806646856
0.66	1.0522766548479345
0.67	1.1981383114299762
0.68	1.064072489083478
0.6900000000000001	1.0575978248228894
0.7000000000000001	0.8794936118128791
0.71	0.9145590253444381
0.72	1.0927777323791923
0.73	0.8760902728935839
0.74	0.9618672765493678
0.75	0.8624128026725268
0.76	1.172388110419626
0.77	1.0903978182145224
0.78	1.0576005716845198
0.79	1.0629948608409854
0.8	1.0306951635085762
0.81	0.9762265205896158
0.8200000000000001	0.8426785520931048
0.8300000000000001	1.0509888069143116
0.84	1.019112632643634
0.85	0.7576810196776933
0.86	0.9128008093260651
0.87	0.992245693777197
0.88	0.980850583602882
0.89	0.908486306816817
0.9	0.9155696255935473
0.91	1.034381706091314
0.92	0.9248514100993948
0.93	0.8619701053250294
0.9400000000000001	0.9735254759083557
0.9500000000000001	0.9016804900815383
0.96	0.8392975296998335
0.97	0.7250163554571308
0.98	0.8457925152908572
0.99	0.8762241024121343
1.	0.7346063739806719
1.01	0.583490053050393
1.02	0.6839247545972357
1.03	0.7453017730750277
1.04	0.595427063251431
1.05	0.757243394539822
1.06	0.7472086459500908
1.07	0.6820869786089968
1.08	0.7148313884073365
1.09	0.7270588252112705
1.1	0.7585009519417408
1.11	0.7703951052001778
1.12	0.6657281806230645
1.1300000000000001	0.6084671002017861
1.1400000000000001	0.6452737735630824
1.1500000000000001	0.7016964345521942
1.16	0.5860748119632618
1.17	0.7109614766813993
1.18	0.6553614604672245
1.19	0.665860930435397
1.2	0.7038784766956294
1.21	0.7524360875451492
1.22	0.6432276180441453
1.23	0.7771770121192388
1.24	0.6614736502616285
1.25	0.6227087100827677
1.26	0.5525529283811841
1.27	0.5898106337885521
1.28	0.6012592428682592
1.29	0.6313760082984338
1.3	0.5822158690853736
1.31	0.7376839490687842
1.32	0.7032556549107378
1.33	0.7671307036097078
1.34	0.6170966036595519
1.35	0.7250115543049885
1.36	0.6124434778396801
1.37	0.5730683662804761
1.3800000000000001	0.5551231377674949
1.3900000000000001	0.5206901620573698
1.4000000000000001	0.613010330773511
1.41	0.5908393645710934
1.42	0.5300239968948154
1.43	0.6905285815083078
1.44	0.7146873872923132
1.45	0.7120358290262865
1.46	0.5843995140293098
1.47	0.6339717640065677
1.48	0.6219039352534449
1.49	0.5554146580189256
1.5	0.5153133088877948
1.51	0.3659882772401379
1.52	0.5621840084992268
1.53	0.5532167962434963
1.54	0.5349356132912454
1.55	0.6347127789424589
1.56	0.7298383275127747
1.57	0.715310798239702
1.58	0.5576687592874987
1.59	0.5264392624880078
1.6	0.604732020185081
1.61	0.5926321664440668
1.62	0.4599598386352299
1.6300000000000001	0.2810152852499616
1.6400000000000001	0.46033501755536893
1.6500000000000001	0.5576540522182141
1.6600000000000001	0.549556613578285
1.67	0.5896264322511245
1.68	0.7137756555835459
1.69	0.7050504851364592
1.7	0.5679549369399965
1.71	0.5443651416301905
1.72	0.5818693513372116
1.73	0.5751575168155424
1.74	0.42871733402730033
1.75	0.25924190593050284
1.76	0.3661224406932388
1.77	0.5477167751293317
1.78	0.5188369842580689
1.79	0.5409165573870895
1.8	0.7100925795579105
1.81	0.6526844759345124
1.82	0.5459642879997462
1.83	0.4486507958370338
1.84	0.45634344575849517
1.85	0.5730089621333131
1.86	0.4948349165560301
1.87	0.23018532456198626
1.8800000000000001	0.3573039896938526
1.8900000000000001	0.5551632045374323
1.9000000000000001	0.48898722425222224
1.9100000000000001	0.574910784630198
1.92	0.6473784540200189
1.93	0.5100069066768167
1.94	0.5008892681614908
1.95	0.339856276616986
1.96	0.21523846782381292
1.97	0.38395260632262196
1.98	0.41315836427006586
1.99	0.11614761634118018
2.	0.0857420926379069