0.	29.972962587517685
0.01	32.46850373005325
0.02	29.615994774766687
0.03	17.466291109639396
0.04	13.656232930385137
0.05	15.291861596243718
0.06	21.97913700793629
0.07	11.604582602742331
0.08	7.231041107469356
0.09	5.678659795536196
0.1	5.169647598940282
0.11	5.362578562018524
0.12	6.4752307412661505
0.13	15.189658799910925
0.14	6.395135672919485
0.15	3.2435925624737547
0.16	1.9641187016842723
0.17	1.449987783125726
0.18	1.2962395631133068
0.19	1.250261348071312
0.2	1.2433266645184726
0.21	1.540258282746123
0.22	2.367643290523798
0.23	7.6288406532752395
0.24	2.776060210620915
0.25	1.59721738413612
0.26	1.6699147676274257
0.27	2.0054786380888103
0.28	2.331187695745268
0.29	2.4898524502527932
0.3	2.6084725357602743
0.31	2.567174330067076
0.32	2.3733719793405608
0.33	2.030085587980072
0.34	1.4850027815569298
0.35000000000000003	1.7143424272473708
0.36	2.1025707556322937
0.37	2.0108652805977614
0.38	2.6142005593495004
0.39	3.276591964907028
0.4	3.7437929595233714
0.41000000000000003	4.03934744465691
0.42	4.232863729845892
0.43	4.283795929957582
0.44	4.30670323604009
0.45	4.286108025859762
0.46	4.16884564316441
0.47000000000000003	4.011142947334919
0.48	3.6176214351286866
0.49	2.975500973608195
0.5	1.6951844179785043
0.51	2.1868185564070326
0.52	3.087236026244932
0.53	3.85653751368381
0.54	4.3452780238137825
0.55	4.843956489020459
0.56	5.116919355312928
0.5700000000000001	5.107849830427083
0.58	5.325308616365079
0.59	5.370093655868313
0.6	5.395120135681325
0.61	5.463489374002446
0.62	5.486536680277386
0.63	5.299167924532911
0.64	5.078074468585472
0.65	4.746665901118505
0.66	4.086664405137459
0.67	2.729327680645984
0.68	2.674382981833033
0.6900000000000001	3.336920291643845
0.7000000000000001	4.376849848354503
0.71	4.9809234898297365
0.72	5.394117344097034
0.73	5.604201343469964
0.74	5.934681871578976
0.75	6.0691990728239205
0.76	6.14465492672844
0.77	6.205865610446882
0.78	6.22368937006001
0.79	6.180992964252366
0.8	6.0839407845094735
0.81	5.983840472591518
0.8200000000000001	5.894940794494655
0.8300000000000001	5.651394730177913
0.84	5.339987265345402
0.85	4.781354864127689
0.86	3.2602881372200465
0.87	3.3242180151386336
0.88	4.340941495112695
0.89	4.793129615190715
0.9	5.431226513407018
0.91	5.850359840145899
0.92	6.218887818074891
0.93	6.275919863241495
0.9400000000000001	6.285739275927496
0.9500000000000001	6.409155016668207
0.96	6.4759618193484725
0.97	6.478080129386375
0.98	6.520001272737991
0.99	6.584385051132775
1.	6.63635372808992
1.01	6.522296735551363
1.02	6.450917603149799
1.03	6.264291325170854
1.04	6.069091054276591
1.05	5.567907623947588
1.06	5.146451977761135
1.07	2.888896832046256
1.08	3.722935497604796
1.09	4.966410761665916
1.1	5.255557840126955
1.11	5.716736156221647
1.12	5.946756350301297
1.1300000000000001	6.318124784574751
1.1400000000000001	6.642290801439232
1.1500000000000001	6.633336296457675
1.16	6.600672618110331
1.17	6.707819212107974
1.18	6.661401166397886
1.19	6.628529361279301
1.2	6.655404712434738
1.21	6.736609514641256
1.22	6.774267948864073
1.23	6.703826618746987
1.24	6.546111353409211
1.25	6.464374504398799
1.26	6.247190970101503
1.27	5.898821483007635
1.28	5.303425673182129
1.29	4.009672057974383
1.3	3.9161975223785204
1.31	4.715326437797676
1.32	5.522040367415658
1.33	5.7584402264986165
1.34	6.092637346278566
1.35	6.179716152931638
1.36	6.492908612962186
1.37	6.690515534177012
1.3800000000000001	6.725652919608007
1.3900000000000001	6.655966275275938
1.4000000000000001	6.7639606830361005
1.41	6.744653330119452
1.42	6.67827517340355
1.43	6.658010004330803
1.44	6.709906203227829
1.45	6.769806434349083
1.46	6.751398191803732
1.47	6.588878394468636
1.48	6.436662254198961
1.49	6.277167730942771
1.5	5.927670252141444
1.51	5.270035204665373
1.52	3.8814191936540645
1.53	4.83257783343598
1.54	4.525908114627156
1.55	5.101555170658279
1.56	5.637930115670163
1.57	5.964881244667966
1.58	6.237318880862909
1.59	6.207544224719705
1.6	6.375829335102109
1.61	6.541065757369157
1.62	6.550247500149014
1.6300000000000001	6.53027911387309
1.6400000000000001	6.602515471917178
1.6500000000000001	6.604813914685861
1.6600000000000001	6.531367634007256
1.67	6.539948025565616
1.68	6.580987637183277
1.69	6.63096783273472
1.7	6.574622956071545
1.71	6.418243245834575
1.72	6.236867876789969
1.73	6.043584361103116
1.74	5.730635644730872
1.75	5.068521058994742
1.76	3.1924316305652245
1.77	4.94262000038842
1.78	4.957208925624625
1.79	5.05830732255908
1.8	5.532553019950535
1.81	5.68557241814388
1.82	6.043995494961151
1.83	6.019671325359816
1.84	6.0139424130995085
1.85	6.162629913810651
1.86	6.221206643659421
1.87	6.289225155660607
1.8800000000000001	6.376938239763046
1.8900000000000001	6.398576290415505
1.9000000000000001	6.359630737542992
1.9100000000000001	6.320139145874949
1.92	6.333137902425587
1.93	6.318407620623535
1.94	6.274983016353833
1.95	6.121210891624451
1.96	5.926594320429678
1.97	5.790468504520457
1.98	5.553039793344102
1.99	5.064340661979428
2.	3.09182053551256