0.	2.79999954094891e-7
0.01	2.808099718619266e-7
0.02	2.832644667591538e-7
0.03	2.8743850941666316e-7
0.04	2.934632513473045e-7
0.05	3.0153581024336483e-7
0.06	3.119349554925539e-7
0.07	3.250449157456985e-7
0.08	3.4139114112059353e-7
0.09	3.6169437736023e-7
0.1	3.869538088470745e-7
0.11	4.1857800667293e-7
0.12	4.5859751235116463e-7
0.13	5.100228132676567e-7
0.14	5.774740761164223e-7
0.15	6.683485209716337e-7
0.16	7.951264991968798e-7
0.17	9.802999329290625e-7
0.18	1.2680135214725277e-6
0.19	1.75544407655102e-6
0.2	2.6944672364475624e-6
0.21	4.926980775519681e-6
0.22	0.00001294268355678893
0.23	0.00012011858557888356
0.24	0.013561000698350867
0.25	0.35729627670675246
0.26	0.4618079060999367
0.27	0.7852366787834923
0.28	0.7515422977261133
0.29	0.6930026900406161
0.3	0.9533804074691937
0.31	0.8909871071351492
0.32	0.8783483305522657
0.33	0.8621282926909097
0.34	0.6515852696883175
0.35000000000000003	0.9538763391097305
0.36	0.8278301275590416
0.37	0.8596942529527605
0.38	0.8894835752845335
0.39	0.8260197522431548
0.4	0.7910815506882494
0.41000000000000003	0.6331558680999014
0.42	0.6292612209589938
0.43	0.20384131349417867
0.44	0.8805504709823115
0.45	0.29234916755155993
0.46	0.974012731282871
0.47000000000000003	1.0825192112356317
0.48	0.8504150667478056
0.49	1.7603192219954304
0.5	1.0973950296600254
0.51	1.5225669618706832
0.52	1.414551416328775
0.53	0.9393583553615616
0.54	1.170239977011051
0.55	1.5847328555947033
0.56	1.5509450051532379
0.5700000000000001	1.1889244190144135
0.58	1.67851250589846
0.59	1.52915274615239
0.6	1.6883401390322432
0.61	0.7157611258064633
0.62	1.4472135821501628
0.63	1.4101129540396697
0.64	1.8324198868939576
0.65	1.66892378586439
0.66	1.6861392112795373
0.67	1.7042736429585335
0.68	0.9856679548074488
0.6900000000000001	1.3097780727861021
0.7000000000000001	1.8881547678062855
0.71	1.7279536829149453
0.72	1.8242797921925964
0.73	1.618532089226722
0.74	1.5182841295051315
0.75	1.480407379342679
0.76	1.4768733369271527
0.77	1.6732716268549885
0.78	1.38685390880363
0.79	1.7685280631945903
0.8	1.2510890103285548
0.81	1.7355620290340439
0.8200000000000001	1.7018402182199566
0.8300000000000001	1.8277740553862305
0.84	1.6349867367353872
0.85	0.5815128693966827
0.86	1.696247509096414
0.87	1.3853075987372065
0.88	1.393564943230756
0.89	1.586587739841755
0.9	2.475624623042598
0.91	2.298060332846841
0.92	1.7115811467479083
0.93	2.327282738230448
0.9400000000000001	2.069715243872865
0.9500000000000001	2.0953401792247113
0.96	2.109359408512299
0.97	2.2316107934725964
0.98	2.2705969218790543
0.99	2.0073384697486274
1.	2.088734223259358
1.01	2.5340810687553947
1.02	1.8848860465422075
1.03	2.2746551201322176
1.04	1.4732615191473526
1.05	0.4188472452281229
1.06	0.6383611680599838
1.07	0.6482176161520302
1.08	0.04809762799943573
1.09	0.7592117947505647
1.1	0.7036736339948569
1.11	0.758598412232717
1.12	0.9531918731156853
1.1300000000000001	1.180408714588285
1.1400000000000001	0.809054561262551
1.1500000000000001	1.6710037238406388
1.16	1.3951393011219506
1.17	1.5078379839125269
1.18	1.881640476978403
1.19	1.9053836836722224
1.2	1.3488604599268261
1.21	1.5924296971948195
1.22	1.3208090227396598
1.23	2.07561157260554
1.24	2.1516743080258136
1.25	1.8199959742952523
1.26	1.784115438009484
1.27	2.246380408533816
1.28	1.0227317399793299
1.29	1.4840899981722122
1.3	1.3428566880187973
1.31	1.6954951569689474
1.32	1.840808200408079
1.33	1.5577884885040665
1.34	1.7866004717769493
1.35	1.4697034163497724
1.36	2.3624823887627944
1.37	2.103895681180843
1.3800000000000001	2.402260272980132
1.3900000000000001	1.9893367486945903
1.4000000000000001	1.3196310546920698
1.41	1.8074611848003184
1.42	1.1924950972815587
1.43	1.7824307547237344
1.44	1.372837809486409
1.45	2.1145141612672314
1.46	1.5711974360679308
1.47	1.6036494472038496
1.48	2.105039085707196
1.49	1.4489255725833527
1.5	2.065410014801432
1.51	1.7213469097129837
1.52	1.4939793641914212
1.53	1.4435315618419953
1.54	1.5341328487586234
1.55	1.9459194041864312
1.56	1.5049728146322523
1.57	1.563486221760013
1.58	1.41790188637931
1.59	1.8228488866854338
1.6	1.392962946404082
1.61	0.9043359836498528
1.62	0.8700043189177604
1.6300000000000001	1.7017440241694364
1.6400000000000001	1.5880138244719841
1.6500000000000001	1.5557384383888566
1.6600000000000001	1.45448923707887
1.67	2.0492879775194894
1.68	0.07713251528738674
1.69	0.7437217012197823
1.7	0.09913050877398455
1.71	0.7253445692381879
1.72	1.021556235925955
1.73	0.5647953655790336
1.74	0.049076514338060484
1.75	1.0689450277498842
1.76	0.26019599437922025
1.77	2.000116262992259
1.78	2.0000116105401613
1.79	2.0000040735263527
1.8	0.18937689647730238
1.81	1.0869911729570492
1.82	0.8459692827221721
1.83	1.1573573225454612
1.84	1.5683105168224827
1.85	1.160899013723932
1.86	1.3054793309251496
1.87	1.3121897750759943
1.8800000000000001	1.2765045605827163
1.8900000000000001	1.53609477574037
1.9000000000000001	1.4096717424917566
1.9100000000000001	1.4622628219137457
1.92	1.1173230399266023
1.93	1.6746337713969925
1.94	1.1590987880399002
1.95	1.2505894360564134
1.96	1.4799299654996343
1.97	1.4332693085268167
1.98	1.2365976795469118
1.99	1.4921693275033736
2.	1.5322792354787613
2.0100000000000002	1.2643793095244988
2.02	1.198781898439174
2.0300000000000002	1.2786856531109811
2.04	1.0384030106669961
2.05	1.146971460402962
2.06	1.3432501053167247
2.07	1.0597369601104507
2.08	0.7913619276634205
2.09	1.0847603804307022
2.1	1.3005712870472628
2.11	1.4428273816652004
2.12	0.9197712825874467
2.13	1.1867683609226711
2.14	1.1103013413001208
2.15	1.3760669268962034
2.16	1.5064869778077257
2.17	1.743734800249501
2.18	1.9104907665969117
2.19	1.4609105705801957
2.2	0.8248588841868514
2.21	1.286403845040581
2.22	0.8048337427701113
2.23	1.0860933586954373
2.24	1.2762961534904267
2.25	0.829180428850329
2.2600000000000002	1.3210454927027513
2.27	1.1049698555221688
2.2800000000000002	1.354581950976056
2.29	0.7938866067049153
2.3000000000000003	0.6004780712557676
2.31	1.1403224537557177
2.32	0.9978582922930017
2.33	0.8596130991537403
2.34	0.4106803726835067
2.35	0.5119803097753508
2.36	0.10136854991327765
2.37	0.5050385000383957
2.38	0.5537180257940011
2.39	0.501382283735536
2.4	0.6263307814343584
2.41	0.48744568505277774
2.42	1.0000743283115854
2.43	0.23144504803193522
2.44	0.12225623797231638
2.45	0.08479044584049411
2.46	0.0697788432960551
2.47	0.0029322964973154675
2.48	0.7850299831362584
2.49	0.06141582571690155
2.5	0.3434575302682642
2.5100000000000002	0.5423651212351125
2.52	0.40079038963872105
2.5300000000000002	0.34583163368904457
2.54	0.5180155858491504
2.5500000000000003	0.5189009761301844
2.56	0.9563806255754382
2.57	0.6161139353333822
2.58	0.5848920763417365
2.59	0.8377358162501511
2.6	0.2768842053726196
2.61	0.2877906116595955
2.62	0.20097790172750796
2.63	0.7031586510358445
2.64	0.5134059268565918
2.65	0.8485471640465498
2.66	0.9053642631977029
2.67	0.7091088277516839
2.68	0.4780300131485835
2.69	0.14611606503779329
2.7	0.3281760821788745
2.71	0.1277396423441184
2.72	0.11120033547565367
2.73	0.4001109629558783
2.74	0.5849392050918429
2.75	0.19595974866857993
2.7600000000000002	0.1745582298579409
2.77	0.7163605253349246
2.7800000000000002	0.15360796717383038
2.79	0.0671869718630056
2.8000000000000003	0.2638191742464979
2.81	0.37002635710230436
2.82	0.02278872758092464
2.83	0.03680184082702609
2.84	0.41587314590296565
2.85	0.0004961984357634425
2.86	0.000016530529220860175
2.87	4.974731367405091e-6
2.88	2.3536256350193205e-6
2.89	1.3641217390669406e-6
2.9	8.878212807029199e-7
2.91	6.229506265441605e-7
2.92	4.6078984962891224e-7
2.93	3.544374053656129e-7
2.94	2.809802186693581e-7
2.95	2.2815184476009116e-7
2.96	1.8890693129893767e-7
2.97	1.5896644995138106e-7
2.98	1.3561058268108286e-7
2.99	1.1704400702395742e-7
3.	1.0204323486311978e-7