0.	2.79999954094891e-7
0.01	2.807993214468008e-7
0.02	2.832340175048539e-7
0.03	2.8738407910891366e-7
0.04	2.933788622903024e-7
0.05	3.014129418036257e-7
0.06	3.117614046946496e-7
0.07	3.2480303084756576e-7
0.08	3.4105502903604266e-7
0.09	3.6122538914745077e-7
0.1	3.862930542453355e-7
0.11	4.1763358018418867e-7
0.12	4.572219657175553e-7
0.13	5.079718891493546e-7
0.14	5.74327678988251e-7
0.15	6.633511357864843e-7
0.16	7.826558736919472e-7
0.17	9.58138148185053e-7
0.18	1.2255625312038794e-6
0.19	1.6655637834327824e-6
0.2	2.4747601568247364e-6
0.21	4.250343077396458e-6
0.22	9.659087895800075e-6
0.23	0.00005051518372321481
0.24	0.03511416204686313
0.25	0.5162830654434185
0.26	0.3326157518398425
0.27	0.550703133578138
0.28	0.5843404619425789
0.29	0.7731245413630345
0.3	0.9535543696791784
0.31	0.9631335439951799
0.32	0.7679112256698595
0.33	0.8459868152089458
0.34	0.9315807838286013
0.35000000000000003	0.7543560044778322
0.36	0.8021905789000574
0.37	0.6997374224838065
0.38	0.8140795146780523
0.39	0.9020718485488839
0.4	0.9310902208284061
0.41000000000000003	0.8279570325349979
0.42	1.9999256456813368
0.43	0.74858491054345
0.44	0.8956802649671259
0.45	0.8072320565494487
0.46	0.7754409766365029
0.47000000000000003	1.1078649095273607
0.48	0.4831929748167889
0.49	0.8656367034833695
0.5	1.0379643228325377
0.51	1.1799735455138651
0.52	1.8372641841610116
0.53	1.5232696720724928
0.54	1.08841169363481
0.55	1.6444237017729826
0.56	1.408841367102367
0.5700000000000001	1.6648888354101619
0.58	1.7006482756179504
0.59	1.3074848936552472
0.6	1.5793723027010793
0.61	1.6272003019839285
0.62	1.614421087241897
0.63	1.5889607946927085
0.64	1.3211320597760694
0.65	1.579841183853739
0.66	1.5077087898854957
0.67	1.886006138439177
0.68	1.5902765028599661
0.6900000000000001	1.7124884202988417
0.7000000000000001	1.8054391651689659
0.71	1.6579037905671017
0.72	1.6029801634102883
0.73	1.6069818291823916
0.74	1.6775199075898153
0.75	1.819676415580144
0.76	1.619587877410706
0.77	1.6988048559954576
0.78	1.5305887102345226
0.79	1.4432340035349125
0.8	1.7296124388647283
0.81	1.4318294584288525
0.8200000000000001	1.3504205106860534
0.8300000000000001	1.621206968554231
0.84	1.869619819533128
0.85	1.9621932607531534
0.86	2.9999832237813226
0.87	1.2717014198131804
0.88	0.961586919980749
0.89	1.6658723662446904
0.9	1.9849966358115467
0.91	1.7208527520407153
0.92	1.850135726246985
0.93	1.3894349230318093
0.9400000000000001	1.8930405046917822
0.9500000000000001	1.6902981456297397
0.96	1.3025901811879144
0.97	1.3917664921923931
0.98	1.7808299284975866
0.99	2.0315788117537186
1.	2.2466121807624235
1.01	2.449992436546815
1.02	2.215629586524873
1.03	1.4632821663874473
1.04	1.7881863777839522
1.05	0.9026500081732982
1.06	0.20353964997026708
1.07	0.184408176963627
1.08	0.3096510499960954
1.09	0.3280907511433828
1.1	0.7519916299113905
1.11	0.11337738650590845
1.12	0.5002572925573026
1.1300000000000001	1.0496057027015016
1.1400000000000001	1.3193823955233324
1.1500000000000001	1.5925603849736476
1.16	0.7791832046411429
1.17	1.3940034552884237
1.18	1.7683353467552618
1.19	1.5058837935334828
1.2	1.2783630845948513
1.21	1.0543259319601685
1.22	1.6955972306109834
1.23	1.6996943338272184
1.24	1.8996423171417702
1.25	1.4057735507999536
1.26	1.5783286634924514
1.27	1.599053736950073
1.28	2.2987407051816264
1.29	1.7701893088288432
1.3	2.0870528001170436
1.31	2.0460556329183097
1.32	1.6478310922094894
1.33	1.868717094736693
1.34	1.7156862553487386
1.35	1.7612518329296254
1.36	1.8128939117608727
1.37	2.4066233858703847
1.3800000000000001	1.5998990989793813
1.3900000000000001	1.6704997949622178
1.4000000000000001	2.0100011608902673
1.41	2.12672515607233
1.42	1.738009750340205
1.43	0.9341906697253347
1.44	1.705821172513017
1.45	1.001582877180973
1.46	1.5972283913125664
1.47	1.9091577242043865
1.48	1.9877338324819305
1.49	1.5416955675568784
1.5	2.2620232183447917
1.51	1.929060057008993
1.52	1.914771460316443
1.53	1.6073578728794715
1.54	2.373075657991398
1.55	1.1927060922205912
1.56	1.6066535678180278
1.57	1.738690231116607
1.58	1.9531292064577386
1.59	1.9094605712833461
1.6	1.4493890459544638
1.61	1.30126041318168
1.62	1.429538311435501
1.6300000000000001	1.6253163372864217
1.6400000000000001	1.4347124415868606
1.6500000000000001	1.4979970205065447
1.6600000000000001	0.8481577362099857
1.67	1.0732704010607073
1.68	1.013852746278794
1.69	1.1002493114881804
1.7	0.18116213480825083
1.71	0.1711875190213732
1.72	1.2901326461160991
1.73	1.6833138530401222
1.74	0.8344340434428368
1.75	0.38748396854713363
1.76	0.5794034251365225
1.77	0.9534164078613362
1.78	0.7236091046782105
1.79	0.5729315698595051
1.8	0.7855981630193103
1.81	1.2012531375462654
1.82	0.7230529792754651
1.83	1.0338689432401016
1.84	0.65257932702148
1.85	0.9862143492722985
1.86	0.9556571718686542
1.87	1.4921484812000683
1.8800000000000001	1.3628355515472688
1.8900000000000001	1.2462558042016885
1.9000000000000001	1.1898054033723842
1.9100000000000001	1.2711635952687377
1.92	1.0846339056003167
1.93	1.736834213703075
1.94	1.2540375530135046
1.95	1.5596153377840705
1.96	1.4863771121791163
1.97	1.4405916445745688
1.98	1.0247912605806344
1.99	0.9151819516225718
2.	1.4039024108028282
2.0100000000000002	1.3630808729571555
2.02	1.2624977308660819
2.0300000000000002	1.218176018184911
2.04	1.5110971302004936
2.05	1.2017842897332245
2.06	1.2356476818227184
2.07	1.4090386142961666
2.08	1.5351425620990078
2.09	1.5846252095362323
2.1	1.23491067787933
2.11	0.9593535553967524
2.12	1.1559418299167734
2.13	1.0482040975295792
2.14	1.1073642643246346
2.15	1.369291316891079
2.16	1.3043910182808136
2.17	0.39234218381786
2.18	1.35992501530507
2.19	0.9832611117684655
2.2	0.8358774751703886
2.21	0.9963192718719287
2.22	1.2728608006859055
2.23	1.3990382745968848
2.24	0.646393285649232
2.25	0.7279289236881779
2.2600000000000002	1.0380333211141977
2.27	1.4256614133645094
2.2800000000000002	0.3570283878933419
2.29	0.9459554919514738
2.3000000000000003	0.82336763613414
2.31	1.085238604575445
2.32	0.5818203611339674
2.33	0.868885168070854
2.34	1.0926657492260194
2.35	0.43347055520748745
2.36	0.475385233295205
2.37	0.4329410987704889
2.38	0.751272566852943
2.39	0.7464872598599444
2.4	0.0547205752957145
2.41	0.1328477018384513
2.42	1.0000743283115854
2.43	1.0000099038560095
2.44	0.4035337144053668
2.45	0.8383574555381627
2.46	0.9144182513778699
2.47	0.9828886610487787
2.48	0.6904011617126229
2.49	0.6897956660958323
2.5	0.8744059397235441
2.5100000000000002	0.6865079139384036
2.52	0.7115560702600157
2.5300000000000002	0.3763972754707061
2.54	0.9729691622005063
2.5500000000000003	0.9375163431045844
2.56	0.896664233969827
2.57	0.1700050105505393
2.58	0.5175203593987439
2.59	0.8927094148600323
2.6	0.19563910585863864
2.61	0.8543819564540707
2.62	0.8683437498188528
2.63	0.8309329156751081
2.64	0.9201519255855215
2.65	0.29758956653475044
2.66	0.2940634092543507
2.67	0.19990311107384323
2.68	0.6581874121859377
2.69	0.32672629826165744
2.7	0.694427656236971
2.71	0.11986161484879476
2.72	0.1232600026606514
2.73	0.08822642237180212
2.74	0.3145293069886207
2.75	0.08544268480828787
2.7600000000000002	0.03873339196149139
2.77	0.4024422781540967
2.7800000000000002	0.1987978991654708
2.79	0.20856975779315734
2.8000000000000003	0.16727587185364712
2.81	0.05975048345639358
2.82	0.07175627509979243
2.83	0.037628553127156295
2.84	0.03181774626989409
2.85	0.0004961984357634425
2.86	0.000016530529220860175
2.87	4.974731367405091e-6
2.88	2.3536256350193205e-6
2.89	1.3641217390669406e-6
2.9	8.878212807029199e-7
2.91	6.229506265441605e-7
2.92	4.6078984962891224e-7
2.93	3.544374053656129e-7
2.94	2.809802186693581e-7
2.95	2.2815184476009116e-7
2.96	1.8890693129893767e-7
2.97	1.5896644995138106e-7
2.98	1.3561058268108286e-7
2.99	1.1704400702395742e-7
3.	1.0204323486311978e-7