0.	2.79999954094891e-7
0.01	2.7662953651711215e-7
0.02	2.656942508428282e-7
0.03	2.477508209172755e-7
0.04	2.2175496780797986e-7
0.05	1.8592931401682467e-7
0.06	1.375683750533602e-7
0.07	7.272184762574531e-8
0.08	1.4299624058017828e-8
0.09	1.3168989850068148e-7
0.1	2.9134180491425543e-7
0.11	4.1857800667293e-7
0.12	4.5859751235116463e-7
0.13	5.100228132676567e-7
0.14	5.774740761164223e-7
0.15	6.683485209716337e-7
0.16	7.951264991968798e-7
0.17	9.802999329290625e-7
0.18	1.2680135214725277e-6
0.19	1.75544407655102e-6
0.2	2.6944672364475624e-6
0.21	4.926980775519681e-6
0.22	0.00001294268355678893
0.23	0.00012011858557888356
0.24	0.03900730081816306
0.25	0.18140346668851398
0.26	0.5352329162329181
0.27	0.6961142006038643
0.28	0.20997672710352955
0.29	0.6201954848731295
0.3	0.8614278400504325
0.31	0.8245704461169638
0.32	0.43108647291289076
0.33	0.8731874090563025
0.34	0.99853017492478
0.35000000000000003	0.8527197093573327
0.36	0.7599825680851842
0.37	0.719442220500961
0.38	0.9887338438202691
0.39	0.9147544836920994
0.4	0.8724148223945136
0.41000000000000003	0.8702459820326883
0.42	0.3137909088951254
0.43	0.5167978196872218
0.44	1.308337251269006
0.45	0.3358617637479222
0.46	1.3172131209618136
0.47000000000000003	1.2615923892024887
0.48	1.3516556370139823
0.49	1.717712758906658
0.5	0.8620201831785859
0.51	1.0682991887161837
0.52	1.4632855613561815
0.53	1.4729944570375624
0.54	1.6599218289427011
0.55	1.6895661801219442
0.56	1.8866722485670142
0.5700000000000001	1.5120532924761227
0.58	1.554055109696339
0.59	0.6105500398417756
0.6	1.6326156518410282
0.61	1.7600503622738506
0.62	1.4579079224914662
0.63	1.936959802849008
0.64	1.252621726094369
0.65	1.0796939546862117
0.66	1.4948148117452609
0.67	1.5789110933037274
0.68	1.5049579921088514
0.6900000000000001	1.3165447205023861
0.7000000000000001	1.686711453115172
0.71	1.5630869279438242
0.72	1.432826212752572
0.73	1.8923183717237104
0.74	1.6222339432140138
0.75	1.5301037469270882
0.76	1.3174310128506617
0.77	1.6714907504973948
0.78	1.563492651908534
0.79	1.4926387252082889
0.8	1.765432438501111
0.81	1.6080884732343539
0.8200000000000001	1.7736528506114517
0.8300000000000001	1.585708297859026
0.84	1.516138356877396
0.85	1.3763416785190117
0.86	1.0678237551660814
0.87	1.3232936879670651
0.88	1.1407903315114547
0.89	1.5625889724416797
0.9	1.0484939925476013
0.91	0.8744633481839087
0.92	1.7811738170839329
0.93	2.1040082787109684
0.9400000000000001	1.850060588379915
0.9500000000000001	2.340676517128281
0.96	2.215986444237644
0.97	1.9634527246492592
0.98	1.8508523166176796
0.99	1.8907224993851703
1.	2.4731054595594006
1.01	2.715724711483263
1.02	1.72894011190583
1.03	1.5881856063343265
1.04	1.558634845363214
1.05	0.22403658592886266
1.06	0.5600061360466511
1.07	0.47302469118844903
1.08	0.03879248846541827
1.09	0.49238059442356796
1.1	1.1273411607555863
1.11	0.6962774813846934
1.12	1.530199891732774
1.1300000000000001	0.2970939813781124
1.1400000000000001	0.7868707188249319
1.1500000000000001	1.2445196303059736
1.16	1.3027935704284688
1.17	1.3781161367360335
1.18	0.8561813548587872
1.19	1.4071995857190593
1.2	1.5897941669282876
1.21	1.7911104328430263
1.22	1.3982489217507816
1.23	1.1109039593617958
1.24	1.4026635349973358
1.25	1.6482723846697263
1.26	1.1405324747446244
1.27	1.7864004122464099
1.28	1.8108008721714592
1.29	2.1819919057937525
1.3	2.304203057997345
1.31	2.081608599756238
1.32	2.0300632133813514
1.33	1.5948615761395293
1.34	1.6138989249366391
1.35	1.7236315016376142
1.36	1.9207022903914521
1.37	1.6755381365315198
1.3800000000000001	1.8452930574659205
1.3900000000000001	1.838020013218402
1.4000000000000001	1.9252815083670047
1.41	1.8864123678098155
1.42	1.766634045007705
1.43	1.8269463563733073
1.44	0.8765597963174279
1.45	1.8703768204676285
1.46	1.5477248948268785
1.47	1.512071291374879
1.48	1.9005491860926484
1.49	1.987664790543655
1.5	2.0792721129901057
1.51	1.697771768908391
1.52	1.9814979362684575
1.53	1.0975956586266693
1.54	1.5721503888806065
1.55	1.8022229150563107
1.56	2.2331416908672352
1.57	1.719668496667298
1.58	1.4584787309143952
1.59	1.5598962914120311
1.6	1.2831831367031892
1.61	1.9362694021091964
1.62	1.6239367971811296
1.6300000000000001	0.7673640027655574
1.6400000000000001	1.558195848723725
1.6500000000000001	1.4070489062240443
1.6600000000000001	1.747368333829545
1.67	1.186331376866768
1.68	0.9058817858286643
1.69	1.3289715454790967
1.7	0.17361576740348056
1.71	1.138220640493912
1.72	0.35510575534643474
1.73	1.3748995647293505
1.74	0.7457615259784909
1.75	1.340195207895126
1.76	0.13781719440241602
1.77	0.23619054188529742
1.78	0.08771680212655869
1.79	0.11978678845095592
1.8	0.4359751582985659
1.81	0.6777512243391446
1.82	0.9265122758746064
1.83	0.5580296129505792
1.84	0.6185223087175318
1.85	0.7382455398007877
1.86	1.2623609895254329
1.87	0.8659682029578419
1.8800000000000001	1.1195476945673017
1.8900000000000001	1.4790079599762331
1.9000000000000001	1.4256429314134516
1.9100000000000001	1.9060858341993827
1.92	1.6247564648208583
1.93	1.1896023010450134
1.94	1.4740902454403328
1.95	0.9497770944361554
1.96	1.1856913357518344
1.97	1.4624023047676173
1.98	1.5948217410156134
1.99	1.2091365215558385
2.	1.5008785283035095
2.0100000000000002	1.3483909811875168
2.02	1.001464874243268
2.0300000000000002	1.439348814688627
2.04	1.5453658606034943
2.05	1.2487530457689369
2.06	1.3506086325775435
2.07	1.8265363762139777
2.08	1.479541662708033
2.09	1.627700586847174
2.1	1.2831438543520124
2.11	1.3439943790755402
2.12	1.5134683858426998
2.13	1.7487636103743114
2.14	1.6480281766193103
2.15	1.3839819971894827
2.16	1.5226534633624493
2.17	1.518232159690532
2.18	1.4456962002728215
2.19	1.286489973371584
2.2	1.0875274667012678
2.21	1.9774198545477077
2.22	1.3721108160803461
2.23	1.0347853829446003
2.24	1.3187470343526897
2.25	1.738118655688477
2.2600000000000002	1.2829466934323166
2.27	0.7700692216027376
2.2800000000000002	0.6185466955354322
2.29	0.08112263539262743
2.3000000000000003	0.6090006910718515
2.31	0.6174023954062515
2.32	1.1616046797332773
2.33	1.0531213306699791
2.34	0.8949355625416368
2.35	1.207133681582106
2.36	0.3817784193569729
2.37	0.6100048811885974
2.38	0.9483391160870276
2.39	0.25427577075120644
2.4	0.04292656313424681
2.41	0.3238282252561262
2.42	1.0000743283115854
2.43	0.14299543942294574
2.44	0.007547640915924969
2.45	0.5848842464360877
2.46	0.04680350860264315
2.47	0.4868250214329157
2.48	0.4159116187089391
2.49	0.39745117030541466
2.5	0.9078481624691087
2.5100000000000002	0.47071869191870275
2.52	0.26534555004324656
2.5300000000000002	0.9728939592114464
2.54	0.7539296173163474
2.5500000000000003	0.8549217673138263
2.56	0.7316491092345748
2.57	0.9570273523990729
2.58	0.5562484957473801
2.59	0.6340492110323753
2.6	0.9435932319846665
2.61	0.6418556901632124
2.62	0.4479147479549256
2.63	0.43480675287943543
2.64	0.6531306777613567
2.65	0.2417822077693348
2.66	0.6301367958026622
2.67	0.48010455940668434
2.68	0.32153312065930084
2.69	0.8358737550819354
2.7	0.45500647268047945
2.71	0.2786633701396344
2.72	0.7267166460538155
2.73	0.49745718072190126
2.74	0.4668191056417526
2.75	0.14953802232313684
2.7600000000000002	0.6226424646115363
2.77	0.11151213042647257
2.7800000000000002	0.44065503250563776
2.79	0.2250049357231968
2.8000000000000003	0.11006421154211488
2.81	0.10206483709195702
2.82	0.02689775094836655
2.83	0.05739419961312828
2.84	0.010388255289402237
2.85	6.50031200170306e-6
2.86	0.000016530529220860175
2.87	4.974731367405091e-6
2.88	2.3536256350193205e-6
2.89	1.3641217390669406e-6
2.9	8.878212807029199e-7
2.91	6.229506265441605e-7
2.92	4.6078984962891224e-7
2.93	3.544374053656129e-7
2.94	2.809802186693581e-7
2.95	2.2815184476009116e-7
2.96	1.8890693129893767e-7
2.97	1.5896644995138106e-7
2.98	1.3561058268108286e-7
2.99	1.1704400702395742e-7
3.	1.0204323486311978e-7