0.	2.79999954094891e-7
0.01	2.8080709400414186e-7
0.02	2.8325694864943763e-7
0.03	2.8742495483883953e-7
0.04	2.9344170932571e-7
0.05	3.015034722731279e-7
0.06	3.118876859585249e-7
0.07	3.2497649631434074e-7
0.08	3.412920176441973e-7
0.09	3.6154952086280895e-7
0.1	3.8673895245260135e-7
0.11	4.18252804284156e-7
0.12	4.5809263772244126e-7
0.13	5.0921460597767e-7
0.14	5.761322983573129e-7
0.15	6.66022612751376e-7
0.16	7.951264991968798e-7
0.17	9.802999329290625e-7
0.18	1.2680135214725277e-6
0.19	1.75544407655102e-6
0.2	2.6944672364475624e-6
0.21	4.926980775519681e-6
0.22	0.00001294268355678893
0.23	0.00012011858557888356
0.24	0.031574865750879866
0.25	0.024196773949002548
0.26	0.5500650009620576
0.27	0.3651556379942713
0.28	0.8977993352454132
0.29	0.641117300806465
0.3	0.5758667846555272
0.31	0.9512457105779092
0.32	0.42483763663722807
0.33	0.5583108545184361
0.34	0.983813838922868
0.35000000000000003	0.8904491802582003
0.36	0.9714156243794354
0.37	0.7950010198971897
0.38	0.9925100878801085
0.39	0.7315107194916844
0.4	0.9340869729949444
0.41000000000000003	0.7522535926992366
0.42	0.7910947722131013
0.43	0.7751360721157531
0.44	0.639847853813835
0.45	1.6656368994141928
0.46	1.1531532738900285
0.47000000000000003	1.3701430632464664
0.48	1.3200823326113102
0.49	1.4659605683252794
0.5	0.6501444439944924
0.51	1.6440271369920527
0.52	1.3987926505497938
0.53	1.3320719890247068
0.54	1.3717380411153903
0.55	1.7445523426673197
0.56	1.2304788054934521
0.5700000000000001	1.4855567405013619
0.58	1.2927742801107578
0.59	1.1493392540566003
0.6	1.742707886157957
0.61	1.744773890122335
0.62	0.8639527235647899
0.63	1.6925938178192932
0.64	1.258968002366405
0.65	1.5981653708581816
0.66	1.4125497177611166
0.67	1.2716465315506793
0.68	1.8002983291036043
0.6900000000000001	1.5609627799802008
0.7000000000000001	1.3962315026046574
0.71	1.4172403103644247
0.72	1.8996381817117358
0.73	1.4875014652271803
0.74	1.4413831404464443
0.75	1.5199752661728527
0.76	1.5030113937438814
0.77	1.5656444552628812
0.78	1.689275148200517
0.79	1.732108521729602
0.8	1.439039180143327
0.81	1.345279793208229
0.8200000000000001	1.58779828151872
0.8300000000000001	1.391278309604858
0.84	1.7500843376952004
0.85	0.08375576762401238
0.86	1.3100411039192625
0.87	0.9741313124086576
0.88	1.5760981212783083
0.89	1.2185117694652638
0.9	1.4741666556753357
0.91	0.8335735504500316
0.92	0.7611463037593595
0.93	1.8159349425960456
0.9400000000000001	1.1011354733691867
0.9500000000000001	2.108186732879162
0.96	1.1104225804882464
0.97	0.9127653301868033
0.98	1.4909842785112515
0.99	1.6914000904295032
1.	2.0744852501824624
1.01	2.22134775513129
1.02	1.5519035546391646
1.03	1.518332610022325
1.04	2.028148308748833
1.05	1.435172499314104
1.06	0.13260975385639
1.07	0.402628796463042
1.08	0.267364444593257
1.09	0.6579965650091589
1.1	1.134792129528687
1.11	1.5897324627806502
1.12	1.4222870204791298
1.1300000000000001	1.3858437299556505
1.1400000000000001	0.7884226809086047
1.1500000000000001	0.26763648897062964
1.16	1.164570374068718
1.17	1.1245613503416505
1.18	1.385748099632207
1.19	1.5372794348262286
1.2	1.3769268300030997
1.21	1.7242871003580307
1.22	2.0979342145354876
1.23	1.138642728292052
1.24	1.5627271337708395
1.25	1.5487306301103225
1.26	2.4226380042054787
1.27	2.113998216571494
1.28	2.0362623316250184
1.29	1.5380026743011053
1.3	2.010657070029219
1.31	0.949653672605642
1.32	1.4482085532049824
1.33	1.8525271804532255
1.34	1.8577268151956585
1.35	1.4142942303809944
1.36	2.2485929548826133
1.37	1.80202568112043
1.3800000000000001	1.8278345676231271
1.3900000000000001	1.651116355270827
1.4000000000000001	1.6812976869559582
1.41	1.5247685835436546
1.42	2.041156996972099
1.43	1.576008736597343
1.44	1.3479965978322528
1.45	2.017673044965733
1.46	1.4390833125295783
1.47	1.2884479949064236
1.48	1.4733826526008862
1.49	1.7495379573460912
1.5	1.9531570411919068
1.51	1.2954588994088474
1.52	1.7659287324859587
1.53	2.025132916637574
1.54	1.8541504518282592
1.55	1.7004578035479267
1.56	1.4118408185296594
1.57	0.9106435926317884
1.58	1.7768354562726778
1.59	1.5498406051026352
1.6	1.4523856089665994
1.61	1.9662808654114503
1.62	1.665953246409182
1.6300000000000001	1.4427565342046296
1.6400000000000001	1.3228857867228483
1.6500000000000001	1.4068653584465318
1.6600000000000001	0.5701018454846793
1.67	0.3762731258533276
1.68	1.7203131418813755
1.69	1.2573164000579629
1.7	1.455050081261824
1.71	1.0118830137840742
1.72	1.9854271579093083
1.73	0.5097250854538722
1.74	0.36057467632288365
1.75	1.0417681169355753
1.76	1.3361793867472969
1.77	0.40801671162449504
1.78	0.7985785585176576
1.79	0.8567175048440578
1.8	0.9741903856162571
1.81	0.2706065708513411
1.82	0.6323000452506725
1.83	0.7767585345789048
1.84	1.2721576503581593
1.85	0.86194347586657
1.86	0.552469922049186
1.87	1.5600811309148148
1.8800000000000001	1.3770646286854513
1.8900000000000001	1.540329137751975
1.9000000000000001	1.6054901118662963
1.9100000000000001	1.1788967057532105
1.92	0.8023394359784252
1.93	1.2130400116877065
1.94	1.6138390944581367
1.95	0.8646655269116877
1.96	1.2933792018202275
1.97	1.5134833218243475
1.98	1.1312728080165535
1.99	1.3049344934909581
2.	0.8606574702828553
2.0100000000000002	1.64375609503875
2.02	1.2672601186565051
2.0300000000000002	1.2631158036209174
2.04	1.298384799414439
2.05	1.2843690328178337
2.06	1.3504942000117441
2.07	1.4833561150112835
2.08	1.3973007195952656
2.09	1.351279819227285
2.1	1.6119593048515606
2.11	1.3943259815843496
2.12	0.9558417557036121
2.13	0.9301476570550575
2.14	1.0796110107404584
2.15	0.8993721019793175
2.16	1.1069099857027773
2.17	1.1493325147023736
2.18	0.6748207542570753
2.19	1.040398741142184
2.2	1.1084031949571012
2.21	1.3269478120324036
2.22	0.9267275966888874
2.23	1.3488462106403223
2.24	0.7401244158560862
2.25	1.1999621906776854
2.2600000000000002	1.0259048172547478
2.27	1.1260168169600608
2.2800000000000002	0.9935620886437366
2.29	1.1441840397716494
2.3000000000000003	1.2505808348301708
2.31	1.1703328861329272
2.32	1.0605565902490846
2.33	1.1702051427184705
2.34	0.5430793769896556
2.35	0.3867412300338007
2.36	0.8458785494506909
2.37	0.45779719807844343
2.38	0.7311722155100172
2.39	0.2175114268671836
2.4	0.48744474525213616
2.41	1.0202577729231201
2.42	1.0000743283115854
2.43	0.13602081735876295
2.44	0.10218853800799615
2.45	0.15679217096550935
2.46	0.053156888763699346
2.47	0.22524027879960545
2.48	0.8657716788623734
2.49	0.4568012417573779
2.5	0.28151910954750436
2.5100000000000002	0.7694577769846513
2.52	0.6892911980106621
2.5300000000000002	0.8864946523640842
2.54	0.42631329280688324
2.5500000000000003	0.36529096276845285
2.56	0.5123291816133431
2.57	0.6746645044498218
2.58	0.8910108206902693
2.59	0.9146868668325373
2.6	0.5204166975252135
2.61	0.5116246368120532
2.62	0.6543997475920822
2.63	0.39109846257375813
2.64	0.5113902725909518
2.65	0.23121014866152412
2.66	0.22842778629287253
2.67	0.5879164595097268
2.68	0.8392589427161573
2.69	0.698496188327154
2.7	0.9239081351506659
2.71	0.7871286690941326
2.72	0.7286342045419402
2.73	0.3871707408781049
2.74	0.12819105492381933
2.75	0.5860607650655902
2.7600000000000002	0.9739531235651668
2.77	0.2720776880093747
2.7800000000000002	0.2373467192778802
2.79	0.060579474650319654
2.8000000000000003	0.1400836700839836
2.81	0.15903166015950276
2.82	0.4371420403879892
2.83	0.05657193261054516
2.84	0.031014311444726328
2.85	0.00009749997176060734
2.86	0.000015298808598078782
2.87	4.974731367405091e-6
2.88	2.3536256350193205e-6
2.89	1.3641217390669406e-6
2.9	8.878212807029199e-7
2.91	6.229506265441605e-7
2.92	4.6078984962891224e-7
2.93	3.544374053656129e-7
2.94	2.809802186693581e-7
2.95	2.2815184476009116e-7
2.96	1.8890693129893767e-7
2.97	1.5896644995138106e-7
2.98	1.3561058268108286e-7
2.99	1.1704400702395742e-7
3.	1.0204323486311978e-7