0.	2.0169005667938238e-7
0.01	2.614654699241213e-7
0.02	2.826532359234175e-7
0.03	2.6590038724644566e-7
0.04	2.085239025180578e-7
0.05	1.0411978897303007e-7
0.06	5.8320905684848845e-8
0.07	2.9596166306170154e-7
0.08	3.4139114112059353e-7
0.09	3.6169437736023e-7
0.1	3.869538088470745e-7
0.11	4.1857800667293e-7
0.12	4.5859751235116463e-7
0.13	5.100228132676567e-7
0.14	5.774740761164223e-7
0.15	6.683485209716337e-7
0.16	7.951264991968798e-7
0.17	9.802999329290625e-7
0.18	1.2680135214725277e-6
0.19	1.75544407655102e-6
0.2	2.6944672364475624e-6
0.21	4.926980775519681e-6
0.22	0.00001294268355678893
0.23	0.00012011858557888356
0.24	0.02651842128285109
0.25	0.28540301351375363
0.26	0.0530807354888565
0.27	0.36470034297227194
0.28	0.5638843862140255
0.29	0.6321016410862539
0.3	0.8113566336574771
0.31	0.9119491069250049
0.32	0.687286636524452
0.33	0.8413755328430224
0.34	0.9459046716842483
0.35000000000000003	0.9552596295649514
0.36	0.9492675473096308
0.37	0.9311495770314575
0.38	0.7958206763902774
0.39	0.9420221656448968
0.4	0.7906889691286155
0.41000000000000003	0.7735583963684595
0.42	0.4952446787036663
0.43	0.11120428669376659
0.44	0.9735004759471525
0.45	1.665699586773072
0.46	1.0636174835880567
0.47000000000000003	1.5263545696779675
0.48	1.6961349527686322
0.49	1.2983331343795839
0.5	1.303050884052368
0.51	1.2112101277224645
0.52	1.4577150348487946
0.53	0.971431994514618
0.54	1.271672918552774
0.55	1.105827113483759
0.56	1.6514737359340708
0.5700000000000001	1.6274638920461793
0.58	1.685751019411335
0.59	1.7024861390024677
0.6	1.05159904399106
0.61	1.0137854610121195
0.62	1.3734141606536534
0.63	1.6653652550106743
0.64	1.5340738551333888
0.65	1.6515033703640283
0.66	1.479914987481398
0.67	1.4542837173009675
0.68	1.8951620587935387
0.6900000000000001	1.2897760300926708
0.7000000000000001	1.530874540904962
0.71	1.5291739769410058
0.72	1.6394391556909451
0.73	1.7433040377670177
0.74	1.6871809251691545
0.75	1.6415370943736622
0.76	1.5786782801916468
0.77	1.7369243668748613
0.78	1.2995068030996109
0.79	1.485721599964935
0.8	1.6571455335090537
0.81	1.8289973565781816
0.8200000000000001	1.143727140808322
0.8300000000000001	1.279625400730056
0.84	1.4987472757477684
0.85	0.6449439451173617
0.86	0.71015026201057
0.87	1.4063377095962837
0.88	2.4321031408467984
0.89	0.5580621188664766
0.9	1.0674231665428944
0.91	0.03522033495981525
0.92	1.1272840115467626
0.93	1.0365875950243464
0.9400000000000001	2.422008384976486
0.9500000000000001	1.9789633743287294
0.96	1.4217715625643252
0.97	1.3908519670174733
0.98	1.2776364946266794
0.99	2.1243274867020703
1.	2.357052739948854
1.01	2.680265947663405
1.02	1.88746573543899
1.03	2.226621846956867
1.04	1.2710132992713075
1.05	0.14152735688968243
1.06	0.014267376202651227
1.07	0.6102859529908796
1.08	0.4394830847179412
1.09	0.5937964182315137
1.1	0.13077832771133602
1.11	1.054628965287223
1.12	1.7816973598434949
1.1300000000000001	1.8617109020303868
1.1400000000000001	1.291616468216861
1.1500000000000001	1.674556786397713
1.16	1.5908180689928029
1.17	1.8978994730276404
1.18	1.1530164466908197
1.19	1.8555887041688042
1.2	1.28127788459929
1.21	1.4332184919737667
1.22	1.551477893110683
1.23	1.4893065279875501
1.24	1.9789657700361503
1.25	2.1453316713094606
1.26	1.5122992816806027
1.27	1.515112714089206
1.28	1.8276607230599433
1.29	1.377122024283283
1.3	1.2782327814760523
1.31	1.6183465098931273
1.32	1.5697770825713926
1.33	2.2317547731077645
1.34	1.9091225492075128
1.35	1.9458856323755234
1.36	1.9105399556006368
1.37	1.5750370124455007
1.3800000000000001	2.1910265637278403
1.3900000000000001	1.7233125808903056
1.4000000000000001	1.61920868895752
1.41	1.2706620921917238
1.42	1.483601028428976
1.43	1.2748635816264198
1.44	1.4658939959979245
1.45	1.7860529148527957
1.46	1.601384136144496
1.47	2.1952145514181556
1.48	1.9703964026170522
1.49	1.9579858223750535
1.5	1.484740690040406
1.51	1.6740689928916597
1.52	1.7183163009259532
1.53	1.8737333553285729
1.54	1.5544685143369268
1.55	1.6643368169276176
1.56	1.5357670134992876
1.57	1.7933824434477619
1.58	1.8607718534402662
1.59	0.9663380800148254
1.6	1.1978192312790048
1.61	1.3194381912442648
1.62	1.3443063847573267
1.6300000000000001	1.3740995732951555
1.6400000000000001	2.0956798052123453
1.6500000000000001	1.726540372333258
1.6600000000000001	1.0167225621834275
1.67	1.6252114802312816
1.68	1.2381231331242613
1.69	0.8283512692834706
1.7	1.4622717019819602
1.71	1.6697476552579769
1.72	0.2699949757807501
1.73	1.8008292097778735
1.74	0.8656540482289827
1.75	0.3487052839078508
1.76	1.107407770983734
1.77	0.16563663549037405
1.78	0.6776457732295835
1.79	0.3826581552960511
1.8	0.2895429468405085
1.81	0.7862880757723621
1.82	1.470200302387777
1.83	0.893253391798162
1.84	0.8793271484539736
1.85	1.340829946264889
1.86	1.4288539207956976
1.87	1.6220393214502782
1.8800000000000001	1.8431924898280023
1.8900000000000001	1.055948933594127
1.9000000000000001	0.9755798353350171
1.9100000000000001	1.2712995012669475
1.92	0.8779797180949915
1.93	1.3130101726131818
1.94	1.1792648360588693
1.95	1.5674090278887007
1.96	1.1846362419418264
1.97	1.510074279540081
1.98	1.5758735140515097
1.99	1.4739080954412787
2.	1.655584020117368
2.0100000000000002	1.5591257403234204
2.02	1.6534921426088003
2.0300000000000002	1.7062969060789284
2.04	1.416236613065288
2.05	1.7171762166476585
2.06	1.0355178905010871
2.07	1.293908262926073
2.08	0.9129282627850385
2.09	1.452670028579789
2.1	0.9494133774841336
2.11	1.5044392506736521
2.12	0.9792306677735245
2.13	1.1545247076037957
2.14	1.6564370501927956
2.15	1.3042032328405049
2.16	1.6913848738795083
2.17	1.320791386323913
2.18	0.6905366031523438
2.19	1.6373974267561424
2.2	1.0991819500598874
2.21	1.1838806213260398
2.22	1.1504252101939623
2.23	1.3653911005615624
2.24	1.2587862617166916
2.25	1.0871936675975613
2.2600000000000002	1.0836659927786099
2.27	1.0669922890176207
2.2800000000000002	0.9787572097208987
2.29	1.4635739419325455
2.3000000000000003	1.1536047708651462
2.31	0.5376169540234241
2.32	0.8535726650784431
2.33	0.794033676439571
2.34	0.01952364046874111
2.35	0.36308973467256944
2.36	0.5880257597683142
2.37	1.0054038135067769
2.38	0.705562270947661
2.39	0.8408852079068516
2.4	0.795385347642356
2.41	0.4577513371647688
2.42	0.5624835775608787
2.43	0.3354569146682611
2.44	0.17557333664448316
2.45	0.24556436893321307
2.46	0.6902620052904479
2.47	0.48151369856861603
2.48	0.8132772326113681
2.49	0.9517841097764628
2.5	0.7040595144655989
2.5100000000000002	0.6385535505849611
2.52	0.5393443289880098
2.5300000000000002	0.5170057931225621
2.54	0.46080066850897516
2.5500000000000003	0.508131193906932
2.56	0.7002668077135116
2.57	0.6736518765508175
2.58	0.9082063981652021
2.59	0.6583302709792885
2.6	0.5731643638073693
2.61	0.5435848931703389
2.62	0.8727682857604883
2.63	0.7992518134474229
2.64	0.9545712435174175
2.65	0.5432317317521049
2.66	0.3359119517524012
2.67	0.7042757844762644
2.68	0.36138163181459476
2.69	0.6578417283404994
2.7	0.5235761374298238
2.71	0.23675837615359227
2.72	0.29153050431894956
2.73	0.10672730558991728
2.74	0.8727795137391148
2.75	0.25379001274369195
2.7600000000000002	0.18776106763558498
2.77	0.5360944610361189
2.7800000000000002	0.13555362040013108
2.79	0.2805840153513537
2.8000000000000003	0.4428926694491664
2.81	0.05370411589688828
2.82	0.08533175359498557
2.83	0.33416315166130417
2.84	0.04291247563175027
2.85	0.0003481562252379425
2.86	0.000016530529220860175
2.87	4.974731367405091e-6
2.88	2.3536256350193205e-6
2.89	1.3641217390669406e-6
2.9	1.00414923232995e-7
2.91	9.471031286749075e-8
2.92	1.2169896789696151e-8
2.93	6.762116147000079e-8
2.94	9.162098950037276e-8
2.95	9.95335091703025e-8
2.96	9.944747210356629e-8
2.97	9.550117878985247e-8
2.98	8.98327383105202e-8
2.99	8.35563030176046e-8
3.	7.724961225333882e-8