0.	2.789523153493784e-7
0.01	2.807737405476031e-7
0.02	2.824757409994839e-7
0.03	2.8405546145014683e-7
0.04	2.854038179519061e-7
0.05	2.86283855064033e-7
0.06	2.862880732339082e-7
0.07	2.847656269752844e-7
0.08	2.8070316928335526e-7
0.09	2.725310437376809e-7
0.1	2.5780509282238835e-7
0.11	2.326748568881408e-7
0.12	1.9097347491959275e-7
0.13	1.2261465735815313e-7
0.14	1.067069958562251e-8
0.15	1.7417531693543268e-7
0.16	7.951264991968798e-7
0.17	9.802999329290625e-7
0.18	1.2680135214725277e-6
0.19	1.75544407655102e-6
0.2	2.6944672364475624e-6
0.21	4.926980775519681e-6
0.22	0.00001294268355678893
0.23	0.00012011858557888356
0.24	0.5941548109939259
0.25	0.4503775782815209
0.26	0.058436335886407065
0.27	0.9140473312982658
0.28	0.4806098948006867
0.29	0.789746937150005
0.3	0.9762245048473782
0.31	0.5165764118336152
0.32	0.9122514757190197
0.33	0.8735947381047311
0.34	0.4108030078075564
0.35000000000000003	0.9483188599431225
0.36	0.8500522868919311
0.37	0.7982050491651136
0.38	0.7321850374197488
0.39	0.6775610129659007
0.4	0.9051087345933735
0.41000000000000003	0.5388875453170278
0.42	0.252950685714892
0.43	0.8466122944539147
0.44	1.9237140672556976
0.45	0.034488974456619526
0.46	1.032640793927909
0.47000000000000003	0.9885309295881883
0.48	1.4056399080539284
0.49	1.627685654420013
0.5	1.3910416617619186
0.51	0.8425528101054366
0.52	1.2662511695369247
0.53	1.610601550403084
0.54	1.396218748944678
0.55	1.57412493821511
0.56	1.6496726140665983
0.5700000000000001	1.620381901270874
0.58	1.448608960314636
0.59	1.7357711914124474
0.6	1.5655967283804129
0.61	1.764831948900615
0.62	1.7728710703206936
0.63	1.5589290408934493
0.64	1.5103555455726678
0.65	1.881209105372428
0.66	1.8079231371763185
0.67	1.3563625585307608
0.68	1.5805413691380648
0.6900000000000001	1.9482421731694557
0.7000000000000001	1.248538529598961
0.71	1.218509919525124
0.72	1.71720442156365
0.73	1.643767435416534
0.74	1.5381756448086574
0.75	1.5483015701412204
0.76	1.7514411116106945
0.77	1.7615720546989215
0.78	1.6797696873782664
0.79	1.8700940103588772
0.8	1.7759407703200338
0.81	1.9102760103353587
0.8200000000000001	1.71409497351373
0.8300000000000001	1.6449823208072796
0.84	1.3452227203494158
0.85	1.1684038364469203
0.86	0.15691122811646707
0.87	1.4115613967464329
0.88	1.939723021629222
0.89	1.0984145680403303
0.9	1.86713541199237
0.91	1.4083751122013397
0.92	1.8721389516679279
0.93	0.9739372151007453
0.9400000000000001	1.7793580334262085
0.9500000000000001	2.6539311581522025
0.96	2.0642215652327374
0.97	2.115952735776863
0.98	2.24745874718311
0.99	2.2717852269297305
1.	2.0955707207532925
1.01	2.369981050017782
1.02	2.180136455733507
1.03	2.000271844960202
1.04	2.358868009698481
1.05	1.0498826647555068
1.06	0.7411846026813823
1.07	0.7752370466961488
1.08	0.24510811902726215
1.09	0.9833314442789869
1.1	1.2834427528805694
1.11	1.3893012994451328
1.12	0.36973919258793786
1.1300000000000001	1.1397343146421122
1.1400000000000001	0.8577175308367593
1.1500000000000001	1.020890572489368
1.16	0.9146792501877703
1.17	1.4457469866537813
1.18	1.49256346330366
1.19	1.0514621748466397
1.2	1.3080951535182819
1.21	1.819793865438959
1.22	1.71864442405848
1.23	1.0899623389259712
1.24	1.8521854818767753
1.25	2.3187480621468506
1.26	2.165165781557233
1.27	1.903061024722181
1.28	2.0440537603653213
1.29	2.1766486645092282
1.3	2.1956103620082326
1.31	1.6129521993320153
1.32	1.7646274959995634
1.33	1.8051308114703035
1.34	1.9398061509551956
1.35	2.543734080359442
1.36	1.8916280097833083
1.37	1.693141938951981
1.3800000000000001	1.3338598569598663
1.3900000000000001	1.6784903810514462
1.4000000000000001	2.1856916666695714
1.41	2.059012697278159
1.42	1.8010421389233873
1.43	1.4817761215733225
1.44	1.4624013427476035
1.45	1.9858083679184584
1.46	1.9580958704348683
1.47	2.198585010769274
1.48	2.105324647968693
1.49	1.8437868658118441
1.5	1.703656404565056
1.51	1.6757064170809972
1.52	1.5331174971348323
1.53	1.9375680919344762
1.54	1.3128851801845467
1.55	1.587361481731917
1.56	2.008315741096665
1.57	1.631068456688613
1.58	0.7875627365791038
1.59	1.7057880728903334
1.6	1.4438255983557868
1.61	1.516266383400702
1.62	1.1059933939048263
1.6300000000000001	0.8107977749163793
1.6400000000000001	1.3847125821195403
1.6500000000000001	1.5461650771444653
1.6600000000000001	1.3384769498174498
1.67	1.2211778332710266
1.68	1.7676524971372154
1.69	2.2697803877624088
1.7	1.7264288817732776
1.71	1.197892305252914
1.72	0.841986618887379
1.73	0.7522351104117329
1.74	1.351290815905685
1.75	1.1700377777418718
1.76	0.7174087158579425
1.77	0.8773180335439458
1.78	0.24901783344034076
1.79	0.4715998041139363
1.8	0.3204795831241719
1.81	0.8958713505723614
1.82	0.1524408445428583
1.83	0.9921232093510592
1.84	0.5644242424075065
1.85	0.7519107061460024
1.86	1.165974774325727
1.87	1.3049146053471348
1.8800000000000001	1.1967264885415734
1.8900000000000001	1.525474929184124
1.9000000000000001	1.6307619652199832
1.9100000000000001	1.1408983816360057
1.92	1.4250260355296902
1.93	1.6721710183130671
1.94	1.4273045394375594
1.95	1.1110875073635489
1.96	1.2954416483763276
1.97	1.4281809323104906
1.98	1.1304154009290581
1.99	1.3748557728430986
2.	1.3217709354172495
2.0100000000000002	1.1736653596089703
2.02	0.9681779058525992
2.0300000000000002	1.5181860506590477
2.04	0.8447644912502017
2.05	1.753947779793514
2.06	1.315509037460226
2.07	1.6916145422832303
2.08	1.5890323458358417
2.09	1.6373354912837517
2.1	0.9151628803199814
2.11	1.3662559790385371
2.12	1.4027220763995754
2.13	1.0705490015236616
2.14	1.3746359534561245
2.15	1.1838271159978913
2.16	1.2888786854647285
2.17	1.0585432308794462
2.18	1.4546081438704515
2.19	0.8797857153898772
2.2	1.106731257084701
2.21	1.0664266950297001
2.22	1.1238865931956634
2.23	1.5578121047157367
2.24	0.4398603714915388
2.25	0.7831925324260416
2.2600000000000002	0.5639875896769219
2.27	1.1044608041006092
2.2800000000000002	1.013234254789574
2.29	1.0268154008247112
2.3000000000000003	1.25872363114308
2.31	1.051364092320474
2.32	1.2522671933516984
2.33	0.898627967568135
2.34	0.10400911173299099
2.35	0.871704100914472
2.36	0.043315655008269616
2.37	0.7887902364379271
2.38	0.21750571575190203
2.39	0.2186078228293541
2.4	0.4991045050947873
2.41	0.19446231759177884
2.42	0.016669735309022105
2.43	1.0000099038560095
2.44	0.06599235988307228
2.45	0.008399885250864908
2.46	0.195834448993064
2.47	0.14747235157303926
2.48	0.8895040440165625
2.49	0.34188645936578765
2.5	0.15831536054167156
2.5100000000000002	0.17428107155992126
2.52	0.8811053830208175
2.5300000000000002	0.4657292956247192
2.54	0.2604846769503323
2.5500000000000003	0.6318825194550468
2.56	0.3317156568343498
2.57	0.7486853480166447
2.58	0.9138561565004115
2.59	0.14445601281294346
2.6	0.8532957209494679
2.61	0.5387397318404077
2.62	0.26166974201451443
2.63	0.3771210190165818
2.64	0.9041191398945787
2.65	0.691569428985525
2.66	0.20765615199070409
2.67	0.4347874961940459
2.68	0.2965372929946457
2.69	0.3265769943782576
2.7	0.03953135051027923
2.71	0.7480798772653734
2.72	0.33819964610257913
2.73	0.9082991624585525
2.74	0.44514094224706113
2.75	0.3710581321401659
2.7600000000000002	0.6947985023503138
2.77	0.7443194928996322
2.7800000000000002	0.3305978962256618
2.79	0.541534187507485
2.8000000000000003	0.25280304903849626
2.81	0.165052292988874
2.82	0.15455066799759387
2.83	0.0452709951171161
2.84	0.34543284380656303
2.85	0.0004961984357634425
2.86	0.000016530529220860175
2.87	4.974731367405091e-6
2.88	2.3536256350193205e-6
2.89	1.3641217390669406e-6
2.9	8.878212807029199e-7
2.91	6.229506265441605e-7
2.92	4.6078984962891224e-7
2.93	3.544374053656129e-7
2.94	2.809802186693581e-7
2.95	2.2815184476009116e-7
2.96	1.8890693129893767e-7
2.97	1.5896644995138106e-7
2.98	1.3561058268108286e-7
2.99	1.1704400702395742e-7
3.	1.0204323486311978e-7