0.	2.79999954094891e-7
0.01	2.808099718619266e-7
0.02	2.832644667591538e-7
0.03	2.8743850941666316e-7
0.04	2.934632513473045e-7
0.05	3.0153581024336483e-7
0.06	3.119349554925539e-7
0.07	3.250449157456985e-7
0.08	3.4139114112059353e-7
0.09	3.6169437736023e-7
0.1	3.869538088470745e-7
0.11	4.1857800667293e-7
0.12	4.5859751235116463e-7
0.13	5.100228132676567e-7
0.14	5.774740761164223e-7
0.15	6.683485209716337e-7
0.16	7.948304688892497e-7
0.17	9.79644884519217e-7
0.18	1.266391468572128e-6
0.19	1.7507853366106008e-6
0.2	2.6779911544920566e-6
0.21	4.8465727388413564e-6
0.22	0.00001223121709823953
0.23	0.00008416917763615702
0.24	0.12244054526108528
0.25	0.49289299194780206
0.26	0.10190618411798547
0.27	0.9918508820820622
0.28	0.7188094836835601
0.29	0.6029585967283275
0.3	0.5650767597735991
0.31	0.8591743790662909
0.32	0.6820419906785187
0.33	0.8900210247729989
0.34	0.9811032931609603
0.35000000000000003	0.9815064778776235
0.36	0.9412195265123486
0.37	0.9387253485664444
0.38	0.620947914317175
0.39	0.7818567430682759
0.4	0.7501156303348695
0.41000000000000003	0.8505963977404325
0.42	0.010951965589032442
0.43	0.4520735804985566
0.44	1.3349998109445118
0.45	0.9457792827702596
0.46	1.6136551493303601
0.47000000000000003	0.37036610234803713
0.48	1.7121761555599597
0.49	1.7014971656505182
0.5	1.4178572675773444
0.51	1.557167730647107
0.52	1.5582334580029864
0.53	1.6739925617554912
0.54	1.8073307937371978
0.55	1.5796172919050893
0.56	1.8601418359943183
0.5700000000000001	1.6503673363258677
0.58	1.5329391232346419
0.59	1.6556654332238638
0.6	1.6927385764371847
0.61	1.7669336031932423
0.62	1.7204129347303763
0.63	1.2530296075374547
0.64	1.731377187829793
0.65	1.4948210713463699
0.66	1.856487875654886
0.67	1.6815329733027715
0.68	1.6918194212435318
0.6900000000000001	1.381432717290903
0.7000000000000001	1.5024832309345708
0.71	1.5984427092732356
0.72	1.8049126772371198
0.73	1.613093521774819
0.74	1.7753881901171535
0.75	1.7946638573280018
0.76	1.8364521313302136
0.77	1.2367357273036177
0.78	1.8527830043336595
0.79	1.5208613802151023
0.8	1.6483563211019503
0.81	1.580417882426524
0.8200000000000001	1.1869413431487983
0.8300000000000001	1.3079560576948037
0.84	1.4288802708953927
0.85	1.5999836787345885
0.86	0.07371618418437542
0.87	1.7613822821948162
0.88	1.4103410424715423
0.89	1.6669308678965893
0.9	1.321770925728967
0.91	1.9928021945902188
0.92	2.2537416065827425
0.93	1.9660618127619505
0.9400000000000001	2.235845259389813
0.9500000000000001	2.3632729772623042
0.96	2.443477886157439
0.97	2.22791075793711
0.98	2.319420507345054
0.99	2.7224876561604336
1.	1.7796402566013387
1.01	1.8027886810989313
1.02	2.551439232621312
1.03	1.9923049299562408
1.04	2.075281850175636
1.05	0.8921457830271045
1.06	0.27936586348331094
1.07	0.08324248004212934
1.08	0.40532225696472335
1.09	0.8643460168186763
1.1	0.9130456028605478
1.11	0.4286812257597545
1.12	1.0664371425576873
1.1300000000000001	1.1798820584305276
1.1400000000000001	1.1762454660616402
1.1500000000000001	1.5020133803857705
1.16	1.0863978081485752
1.17	1.4384649346456493
1.18	1.2312716040989118
1.19	0.775388008754099
1.2	0.6425459042145354
1.21	2.1157642594343264
1.22	1.3587481439071072
1.23	1.1492441671089098
1.24	1.8570440335045812
1.25	1.3609461984641862
1.26	2.071555189780078
1.27	1.8283246028487348
1.28	1.945871506026755
1.29	1.6629887458072012
1.3	1.7033038965401808
1.31	2.1666694658884906
1.32	2.5852410287434444
1.33	2.171560706799233
1.34	1.6662031087611553
1.35	2.037308053371807
1.36	2.3852380371290627
1.37	1.7826553082588095
1.3800000000000001	1.7941522561358005
1.3900000000000001	1.7734961919669154
1.4000000000000001	1.6669081489231021
1.41	2.1225011216740928
1.42	1.8934596290368788
1.43	1.3343633136312922
1.44	2.170519371562408
1.45	1.688326151129165
1.46	1.4574673603018395
1.47	1.590463055967653
1.48	1.984498934979404
1.49	1.971980681994938
1.5	2.118129934557881
1.51	1.424207706476469
1.52	1.1827133816364372
1.53	1.9604973749205838
1.54	1.700820052729094
1.55	0.7550785163692009
1.56	1.2504419306163044
1.57	1.2732086438743577
1.58	1.7258373321493594
1.59	1.898574913814222
1.6	1.715338971004241
1.61	1.8251490420427503
1.62	1.3270490209073784
1.6300000000000001	1.8715784015880774
1.6400000000000001	1.7480098942222355
1.6500000000000001	1.7479675035071764
1.6600000000000001	1.0615018450607379
1.67	0.11043130370233234
1.68	1.8667036957709948
1.69	0.4465970741037174
1.7	1.0753796432307272
1.71	0.7497099768114431
1.72	0.9575377184216123
1.73	1.2187977022733634
1.74	1.2985483299685932
1.75	0.2540803221411174
1.76	0.6547927533851663
1.77	2.000116262992259
1.78	1.969987453171905
1.79	2.0000040735263527
1.8	0.8156551606825277
1.81	0.41188250430397394
1.82	0.870256644057267
1.83	1.2982300538032179
1.84	1.2000817699617312
1.85	1.3574691092920896
1.86	1.2323210079730451
1.87	1.4118129716165315
1.8800000000000001	1.3192231768695108
1.8900000000000001	1.641063317002439
1.9000000000000001	1.697251345781357
1.9100000000000001	1.624718657335341
1.92	1.5815072202985527
1.93	1.5428171935898816
1.94	1.6142565194606562
1.95	1.569060070108284
1.96	1.400434831521912
1.97	1.0051849827816364
1.98	1.1338053442383766
1.99	1.5507403945678475
2.	1.2814473595214064
2.0100000000000002	1.6776844052384556
2.02	1.577470025532516
2.0300000000000002	1.6559333503354787
2.04	1.4546878710003792
2.05	1.5541024603688234
2.06	1.4162932096510126
2.07	1.4755793581897985
2.08	1.080895546936645
2.09	0.9417392771925679
2.1	1.2531353598267083
2.11	1.219351103228925
2.12	0.6820751180433486
2.13	1.2632243357343804
2.14	1.4833677808510852
2.15	1.037029428654311
2.16	1.1919419725995084
2.17	1.2458610308596165
2.18	0.9444641375924533
2.19	1.2587740839594157
2.2	1.367857487272052
2.21	1.7871530550029382
2.22	1.1654277027901967
2.23	0.8220600364355218
2.24	1.0343820994485005
2.25	0.6942612629606935
2.2600000000000002	1.1016317424278819
2.27	0.7516000705775183
2.2800000000000002	1.3400137033240078
2.29	1.1668505681301753
2.3000000000000003	1.5882977406901744
2.31	0.7326496500625159
2.32	0.9197016995199035
2.33	0.9332553784105775
2.34	0.5312583038058029
2.35	1.147705189779782
2.36	0.560850176880799
2.37	0.8446049695330069
2.38	0.48204235406116064
2.39	0.20113591514486862
2.4	0.7471710678458324
2.41	1.0726058032963073
2.42	0.19657080892202156
2.43	0.0948512507372512
2.44	0.16056993738181055
2.45	0.08630513148737906
2.46	0.31460472263638095
2.47	0.16010611472575376
2.48	0.3958829967834012
2.49	0.3520788968705941
2.5	0.7684217798385461
2.5100000000000002	0.5146605906177119
2.52	0.23842917770396993
2.5300000000000002	0.6166268392215815
2.54	0.2906849505236052
2.5500000000000003	0.366567211642142
2.56	0.9475048858325149
2.57	0.7651712799396498
2.58	0.7670198009479279
2.59	0.5291071225673094
2.6	0.5163125009799201
2.61	0.7621444657547769
2.62	0.47839338111240903
2.63	0.7733150998758885
2.64	0.846840981543778
2.65	0.4486795440503748
2.66	0.39182051107210414
2.67	0.36689171313512725
2.68	0.6202934734623394
2.69	0.4934161045473495
2.7	0.328144398884457
2.71	0.3027991763919671
2.72	0.3998043966421585
2.73	0.8802237521393994
2.74	0.395216601814683
2.75	0.10598184474288219
2.7600000000000002	0.2634568618680646
2.77	0.18941488313705238
2.7800000000000002	0.13930152473465718
2.79	0.16535135413656832
2.8000000000000003	0.07917645502618997
2.81	0.3040026624658707
2.82	0.3168791480623665
2.83	0.7256151572544391
2.84	0.2314382822410792
2.85	0.0004961984357634425
2.86	0.000016530529220860175
2.87	4.974731367405091e-6
2.88	2.3536256350193205e-6
2.89	1.3641217390669406e-6
2.9	8.878212807029199e-7
2.91	6.229506265441605e-7
2.92	4.6078984962891224e-7
2.93	3.544374053656129e-7
2.94	2.809802186693581e-7
2.95	2.2815184476009116e-7
2.96	1.8890693129893767e-7
2.97	1.5896644995138106e-7
2.98	1.3561058268108286e-7
2.99	1.1704400702395742e-7
3.	1.0204323486311978e-7