0.	2.79999954094891e-7
0.01	2.808099718619266e-7
0.02	2.832644667591538e-7
0.03	2.8743850941666316e-7
0.04	2.934632513473045e-7
0.05	3.0153581024336483e-7
0.06	3.119349554925539e-7
0.07	3.250449157456985e-7
0.08	3.4139114112059353e-7
0.09	3.6169437736023e-7
0.1	3.869538088470745e-7
0.11	4.1857800667293e-7
0.12	4.5859751235116463e-7
0.13	5.100228132676567e-7
0.14	5.774740761164223e-7
0.15	6.683485209716337e-7
0.16	7.951264991968798e-7
0.17	9.802999329290625e-7
0.18	1.2680135214725277e-6
0.19	1.75544407655102e-6
0.2	2.6944672364475624e-6
0.21	4.926980775519681e-6
0.22	0.00001294268355678893
0.23	0.00012011858557888356
0.24	0.8227930808070267
0.25	0.45017437147788475
0.26	0.6912581743037904
0.27	0.6998873681652324
0.28	0.44279731261707966
0.29	0.9579263520819584
0.3	0.9231912553994113
0.31	0.8962228997780484
0.32	0.766720954823613
0.33	0.7188794785775573
0.34	0.9794303180748252
0.35000000000000003	0.9467459974276127
0.36	0.9148637771969447
0.37	0.8559667967735334
0.38	0.9681905455019291
0.39	0.9731318034037577
0.4	0.815234241610866
0.41000000000000003	0.785120193205429
0.42	0.028879182509145673
0.43	0.20705280008967514
0.44	1.291845891824261
0.45	0.7192451967951803
0.46	0.9098304888670112
0.47000000000000003	0.8435991408595069
0.48	0.6892788751002457
0.49	1.8161963810095703
0.5	1.0615251962878227
0.51	0.1305981112534806
0.52	0.8685912285010111
0.53	1.0466685310053863
0.54	1.0824387938214355
0.55	1.4450692567396441
0.56	1.0145832948292557
0.5700000000000001	1.4703795288396788
0.58	1.6763952863954583
0.59	1.6009192314844312
0.6	1.449443346020278
0.61	1.5221611830338344
0.62	1.8275048244299241
0.63	1.6572712789317947
0.64	1.641073411946762
0.65	1.1950871521147006
0.66	1.2916684794971172
0.67	1.665637786506063
0.68	1.8644370139805204
0.6900000000000001	1.3399019016342013
0.7000000000000001	1.6566970828595673
0.71	1.1672020471875508
0.72	1.3089124212958132
0.73	1.4249688681098505
0.74	1.410561342960742
0.75	1.3863843994354434
0.76	1.8487989516430008
0.77	1.514097820594098
0.78	1.5308609863021179
0.79	1.7582022440960363
0.8	1.672206365502587
0.81	1.8400453165607957
0.8200000000000001	1.5386025488968058
0.8300000000000001	1.8252987016110094
0.84	1.477844793567774
0.85	0.4702864823783628
0.86	1.339834172669708
0.87	0.8506474018396464
0.88	1.5634090839774082
0.89	0.8745745960304518
0.9	2.1720527878626417
0.91	1.428362933947822
0.92	1.4867007227667512
0.93	1.983727403840278
0.9400000000000001	2.264958610715112
0.9500000000000001	1.704983922418407
0.96	1.9282716672728077
0.97	1.9504352446820663
0.98	1.779164757053857
0.99	2.0882525042969244
1.	2.0838346174641584
1.01	1.6883496889855951
1.02	2.1512294575042716
1.03	2.153840517217686
1.04	2.258346335922735
1.05	0.6670476431483063
1.06	0.5831057956188641
1.07	0.01740989229324641
1.08	0.8338070074329949
1.09	0.047974196397726626
1.1	0.36759641454657943
1.11	1.4525054379384692
1.12	1.384418106283627
1.1300000000000001	1.6254302161645404
1.1400000000000001	1.3599544848744967
1.1500000000000001	1.2372426902688192
1.16	1.0045312573076919
1.17	1.3223616410213275
1.18	1.6812568080415198
1.19	2.034278694441846
1.2	1.4769338676869537
1.21	1.9222812732865906
1.22	1.894937493042722
1.23	1.842809711981173
1.24	1.2341747838736072
1.25	1.5499950333564045
1.26	1.7867361786750466
1.27	1.9366496860215325
1.28	1.3373004836291182
1.29	1.7711870591512175
1.3	2.008793896802175
1.31	2.0083343776513183
1.32	1.8849327510744478
1.33	1.3559044865126508
1.34	1.7601319317806716
1.35	1.6245052247005392
1.36	1.3079267149148106
1.37	1.6065364277043899
1.3800000000000001	1.1963086191937642
1.3900000000000001	2.343415831966005
1.4000000000000001	1.4047987785596465
1.41	1.397902952983212
1.42	1.8999357832619983
1.43	2.3262904928334054
1.44	2.0423366214050036
1.45	1.1096121893238724
1.46	1.5679084258688285
1.47	1.7732325639978304
1.48	2.0838375940896747
1.49	1.6383795174530489
1.5	1.877964005953634
1.51	1.436003025985936
1.52	1.9971815583381298
1.53	1.7334316603265334
1.54	1.5735165592279912
1.55	1.5077670290004637
1.56	1.8578098047343508
1.57	1.7622125845173198
1.58	1.7809100362266856
1.59	1.6635353771882953
1.6	1.0480523413213612
1.61	1.6805126691373669
1.62	1.4964754167948868
1.6300000000000001	1.606657035002428
1.6400000000000001	1.5298062798188825
1.6500000000000001	1.1771686985574807
1.6600000000000001	0.814302585094441
1.67	0.20333924944275683
1.68	0.9649291373606252
1.69	0.7567355341405744
1.7	1.1714492121513391
1.71	0.8988164693466096
1.72	0.8159513786389985
1.73	0.3707581603391583
1.74	0.03294964442691217
1.75	0.301841919411306
1.76	2.9999130871291797
1.77	0.27699599083053006
1.78	0.31850386538856834
1.79	0.292244169836213
1.8	0.14034434385965489
1.81	0.5851847473888441
1.82	0.9975123992101812
1.83	1.119000088941835
1.84	1.3013230811364127
1.85	1.7377092475646845
1.86	1.14817353240654
1.87	1.0438027416204185
1.8800000000000001	1.4231039360190099
1.8900000000000001	1.5409502889820903
1.9000000000000001	0.8512656523326952
1.9100000000000001	0.9343102318941261
1.92	1.2325540115289115
1.93	1.372932143789669
1.94	1.2399375486031734
1.95	1.473518821012969
1.96	1.8567592417817063
1.97	1.1582364958795301
1.98	1.59705269833877
1.99	1.597379517434901
2.	1.3090246806426125
2.0100000000000002	1.516095628391755
2.02	0.8630514173826119
2.0300000000000002	0.7691635394410118
2.04	1.5512364418101878
2.05	1.0290539736818678
2.06	1.5901882852045692
2.07	1.2629483942638986
2.08	1.4867973239902277
2.09	1.0788374702714472
2.1	1.4406266872581979
2.11	0.8799911850385008
2.12	1.7575588919125074
2.13	1.322026241004317
2.14	1.5666030628703493
2.15	1.5446898321072933
2.16	0.8241054475789502
2.17	1.3514133309392071
2.18	1.1759153926711488
2.19	1.3406366927948397
2.2	1.3240962905305436
2.21	1.167021525348337
2.22	1.0845588686869838
2.23	0.8893050759516987
2.24	1.0786708513913754
2.25	1.0813424058927694
2.2600000000000002	1.0826411119001471
2.27	1.0857710116453518
2.2800000000000002	0.8677567317177912
2.29	1.0895881863766224
2.3000000000000003	1.4980296224561507
2.31	0.46381279840210393
2.32	1.0882708070938463
2.33	0.22193821718953766
2.34	0.8810693747672617
2.35	1.406938089698176
2.36	0.07031164100313259
2.37	1.269403837238671
2.38	0.6435723066033079
2.39	0.4963529745300861
2.4	0.9628218039883105
2.41	0.5334108407568299
2.42	1.0000743283115854
2.43	0.10777636781682065
2.44	1.000003674670998
2.45	0.20099968579161187
2.46	0.21860575227232498
2.47	0.02825013690509548
2.48	0.38976768457043354
2.49	0.05368949899195585
2.5	0.15598429854527956
2.5100000000000002	0.2258173369992163
2.52	0.9525827488858721
2.5300000000000002	0.7882787229682966
2.54	0.9397273274250223
2.5500000000000003	0.413181981224502
2.56	0.9483382458547716
2.57	0.6348524900179524
2.58	0.9049235143981025
2.59	0.40457224241626877
2.6	0.2577837837548538
2.61	0.5058577604236864
2.62	0.9139264912637216
2.63	0.1634141040115935
2.64	0.31432167737349925
2.65	0.4184178078128047
2.66	0.8672627441338634
2.67	0.34582183995549576
2.68	0.9709299088345822
2.69	0.8866368291407472
2.7	0.5728462935434179
2.71	0.13968976826763502
2.72	0.6153196899776092
2.73	0.9735769931560283
2.74	0.442168424596737
2.75	0.14561909969350362
2.7600000000000002	0.5501531269400339
2.77	0.616003819246061
2.7800000000000002	0.9016975059478263
2.79	0.11877965459829554
2.8000000000000003	0.11295659538473866
2.81	0.39698245686211564
2.82	0.10755211407672505
2.83	0.3870311553902064
2.84	0.5122551225035359
2.85	0.0004961984357634425
2.86	0.000016530529220860175
2.87	4.346256684909685e-6
2.88	2.3536256350193205e-6
2.89	1.3641217390669406e-6
2.9	8.878212807029199e-7
2.91	6.229506265441605e-7
2.92	4.6078984962891224e-7
2.93	3.544374053656129e-7
2.94	2.809802186693581e-7
2.95	2.2815184476009116e-7
2.96	1.8890693129893767e-7
2.97	1.548545964087675e-7
2.98	7.156898705107278e-8
2.99	2.2971982762411434e-8
3.	5.557498751857951e-9