0.	2.79999954094891e-7
0.01	2.808099718619266e-7
0.02	2.832644667591538e-7
0.03	2.8743850941666316e-7
0.04	2.934632513473045e-7
0.05	3.0153581024336483e-7
0.06	3.119349554925539e-7
0.07	3.250449157456985e-7
0.08	3.4139114112059353e-7
0.09	3.6169437736023e-7
0.1	3.869538088470745e-7
0.11	4.1857800667293e-7
0.12	4.5859751235116463e-7
0.13	5.100228132676567e-7
0.14	5.774740761164223e-7
0.15	6.683485209716337e-7
0.16	7.951206196777595e-7
0.17	9.8028286750539e-7
0.18	1.267956550953885e-6
0.19	1.7552158395249327e-6
0.2	2.693289496972931e-6
0.21	4.9180289831975475e-6
0.22	0.00001280482031621222
0.23	0.00010415010992923586
0.24	0.11375342984007375
0.25	0.32039436496660256
0.26	0.19930171575563005
0.27	0.8651218796544895
0.28	0.6486049184271772
0.29	0.7593324123302306
0.3	0.462801065347207
0.31	0.7636687255608368
0.32	0.41527083542086796
0.33	0.617731696883243
0.34	0.5649801521048058
0.35000000000000003	0.7389878748832822
0.36	0.8742765980342734
0.37	0.91908345219803
0.38	0.6250164364889543
0.39	0.7701715948038865
0.4	0.7488667104634456
0.41000000000000003	0.9882842429547611
0.42	1.9999256456813368
0.43	1.999990073170833
0.44	0.5855884300330356
0.45	1.1477213676859488
0.46	0.9917963657063829
0.47000000000000003	1.1830816763258287
0.48	0.9276451018152196
0.49	1.3228076164788776
0.5	1.3425034513036194
0.51	1.666956855042733
0.52	1.7709400488085345
0.53	1.7564846550062687
0.54	1.5676568567303835
0.55	1.5349857469257364
0.56	1.6631076031017749
0.5700000000000001	1.7849765173303118
0.58	1.8052365977006488
0.59	1.5595591092162344
0.6	1.7070543339700623
0.61	1.5167312416819083
0.62	1.1782878216101618
0.63	1.4468340939076696
0.64	1.2341927532601766
0.65	1.3265811806926109
0.66	1.3728324416211612
0.67	1.6585727803354002
0.68	1.551426948948579
0.6900000000000001	1.5645006164247954
0.7000000000000001	1.8126114752071696
0.71	1.327526662048384
0.72	1.5313119645610966
0.73	1.6706193897763528
0.74	1.118081906031808
0.75	1.1926995210328162
0.76	1.797048032125306
0.77	1.9104457514995485
0.78	1.51970769057273
0.79	1.579259115401356
0.8	1.5416693061823525
0.81	1.8895757323949758
0.8200000000000001	1.7315312811324
0.8300000000000001	1.4184202486002024
0.84	1.6941707478571133
0.85	1.7207469395165038
0.86	0.7335956346612267
0.87	1.0557895782987878
0.88	1.7269358655826332
0.89	1.5570161467193664
0.9	2.4852824832339895
0.91	0.7845423331412962
0.92	2.4051673290507987
0.93	1.4082013682403849
0.9400000000000001	2.4431122612417027
0.9500000000000001	1.4137863892381581
0.96	1.341722434086284
0.97	2.0177676214931792
0.98	1.7402891405950704
0.99	2.0816046251276776
1.	1.521711100063909
1.01	1.755924125701892
1.02	2.241452800256193
1.03	1.1836192641255958
1.04	1.7154649960073267
1.05	1.4717958345305262
1.06	0.36039100282902536
1.07	0.41124358571668873
1.08	0.041786779536736596
1.09	0.7325737472923903
1.1	0.29152645560707735
1.11	0.8511383899265661
1.12	1.04892795115974
1.1300000000000001	0.428487023070536
1.1400000000000001	1.0252269398026417
1.1500000000000001	1.7103363967153409
1.16	1.097775772377372
1.17	1.4601695629630698
1.18	1.6452194636638457
1.19	1.9277651976100858
1.2	1.604543165666874
1.21	1.454266004371672
1.22	1.5913834069879695
1.23	2.064506182934986
1.24	1.965854257322712
1.25	1.8580657120009472
1.26	1.7790097453243425
1.27	1.814330557590565
1.28	1.644206997513016
1.29	1.334902242940717
1.3	1.3031425324212162
1.31	1.3733079970064868
1.32	1.6096208234617038
1.33	1.9701937001529917
1.34	1.8938305123407602
1.35	1.2869072404177346
1.36	1.7115773752934946
1.37	1.8608634910769437
1.3800000000000001	1.8396732505311004
1.3900000000000001	1.8369004864638767
1.4000000000000001	1.5841759467187118
1.41	1.597370109772794
1.42	2.0884744143773726
1.43	2.002650832307822
1.44	1.6417384071123626
1.45	1.6678766594544006
1.46	2.02367368129136
1.47	1.9516950053178084
1.48	2.2033483717533553
1.49	2.1932928016731523
1.5	1.4307929094081508
1.51	1.6953424167205227
1.52	1.274245640276885
1.53	1.7097868403197383
1.54	1.1713971219540773
1.55	1.201054267945914
1.56	1.789909404964798
1.57	1.301347122150041
1.58	1.4665962321049113
1.59	1.8365516709762884
1.6	0.8075787848674063
1.61	1.6255933859243141
1.62	2.0129823376773484
1.6300000000000001	1.2779594417622615
1.6400000000000001	0.6291697349756107
1.6500000000000001	1.3426220989124236
1.6600000000000001	0.886745935781327
1.67	1.149813433071314
1.68	0.8051001485768134
1.69	1.37199610838692
1.7	1.4393984783717448
1.71	1.2094616818647332
1.72	1.0621775034440497
1.73	0.9408744716125823
1.74	0.8337394952367037
1.75	0.9785096998070435
1.76	0.27585184333380786
1.77	1.131577627385304
1.78	2.0000116105401613
1.79	2.0000040735263527
1.8	0.7204561393984512
1.81	0.7092281283412594
1.82	1.2318909555134492
1.83	1.4678697183160612
1.84	0.6011590983599984
1.85	1.2469657758894401
1.86	1.6058127988087991
1.87	1.245076804250394
1.8800000000000001	1.0921632708163167
1.8900000000000001	1.0454084811027764
1.9000000000000001	1.1649929788821405
1.9100000000000001	1.7565977250874565
1.92	1.5096606873227103
1.93	0.9734189518437095
1.94	1.0487606666402256
1.95	1.3568347453159713
1.96	1.4482441095989722
1.97	1.560912249648855
1.98	1.5081249351189818
1.99	1.2197794757166585
2.	1.5942233931807608
2.0100000000000002	1.266628127479537
2.02	1.420565315822162
2.0300000000000002	1.4786713747316056
2.04	1.7811333965375953
2.05	1.3094639238113366
2.06	1.2354420066431815
2.07	1.3927496214679094
2.08	1.5288830634023822
2.09	1.2729126070039705
2.1	1.454096831347901
2.11	1.2320401007672412
2.12	1.346987351678459
2.13	1.3256275083840143
2.14	1.408614720910302
2.15	1.342407223595894
2.16	1.3269259457385874
2.17	1.3068262898179777
2.18	1.2467020820422596
2.19	1.4890481707719194
2.2	1.5090273589914815
2.21	1.1282208325992218
2.22	1.0406229053681861
2.23	0.9950813204309368
2.24	1.297181870830434
2.25	1.2646826069014159
2.2600000000000002	0.9513194178485782
2.27	1.637466838795955
2.2800000000000002	0.7553012075207044
2.29	0.49147194949534573
2.3000000000000003	1.067001569236058
2.31	0.9104794804595697
2.32	0.40056793346541114
2.33	1.0503419751574192
2.34	0.7254200216043936
2.35	0.2328001136660094
2.36	0.3868095563290572
2.37	0.02151642256437314
2.38	0.46860788386971475
2.39	0.717275128783874
2.4	0.6280266870035325
2.41	0.21164827725715762
2.42	0.5750552929007701
2.43	0.06540984089853213
2.44	0.06888193794169062
2.45	0.07044935296847377
2.46	0.5874008163387803
2.47	0.8894837879234
2.48	0.9139514755527497
2.49	0.8713851668728577
2.5	0.32385521389221156
2.5100000000000002	0.7941074472788116
2.52	0.7867680862018787
2.5300000000000002	0.6079991041646429
2.54	0.5976755659970041
2.5500000000000003	0.904531112669754
2.56	0.43995053304511283
2.57	0.7475299156474681
2.58	0.9284796290207594
2.59	0.6996113671544326
2.6	0.6352856344250866
2.61	0.6151772850631643
2.62	0.5555912173030109
2.63	0.13181707917824947
2.64	0.33275087352005905
2.65	0.6262542816629335
2.66	0.5018782155931096
2.67	0.1576062568141197
2.68	0.5702751674920385
2.69	0.6326727941251216
2.7	0.4891375255235322
2.71	0.5238380579808108
2.72	0.6651535478900509
2.73	0.21466477167474718
2.74	0.25365109052338664
2.75	0.3016718265996786
2.7600000000000002	0.21842699212542716
2.77	0.17725585808126262
2.7800000000000002	0.8523922843463678
2.79	0.6292798418202117
2.8000000000000003	0.33161583226257163
2.81	0.42911913808388036
2.82	0.19480372252149314
2.83	0.14306642502592903
2.84	0.1922854995831358
2.85	0.000494086015179758
2.86	0.000016530529220860175
2.87	4.974731367405091e-6
2.88	2.3536256350193205e-6
2.89	1.3641217390669406e-6
2.9	8.878212807029199e-7
2.91	6.229506265441605e-7
2.92	4.6078984962891224e-7
2.93	3.544374053656129e-7
2.94	2.809802186693581e-7
2.95	2.2815184476009116e-7
2.96	1.8890693129893767e-7
2.97	1.5896644995138106e-7
2.98	1.3561058268108286e-7
2.99	1.1704400702395742e-7
3.	1.0204323486311978e-7