0.	2.79999954094891e-7
0.01	2.565566583013495e-7
0.02	1.8555861430802526e-7
0.03	6.483895865451444e-8
0.04	1.107208683811849e-7
0.05	3.0153581024336483e-7
0.06	3.119349554925539e-7
0.07	3.250449157456985e-7
0.08	3.4139114112059353e-7
0.09	3.6169437736023e-7
0.1	3.869538088470745e-7
0.11	4.1857800667293e-7
0.12	4.5859751235116463e-7
0.13	5.100228132676567e-7
0.14	5.774740761164223e-7
0.15	6.683485209716337e-7
0.16	7.91027013568528e-7
0.17	9.72764360467717e-7
0.18	1.2529430942484792e-6
0.19	1.7217130147604848e-6
0.2	2.6057798845976495e-6
0.21	4.625406115185945e-6
0.22	0.000011247985160286166
0.23	0.00007197633948031643
0.24	0.08943441005133579
0.25	0.14376665518280518
0.26	0.33100133932142306
0.27	0.5801147259459266
0.28	0.7521521870264042
0.29	0.5708884473240987
0.3	0.8847295416492296
0.31	0.896904771763817
0.32	0.4950599881007731
0.33	0.7699305844086897
0.34	0.8231831112219825
0.35000000000000003	0.9146721110261326
0.36	0.8591482610557382
0.37	0.6415567205339325
0.38	0.9057686201147641
0.39	0.9951495985959963
0.4	0.8646975019321057
0.41000000000000003	0.8116783875964133
0.42	0.45440729009786196
0.43	1.7508728559860016
0.44	1.1658710324691173
0.45	0.3199984248737484
0.46	1.056558749815138
0.47000000000000003	0.7393104181639654
0.48	0.9886382170606443
0.49	1.2211324537940818
0.5	1.8043645990551611
0.51	1.5192733389930448
0.52	1.4483796418167918
0.53	0.3934024724127517
0.54	0.6412319706734138
0.55	1.6970654047710556
0.56	0.8602183892585518
0.5700000000000001	1.551820375210523
0.58	1.7380459218430069
0.59	1.5176114638061475
0.6	1.3859356414632127
0.61	1.1927211611137898
0.62	0.5414769219841287
0.63	1.3083193615463045
0.64	1.1609116089440323
0.65	1.409018411202691
0.66	1.5591373373562583
0.67	1.691600085509967
0.68	1.4582176932026392
0.6900000000000001	1.7109835391134074
0.7000000000000001	1.1594226946563688
0.71	1.2305065951087033
0.72	1.530969354157258
0.73	1.260685499194449
0.74	1.3480992092354422
0.75	1.8939741749792034
0.76	1.4631060078661977
0.77	1.337496717864315
0.78	1.9134807607820792
0.79	1.6740004945075273
0.8	1.6307128011770677
0.81	1.391437782530513
0.8200000000000001	1.7406875633310048
0.8300000000000001	1.5853773248854712
0.84	1.6778297136118283
0.85	1.178620851532031
0.86	0.7677885004585652
0.87	1.4369920430608827
0.88	1.7133311399250228
0.89	1.8371320413332708
0.9	1.598759865956774
0.91	1.580685537790939
0.92	1.8260384866565862
0.93	1.3821764583222222
0.9400000000000001	1.7897267147545828
0.9500000000000001	1.612450022457542
0.96	2.2645108524150466
0.97	1.8840976068683806
0.98	2.2168401001287323
0.99	0.8374105366429859
1.	2.218461490474694
1.01	2.2471182058699415
1.02	2.014263113742019
1.03	1.8029050555109951
1.04	1.5999596116075399
1.05	0.4111282252628543
1.06	0.6604415035813225
1.07	0.09707301093532611
1.08	0.0003638886236478345
1.09	1.623639017447966
1.1	1.2611741697128707
1.11	1.5251507613913948
1.12	1.423205670994025
1.1300000000000001	1.4209091252998094
1.1400000000000001	1.2383128180567955
1.1500000000000001	1.1450348904801095
1.16	1.0447807803955933
1.17	1.374210326096284
1.18	1.2689591778070568
1.19	1.1226010279320806
1.2	1.4082715414131477
1.21	1.2760602085315644
1.22	1.1239426141778428
1.23	1.3682896641122515
1.24	1.7023676916814738
1.25	1.5758549258883034
1.26	1.2715910776779933
1.27	1.3120491331647455
1.28	1.612709883693815
1.29	1.1758905606588548
1.3	1.3688579704743402
1.31	1.874696645217027
1.32	1.6653340724091863
1.33	2.158755866562263
1.34	1.513431190929357
1.35	1.8372631544220857
1.36	2.3036032052063544
1.37	1.7692261145961394
1.3800000000000001	2.154416080759544
1.3900000000000001	1.9274392142814254
1.4000000000000001	1.403949727580998
1.41	1.6374520745941508
1.42	2.1980523105812253
1.43	1.697141325929735
1.44	2.1424434150726723
1.45	1.8839661673723895
1.46	1.5763659313493288
1.47	1.792548914040639
1.48	1.8070117868778763
1.49	2.2422528991552113
1.5	1.6550503616652097
1.51	1.694280828224049
1.52	1.9666272066733086
1.53	1.8198971286467325
1.54	1.2623895265267238
1.55	1.447277773147026
1.56	1.120221956896566
1.57	1.6534395477755268
1.58	1.7682395739246775
1.59	0.5122432653888948
1.6	1.1836990910868572
1.61	1.2917298059445868
1.62	1.8072845096883188
1.6300000000000001	1.2089891386616853
1.6400000000000001	1.6577648907558389
1.6500000000000001	1.699182347356651
1.6600000000000001	1.1005913135825443
1.67	1.1524257295778202
1.68	1.6441346291170014
1.69	1.4834812671134232
1.7	1.7954321551182897
1.71	1.4782431264493923
1.72	0.5873077818534762
1.73	0.6006736061213718
1.74	1.4866869182757156
1.75	1.9225593575078328
1.76	0.838971276862897
1.77	0.7130601519750824
1.78	0.49299174832577786
1.79	0.17265109144677587
1.8	0.6190079149348993
1.81	1.064193621935078
1.82	0.7870495383957449
1.83	0.6802655321060083
1.84	1.497699755861937
1.85	1.2381447097187543
1.86	1.259782366946898
1.87	1.3728704219953527
1.8800000000000001	1.262737944131498
1.8900000000000001	1.21032144131757
1.9000000000000001	1.089991492203503
1.9100000000000001	1.266856432818848
1.92	1.325022714752857
1.93	1.7043755699128214
1.94	1.6056498252837181
1.95	1.47433263859932
1.96	1.418019748223457
1.97	1.3030625518703722
1.98	1.2803954086573797
1.99	1.2394270625887813
2.	0.8912165072038424
2.0100000000000002	1.5700935999661998
2.02	1.1663386316452873
2.0300000000000002	1.6128769784748704
2.04	1.4113302960208516
2.05	1.663958722178216
2.06	1.2266394836605723
2.07	1.8562545472627985
2.08	1.2135566123764927
2.09	0.7447934480720153
2.1	0.9589424155735419
2.11	1.076398008679318
2.12	0.8513862141044125
2.13	1.3802232612203882
2.14	1.2647958613429502
2.15	1.1192001202056874
2.16	1.5610507473248152
2.17	1.808584259123061
2.18	1.0363375449541956
2.19	0.6269555504448701
2.2	1.3803464694315934
2.21	1.2561362831815233
2.22	1.2721265522402057
2.23	1.4363960244969396
2.24	1.515155851272621
2.25	1.4440768096435397
2.2600000000000002	1.203771107578068
2.27	1.5614173788252113
2.2800000000000002	0.6703929084656046
2.29	1.1931983461703504
2.3000000000000003	0.5803227882840785
2.31	1.2323921452519988
2.32	0.7609203183632067
2.33	0.8334791507495376
2.34	0.08706715150666078
2.35	0.826384296141491
2.36	0.8317230442850116
2.37	0.3286738049940128
2.38	0.18807605266826688
2.39	1.0078361891378296
2.4	0.44498157480567646
2.41	0.0669821973346505
2.42	0.20239571670411072
2.43	0.07834921447101473
2.44	0.11656656293373335
2.45	0.28842878689507334
2.46	0.7067040242813576
2.47	0.5972956256673807
2.48	0.4360629512595613
2.49	0.7037984539371287
2.5	0.4877496378262718
2.5100000000000002	0.22799650676203875
2.52	0.8866571927565455
2.5300000000000002	0.6306367919805461
2.54	0.8515042967002756
2.5500000000000003	0.7565077522420846
2.56	0.5721539102093786
2.57	0.4248630440827038
2.58	0.5263267322512494
2.59	0.8550926297501527
2.6	0.8288833327316676
2.61	0.6054825295590812
2.62	0.5494953136967182
2.63	0.8687633383171578
2.64	0.3095562955476889
2.65	0.5147967552103121
2.66	0.1572244149779669
2.67	0.3790411561153898
2.68	0.2297182727882999
2.69	0.09751147352003575
2.7	0.2270752894483412
2.71	0.24055382067090614
2.72	0.9991554605007824
2.73	0.5457014191149094
2.74	0.7567784010808949
2.75	0.16048518624122643
2.7600000000000002	0.11562084188919286
2.77	0.2963329758042996
2.7800000000000002	0.7545108339892508
2.79	0.1950410815210395
2.8000000000000003	0.24721001762463546
2.81	0.09801004252571843
2.82	0.11570966700927698
2.83	0.1380550934260647
2.84	0.1263216313412272
2.85	0.0004961984357634425
2.86	0.000016530529220860175
2.87	4.974731367405091e-6
2.88	2.3536256350193205e-6
2.89	9.097373869958861e-7
2.9	5.028113262526355e-8
2.91	1.830296630296143e-7
2.92	2.3669465866913326e-7
2.93	2.3349729255689313e-7
2.94	2.1289980911118827e-7
2.95	1.8860089413530499e-7
2.96	1.65381476687351e-7
2.97	1.4472990569982246e-7
2.98	1.2689410915492433e-7
2.99	1.1167344356680257e-7
3.	9.873232952557687e-8