0.	2.79999954094891e-7
0.01	2.8069808610001835e-7
0.02	2.828004668654023e-7
0.03	2.864228955389616e-7
0.04	2.916498502842656e-7
0.05	2.986032312742405e-7
0.06	3.074466473259846e-7
0.07	3.183904709941432e-7
0.08	3.3169701028156836e-7
0.09	3.4768421230272257e-7
0.1	3.667243366240021e-7
0.11	3.892298270068247e-7
0.12	4.156095340675504e-7
0.13	4.461584341089797e-7
0.14	4.807985111616443e-7
0.15	5.184808985709283e-7
0.16	7.951264991968798e-7
0.17	9.802999329290625e-7
0.18	1.2680135214725277e-6
0.19	1.75544407655102e-6
0.2	2.6944672364475624e-6
0.21	4.926980775519681e-6
0.22	0.00001294268355678893
0.23	0.00012011858557888356
0.24	0.06736655964908111
0.25	0.15048559176468224
0.26	0.18597978847778496
0.27	0.23877294239729574
0.28	0.35216713534764166
0.29	0.8927435396769181
0.3	0.7834120245633949
0.31	0.9504045970276647
0.32	0.8206994424568776
0.33	0.8384115330903581
0.34	0.9319583937168607
0.35000000000000003	0.8964893038441877
0.36	0.8943598732893606
0.37	0.8117132087003296
0.38	0.8538742301595345
0.39	0.6936023269096983
0.4	0.6735234502974161
0.41000000000000003	0.3189899130255654
0.42	0.45852253135319093
0.43	0.9651833449666476
0.44	0.5475023368402807
0.45	0.04186972719976312
0.46	1.1147227665675241
0.47000000000000003	1.5256055336169694
0.48	0.8727490204808309
0.49	1.4643694634522255
0.5	0.8361114183329098
0.51	1.4808232777607948
0.52	1.260132856087988
0.53	1.5160070386152968
0.54	1.3423399893066463
0.55	1.3291228923727694
0.56	1.5273716175178234
0.5700000000000001	1.2622753168100314
0.58	1.5567652171075967
0.59	1.2346805413867252
0.6	1.1015387408046688
0.61	1.3190984375258572
0.62	1.7460231851747081
0.63	1.8343217688080027
0.64	1.516871978470173
0.65	1.459530479817483
0.66	1.5047681180175227
0.67	1.7949136529300564
0.68	1.7551365586533878
0.6900000000000001	1.4761977055218904
0.7000000000000001	1.5896077429049322
0.71	1.6431720086500892
0.72	1.4481144036070517
0.73	1.443051256078396
0.74	1.4921885980571796
0.75	1.364444206149821
0.76	1.2887853066742314
0.77	1.7854431690321668
0.78	1.1659396313797155
0.79	1.1825648588574138
0.8	1.647886808515865
0.81	1.5319019857018743
0.8200000000000001	1.5448778861452324
0.8300000000000001	1.7880290816886368
0.84	1.4296793558884149
0.85	1.1914113885529147
0.86	0.7107593530146188
0.87	0.5043363176863473
0.88	2.1614306129717717
0.89	2.2603645815797213
0.9	1.6172957077687042
0.91	1.196830714341313
0.92	1.7149378627481062
0.93	1.9070770372558306
0.9400000000000001	1.8563756105828715
0.9500000000000001	2.279178467845014
0.96	2.256570991530347
0.97	2.023296441396462
0.98	2.0882738271589902
0.99	2.033718757125872
1.	2.397981731843656
1.01	2.284713623452536
1.02	1.8698331965816544
1.03	1.9299162383465662
1.04	1.6438726347047492
1.05	0.22055072414009158
1.06	0.005646879607926536
1.07	0.48728696629768975
1.08	0.17759425003044937
1.09	1.2003542302708117
1.1	1.7182555240686457
1.11	1.669722498342011
1.12	0.9901695431490718
1.1300000000000001	1.2734019738370645
1.1400000000000001	1.2639544727219216
1.1500000000000001	1.5729332205620346
1.16	1.7227576850694706
1.17	1.4473687769890469
1.18	1.3793118084252307
1.19	1.1181233784286937
1.2	1.5196648096766077
1.21	1.8681869899750967
1.22	1.636436175837629
1.23	1.9639365927371406
1.24	1.1919633918313464
1.25	1.2532657176089066
1.26	1.3619808226725003
1.27	1.823137786195032
1.28	1.875490655200187
1.29	1.6890936000729895
1.3	1.6666898284601412
1.31	1.6058236121949079
1.32	1.6106560462595074
1.33	1.297509968285318
1.34	1.3939397262136617
1.35	1.7309755166021652
1.36	2.1615410500799372
1.37	1.5741837481819485
1.3800000000000001	1.5970820194792332
1.3900000000000001	1.4714740617987943
1.4000000000000001	1.9544344613230935
1.41	2.077423907028807
1.42	1.5643939677928278
1.43	1.4586116897973136
1.44	2.0689536864721894
1.45	0.8119681651166037
1.46	1.57907330587041
1.47	1.6415664503870426
1.48	2.3752705552539144
1.49	1.5704025284680447
1.5	2.330256261449092
1.51	1.1814293474977104
1.52	1.5514803011738512
1.53	1.9587579567516658
1.54	1.1339472482221027
1.55	1.580039743550139
1.56	2.1339245706415024
1.57	1.465261607897538
1.58	1.822792778546867
1.59	1.1609465328815929
1.6	1.5797713269530371
1.61	1.5205993973561869
1.62	1.7538860069627953
1.6300000000000001	1.1399131145451864
1.6400000000000001	1.553583931110265
1.6500000000000001	1.1264808596412064
1.6600000000000001	0.7477524049115878
1.67	1.2109285260209801
1.68	1.3366961603380862
1.69	1.4779205183455453
1.7	1.121942818821842
1.71	0.05685124839870381
1.72	0.15825074808035744
1.73	1.2671929164645732
1.74	0.5725832386000441
1.75	0.9607331258746754
1.76	2.9999130871291797
1.77	0.932195193118047
1.78	0.27423628525723676
1.79	0.36507428132530695
1.8	0.5126481993516402
1.81	0.06403205033292864
1.82	1.1664565072903552
1.83	0.987623574037637
1.84	1.0616776212516417
1.85	1.4405518586528832
1.86	1.3247278523160309
1.87	1.1418381587082433
1.8800000000000001	1.66600991863885
1.8900000000000001	1.3959412869702366
1.9000000000000001	1.6423540758515403
1.9100000000000001	1.5388450591651017
1.92	1.2252413675795018
1.93	1.3276926892029677
1.94	1.1444676267276401
1.95	0.9468122442854847
1.96	1.1484746610944474
1.97	1.2603446640161824
1.98	1.8494317580612685
1.99	1.5257178656579586
2.	1.5189246199296167
2.0100000000000002	0.9623616773598346
2.02	1.1791406331669134
2.0300000000000002	1.1098541864397433
2.04	1.2728208295381838
2.05	1.5022604719316752
2.06	1.079043940425953
2.07	1.118008309302893
2.08	1.2894812408965801
2.09	1.23510694921641
2.1	0.9046611280751113
2.11	1.087394794479571
2.12	1.3972960890667951
2.13	1.0495294829666604
2.14	1.4666868591675755
2.15	1.1965715040902842
2.16	1.1254837632142392
2.17	1.0389765992479238
2.18	1.0882122751896048
2.19	0.5364548443703236
2.2	0.6882540027585479
2.21	1.2855131868879104
2.22	1.025097385636974
2.23	0.9745118610301189
2.24	0.9987682820149253
2.25	1.126214853147022
2.2600000000000002	1.1510750083859445
2.27	1.1188288358956935
2.2800000000000002	0.8814655442151899
2.29	0.29990219340001023
2.3000000000000003	1.0600812058507492
2.31	1.216181426427955
2.32	1.0628881806482746
2.33	0.6854670692063609
2.34	1.2620440701550777
2.35	0.5906452156858604
2.36	0.910206563062452
2.37	0.5875783316153689
2.38	0.7206171038291449
2.39	0.03085973964674027
2.4	0.5853312243077657
2.41	0.4975550748733606
2.42	0.45535617636766623
2.43	0.7459033245130007
2.44	0.9024141466502866
2.45	0.39121206018852084
2.46	0.8417639174986985
2.47	0.9010355684394749
2.48	0.7223753940893962
2.49	0.393485243281233
2.5	0.8432828491857733
2.5100000000000002	0.37711330147671096
2.52	0.8410753964811851
2.5300000000000002	0.9161235422636933
2.54	0.7189339958670953
2.5500000000000003	0.5951079587286039
2.56	0.5335746641095946
2.57	0.3879667425255652
2.58	0.6415557065535183
2.59	0.22551597155094583
2.6	0.8531138573089463
2.61	0.7598123236823205
2.62	0.895369327909969
2.63	0.5953693139887313
2.64	0.9132984998712689
2.65	0.35406429963020214
2.66	0.37253014527475425
2.67	0.19051081952103277
2.68	0.720519360092049
2.69	0.34169061280295443
2.7	0.8943813998979124
2.71	0.701118464306058
2.72	0.7051106042401565
2.73	0.5048329213809915
2.74	0.14375012042794655
2.75	0.5007820868999432
2.7600000000000002	0.08447607926365697
2.77	0.6649095429913473
2.7800000000000002	0.2020714018667516
2.79	0.2645382127469933
2.8000000000000003	0.5237817643420817
2.81	0.0835990589276856
2.82	0.199237115567666
2.83	0.3794931043730365
2.84	0.26333129838459257
2.85	0.0004961984357634425
2.86	0.000013357647236196768
2.87	4.974731367405091e-6
2.88	2.3536256350193205e-6
2.89	1.3641217390669406e-6
2.9	8.878212807029199e-7
2.91	6.229506265441605e-7
2.92	4.6078984962891224e-7
2.93	3.544374053656129e-7
2.94	2.809802186693581e-7
2.95	2.2815184476009116e-7
2.96	1.8890693129893767e-7
2.97	1.5896644995138106e-7
2.98	1.3561058268108286e-7
2.99	1.1704400702395742e-7
3.	1.0204323486311978e-7