0.	2.79999954094891e-7
0.01	2.807167218272434e-7
0.02	2.829659643730137e-7
0.03	2.868113086669403e-7
0.04	2.923620194074039e-7
0.05	2.9978052365034045e-7
0.06	3.092938426420288e-7
0.07	3.2121060012763967e-7
0.08	3.359460511163191e-7
0.09	3.540590969174503e-7
0.1	3.763078506498789e-7
0.11	4.037349341266755e-7
0.12	4.3780224514393536e-7
0.13	4.806115686602655e-7
0.14	5.352815470397259e-7
0.15	6.066262101344106e-7
0.16	7.6250778389295e-7
0.17	9.217278873247683e-7
0.18	1.1564109629282353e-6
0.19	1.5254409197022487e-6
0.2	2.1651645945264277e-6
0.21	3.479764136836881e-6
0.22	7.420831519222496e-6
0.23	0.00004930343929171672
0.24	0.0640136937457143
0.25	0.779960187000101
0.26	0.5250932505939556
0.27	0.3962973717111806
0.28	0.9125252847598573
0.29	0.20381822786264314
0.3	0.8602582633219805
0.31	0.9383846275151848
0.32	0.7607706828811757
0.33	0.9782754973617244
0.34	0.8985952249373792
0.35000000000000003	0.9491473806243284
0.36	0.9911910686011005
0.37	0.9777629099154039
0.38	0.9496746606457238
0.39	0.7291012763802343
0.4	0.7591375722129535
0.41000000000000003	0.9139920169783957
0.42	0.9008517220100688
0.43	0.6508650722675199
0.44	0.5683552851113864
0.45	0.2841601872076962
0.46	1.662135401459212
0.47000000000000003	1.1035245181651194
0.48	0.4827588409446698
0.49	1.5581431483920913
0.5	1.6032908123916745
0.51	1.6956126081683889
0.52	1.233057123156971
0.53	1.2522772218807312
0.54	1.2312447414839287
0.55	1.1665916420032882
0.56	1.4851722400945613
0.5700000000000001	1.4278625417613977
0.58	1.8464072095139248
0.59	1.7570189451074034
0.6	1.5564516022922255
0.61	1.5000399611040254
0.62	1.6323341079214828
0.63	1.7088883332288485
0.64	1.4795071848660883
0.65	1.5459545268573927
0.66	1.496020308546932
0.67	1.7803179830613856
0.68	1.7208574268581203
0.6900000000000001	1.5148504619505934
0.7000000000000001	1.7253611423172355
0.71	1.3456864872810872
0.72	1.2857221315316252
0.73	1.359256586356485
0.74	1.4114919409865245
0.75	1.4284151889555965
0.76	1.6545866217592105
0.77	1.419713018779414
0.78	1.4686605449795307
0.79	1.694417014827403
0.8	1.6422355013816767
0.81	1.8417413791425343
0.8200000000000001	1.692711337574929
0.8300000000000001	1.8331041885459114
0.84	1.6111399806989752
0.85	0.72503917712997
0.86	0.5804802504926805
0.87	0.8681121881841632
0.88	1.2948323748896906
0.89	1.8859739382253653
0.9	2.224307264446757
0.91	2.1363069191716866
0.92	1.736778894733078
0.93	1.995497890347513
0.9400000000000001	1.0972399034490936
0.9500000000000001	1.6502199424742166
0.96	1.8897003733551432
0.97	1.960826243203438
0.98	2.2955721852830155
0.99	1.6986236626451219
1.	2.4301040989371376
1.01	2.5491718620339974
1.02	2.1651218927229805
1.03	1.9202870396051703
1.04	1.3024216385376586
1.05	0.9790798469141309
1.06	0.2740563038541679
1.07	0.15430588261712397
1.08	0.4832170292548825
1.09	0.552486459363577
1.1	0.9040958990646298
1.11	1.6444338825955351
1.12	1.379183690309932
1.1300000000000001	1.2153412841053188
1.1400000000000001	1.437630679100716
1.1500000000000001	1.434465485631967
1.16	1.4253612176589863
1.17	1.379466978438982
1.18	1.4746276852916014
1.19	1.4012792099716798
1.2	1.5403468868274488
1.21	2.02434620229185
1.22	2.380347731640004
1.23	1.8730831408868391
1.24	1.8697440395866436
1.25	1.7506565646039416
1.26	1.5350652918606904
1.27	1.4097004522699028
1.28	1.7697560148963094
1.29	1.5297644969623874
1.3	1.6288704657875195
1.31	2.0433456766560285
1.32	1.7944206371417535
1.33	1.71800428177571
1.34	1.76448200928085
1.35	1.488175941193104
1.36	2.2134022463451855
1.37	1.4652436117892291
1.3800000000000001	1.5916873404466005
1.3900000000000001	1.9121470635180555
1.4000000000000001	1.5213468781736328
1.41	1.8779335691367884
1.42	2.2370945114016254
1.43	1.320321950125197
1.44	2.2393729344566236
1.45	1.8941494576711009
1.46	1.180111802279429
1.47	1.6463033997446541
1.48	2.3101008582754945
1.49	1.4977481119121028
1.5	1.1513115936103144
1.51	1.3197315479330793
1.52	1.8861581318810794
1.53	1.5850323162774105
1.54	1.7588351891292282
1.55	1.4385633971255918
1.56	1.4419037803612205
1.57	1.024945023847966
1.58	1.270743556157687
1.59	1.6848443283440524
1.6	1.6677784046867299
1.61	0.9353950846552805
1.62	1.1116127239195595
1.6300000000000001	1.4439012489473901
1.6400000000000001	1.010938391563399
1.6500000000000001	1.1055282091590077
1.6600000000000001	1.4383597380618798
1.67	0.8852307394009387
1.68	0.7360051021551506
1.69	0.8502721878895727
1.7	1.756913014730653
1.71	0.9090736260822456
1.72	0.7841697886274357
1.73	1.0431357019795204
1.74	0.29310713818852463
1.75	0.5087918876260673
1.76	0.06531629761347801
1.77	0.08112697160876622
1.78	0.5405199174185407
1.79	0.8488944584296318
1.8	0.5556477292838018
1.81	1.2931485625351318
1.82	1.3773272346040484
1.83	1.5052212001569347
1.84	1.7590657028413017
1.85	1.174567534669718
1.86	1.320952153666068
1.87	1.4053498807744174
1.8800000000000001	1.1196887124074884
1.8900000000000001	1.368685207537692
1.9000000000000001	1.3625393957553835
1.9100000000000001	1.3058935729993106
1.92	1.2173560050009435
1.93	1.0913643765028476
1.94	1.4341016690181596
1.95	1.5935907717144002
1.96	1.1693777153881164
1.97	1.4673369359208959
1.98	1.247862619469597
1.99	0.9088293760902089
2.	0.6778258065177329
2.0100000000000002	1.033782758693254
2.02	1.0574941556918696
2.0300000000000002	1.050508149909373
2.04	1.3610513029270186
2.05	1.4333220484890128
2.06	1.3808016001420769
2.07	0.5963957708065273
2.08	1.5533614960433517
2.09	1.539385389158282
2.1	1.5382734118547683
2.11	1.7741164336552084
2.12	1.3582929527906535
2.13	1.7671989347066615
2.14	1.2251901265689933
2.15	0.7856363778710372
2.16	0.9592557654385381
2.17	1.037217622960591
2.18	1.0449980604667957
2.19	1.0691138462816645
2.2	1.0387965749090757
2.21	1.026313802989572
2.22	0.9743192725262606
2.23	1.3312216901028553
2.24	1.4866862984136406
2.25	1.2786198818656382
2.2600000000000002	1.4056309654649177
2.27	1.3416465512529818
2.2800000000000002	1.0831927993012938
2.29	0.9026280447191205
2.3000000000000003	0.9083694923453287
2.31	1.3379417148058934
2.32	1.2828923436857904
2.33	0.4337149688299353
2.34	1.0964352895527378
2.35	0.7964558061503242
2.36	1.0158015043997868
2.37	0.8793246266350387
2.38	0.8099264433092017
2.39	0.6048320985418683
2.4	0.6542270350518895
2.41	0.658873685807517
2.42	0.4118547066998238
2.43	0.4861896564769508
2.44	0.23045589419451962
2.45	0.07059620084074011
2.46	0.34865419737155506
2.47	0.21190666061696506
2.48	0.31713641379125157
2.49	0.8920831506490845
2.5	0.8066786766156251
2.5100000000000002	0.8789514722038606
2.52	0.839289839300491
2.5300000000000002	0.5878218734338084
2.54	0.5186954303936835
2.5500000000000003	0.5825821752775191
2.56	0.3375378359964941
2.57	0.4750768844963963
2.58	0.41002761046627234
2.59	0.920944008916077
2.6	0.8011767780163009
2.61	0.3114194179331534
2.62	0.4416038378502992
2.63	0.4830726087540951
2.64	0.2770209145729643
2.65	0.7015635238079734
2.66	0.4259734486088218
2.67	0.3398286371474113
2.68	0.05750061523857097
2.69	0.061937177717082445
2.7	0.10503632782465289
2.71	0.7937252812842379
2.72	0.14979161880381486
2.73	0.314388261891801
2.74	0.147919877496473
2.75	0.9504478656290889
2.7600000000000002	0.4404552137748867
2.77	0.21402220408758688
2.7800000000000002	0.8121935187696829
2.79	0.2174744320419567
2.8000000000000003	0.03824137856759657
2.81	0.41927983753130604
2.82	0.7185103743945336
2.83	0.5488846255441269
2.84	0.01791160538290626
2.85	0.00008840561617896175
2.86	0.000016530529220860175
2.87	4.974731367405091e-6
2.88	2.3536256350193205e-6
2.89	1.3641217390669406e-6
2.9	8.878212807029199e-7
2.91	6.229506265441605e-7
2.92	4.6078984962891224e-7
2.93	3.544374053656129e-7
2.94	2.809802186693581e-7
2.95	2.2815184476009116e-7
2.96	1.8890693129893767e-7
2.97	1.5896644995138106e-7
2.98	1.3561058268108286e-7
2.99	1.1704400702395742e-7
3.	1.0204323486311978e-7