0.	2.79999954094891e-7
0.01	2.808033496851172e-7
0.02	2.83241667135505e-7
0.03	2.873888455679485e-7
0.04	2.9337276116518783e-7
0.05	3.013850644595518e-7
0.06	3.1169575842122814e-7
0.07	3.2467508993583106e-7
0.08	3.408259916614527e-7
0.09	3.6083230566004776e-7
0.1	3.856313647363272e-7
0.11	4.1652530773127685e-7
0.12	4.553559158683284e-7
0.13	5.047871573539081e-7
0.14	5.687773499576348e-7
0.15	6.533999425135708e-7
0.16	7.951264991968798e-7
0.17	9.802999329290625e-7
0.18	1.2680135214725277e-6
0.19	1.75544407655102e-6
0.2	2.6944672364475624e-6
0.21	4.926980775519681e-6
0.22	0.00001294268355678893
0.23	0.00012011858557888356
0.24	0.06416939542568556
0.25	0.3932631577405957
0.26	0.688551197694077
0.27	0.3414421880084849
0.28	0.5705713930046497
0.29	0.8977506575581374
0.3	0.8566827108986238
0.31	0.9683011206934574
0.32	0.9506851802149779
0.33	0.769340503138839
0.34	0.8323152170124235
0.35000000000000003	0.8128470758093185
0.36	0.9305536237915072
0.37	0.8998180217903174
0.38	0.6227229256493092
0.39	0.7957086812734501
0.4	0.3480242404990661
0.41000000000000003	0.6839442920288779
0.42	0.8053683913505223
0.43	1.999990073170833
0.44	0.1516466612210856
0.45	0.6744115644793428
0.46	0.641586543198503
0.47000000000000003	1.0938407550822906
0.48	1.5315280083598097
0.49	0.978956969990127
0.5	1.2203342293001236
0.51	1.5952535509914751
0.52	1.498193342946446
0.53	1.4232745969285978
0.54	1.2118259428560154
0.55	0.8712973213450607
0.56	1.7513005937130632
0.5700000000000001	1.3375459186050978
0.58	1.0228712482666515
0.59	1.4712488031405018
0.6	1.1578867808571975
0.61	1.331418915357049
0.62	1.5907333888035937
0.63	1.5896799519584413
0.64	1.6958404903513553
0.65	1.6918172901731898
0.66	1.6165355922139952
0.67	1.6749692999789065
0.68	1.639303249590474
0.6900000000000001	1.6208536282783361
0.7000000000000001	1.5848315291077253
0.71	1.6400093889808314
0.72	1.4163878631498268
0.73	1.673462369219058
0.74	1.6585837525369285
0.75	1.838002230976308
0.76	1.6701423140496776
0.77	1.6829037849134139
0.78	1.6586135007136376
0.79	1.6105855161838276
0.8	1.5619169542803806
0.81	1.4983112252140678
0.8200000000000001	1.6328318768147558
0.8300000000000001	1.6409224711565258
0.84	1.0829633802208465
0.85	0.16762620855667731
0.86	0.972697997267217
0.87	0.9554991663655885
0.88	2.053193993109206
0.89	1.1261276493567962
0.9	0.9467436575017167
0.91	0.5700541383911053
0.92	1.7578890910598717
0.93	2.004292297149035
0.9400000000000001	0.9784316115411393
0.9500000000000001	2.1491842614214547
0.96	1.8316323390136313
0.97	1.4546633020154853
0.98	1.9173240668055225
0.99	1.9921351964745997
1.	1.8814873334353468
1.01	2.139937134543219
1.02	2.0119020962045187
1.03	1.903334512512755
1.04	1.036020954646497
1.05	0.20280827957819225
1.06	0.3329125406958008
1.07	0.003931243001168205
1.08	0.11354361679504399
1.09	0.8172717485148665
1.1	0.5639709291738464
1.11	1.2144802056323458
1.12	0.9383310894393555
1.1300000000000001	0.61355462127893
1.1400000000000001	1.1133750226320127
1.1500000000000001	1.1330108719041685
1.16	1.0706961409126379
1.17	2.0241499057026933
1.18	1.6485412370562744
1.19	1.3285601574102164
1.2	1.3925705449265267
1.21	2.0218610302259306
1.22	2.2351705238206936
1.23	1.4212382379872466
1.24	1.330340237718864
1.25	1.946613918342562
1.26	1.6189812545173163
1.27	1.9573803059106936
1.28	1.6007728308450333
1.29	1.5538539176987916
1.3	1.7812072591240915
1.31	1.2172832473416146
1.32	1.4451036499548104
1.33	1.8095193572939157
1.34	1.4732372831832192
1.35	1.8580682919104183
1.36	1.751459251808099
1.37	1.8544335262398737
1.3800000000000001	1.6877872622505234
1.3900000000000001	1.5662570495577164
1.4000000000000001	2.2356898069217017
1.41	1.82131565791541
1.42	2.212985853012939
1.43	1.4364285294306733
1.44	2.282425295840037
1.45	1.7261909472555206
1.46	1.8844386206097936
1.47	1.8405825164694343
1.48	1.4290227948619383
1.49	1.7235952996101276
1.5	1.7687778425721155
1.51	0.8762350352144431
1.52	1.658196044008641
1.53	1.8777171644884108
1.54	1.8014478656697088
1.55	1.5557729194000722
1.56	1.779652083918548
1.57	1.5146599486440047
1.58	1.1171965586599892
1.59	1.6121483908920082
1.6	1.6046680117389451
1.61	1.37046003129948
1.62	1.3212758353689207
1.6300000000000001	1.0954152242278985
1.6400000000000001	1.6572935386179033
1.6500000000000001	1.5025738542650906
1.6600000000000001	1.2927468460752625
1.67	1.5529922384467794
1.68	1.1289839948199503
1.69	1.8774338016982455
1.7	0.8778291936596675
1.71	1.726184473515326
1.72	0.9405789294574234
1.73	1.7090616897256083
1.74	1.09911129495983
1.75	1.1190336310962028
1.76	1.1396158592294867
1.77	0.739670362179464
1.78	0.3090375605433188
1.79	0.741927852286731
1.8	0.8599924380015203
1.81	0.9927793971711283
1.82	0.7127816316583546
1.83	0.9758321042921619
1.84	1.015964890232667
1.85	0.9863990382361778
1.86	1.1310763687631895
1.87	0.9982679498239231
1.8800000000000001	1.158132502360293
1.8900000000000001	1.4759234399971346
1.9000000000000001	1.4055678726339087
1.9100000000000001	1.4529765648134636
1.92	1.6635542775301342
1.93	1.2500357963914568
1.94	1.1136877620400267
1.95	1.1734106336236094
1.96	1.1583458773672328
1.97	1.2070553502182109
1.98	0.6913287721070827
1.99	1.0886666364201119
2.	1.4075624963924807
2.0100000000000002	0.839312833311485
2.02	1.1106267032949193
2.0300000000000002	1.2475058086411057
2.04	1.4907661456530272
2.05	1.0834988854199845
2.06	1.4177097948609525
2.07	1.1021814789744027
2.08	1.1131395400104935
2.09	1.6037979829271654
2.1	0.7957023270949548
2.11	0.8420561168973505
2.12	1.3875717336454845
2.13	0.9867585808454742
2.14	0.700828084334847
2.15	0.81775476921915
2.16	1.4496388970217637
2.17	1.0640693344094714
2.18	1.4450490638888926
2.19	0.7600909322943378
2.2	0.6104027152949099
2.21	1.6838752555029322
2.22	0.7649469163829334
2.23	1.1992754507031456
2.24	1.0585128825203935
2.25	0.7936614508347257
2.2600000000000002	0.9900567893626004
2.27	1.153995822600103
2.2800000000000002	0.6644952919335836
2.29	0.9680066947892385
2.3000000000000003	0.7530415703150519
2.31	0.9879909328911608
2.32	0.42714708357080977
2.33	0.9769363804339067
2.34	1.4293317163346528
2.35	1.030247393429586
2.36	0.3186765699304117
2.37	0.785033787276724
2.38	0.23209940205448953
2.39	0.7041700595306895
2.4	0.9103010100679061
2.41	0.06633171294628291
2.42	1.0000743283115854
2.43	1.0000099038560095
2.44	0.8817554090513543
2.45	0.12197253398627375
2.46	0.9640498972656482
2.47	0.8337795919540733
2.48	0.5501054415318676
2.49	0.7393975710751843
2.5	0.5419810581293483
2.5100000000000002	0.4495399226340828
2.52	0.8841655384659608
2.5300000000000002	0.5326274676099665
2.54	0.44132002401314996
2.5500000000000003	0.42463107042468073
2.56	0.7672098335820025
2.57	0.8052046701457765
2.58	0.9335120136128559
2.59	0.4412399656876751
2.6	0.770114379655167
2.61	0.5397910203922276
2.62	0.9333448597622299
2.63	0.991503908970442
2.64	0.48545095306427255
2.65	0.2940007640990512
2.66	0.279122571342311
2.67	0.3685646976767234
2.68	0.8077226795991699
2.69	0.6842184838517
2.7	0.6576129959654974
2.71	0.38043019557157987
2.72	0.09016444343447545
2.73	0.08851856956536752
2.74	0.9035209426924775
2.75	0.04975549202771595
2.7600000000000002	0.014520025949050388
2.77	0.14885432817140468
2.7800000000000002	0.04302402335019597
2.79	0.6677484908367978
2.8000000000000003	0.8015049958871097
2.81	0.07022233212508211
2.82	0.36719036735315674
2.83	0.382475753608952
2.84	0.30113643787632294
2.85	0.0004961984357634425
2.86	0.000016530529220860175
2.87	4.974731367405091e-6
2.88	2.3536256350193205e-6
2.89	1.3641217390669406e-6
2.9	8.878212807029199e-7
2.91	6.229506265441605e-7
2.92	4.6078984962891224e-7
2.93	3.544374053656129e-7
2.94	2.809802186693581e-7
2.95	2.2815184476009116e-7
2.96	1.8890693129893767e-7
2.97	1.5896644995138106e-7
2.98	1.3561058268108286e-7
2.99	1.1704400702395742e-7
3.	1.0204323486311978e-7