0.	2.79999954094891e-7
0.01	2.808099718619266e-7
0.02	2.832644667591538e-7
0.03	2.8743850941666316e-7
0.04	2.934632513473045e-7
0.05	3.0153581024336483e-7
0.06	3.119349554925539e-7
0.07	3.250449157456985e-7
0.08	3.4139114112059353e-7
0.09	3.6169437736023e-7
0.1	3.869538088470745e-7
0.11	4.1857800667293e-7
0.12	4.5859751235116463e-7
0.13	5.100228132676567e-7
0.14	5.774740761164223e-7
0.15	6.683485209716337e-7
0.16	7.951264991968798e-7
0.17	9.802999329290625e-7
0.18	1.2680135214725277e-6
0.19	1.75544407655102e-6
0.2	2.6944672364475624e-6
0.21	4.926980775519681e-6
0.22	0.00001294268355678893
0.23	0.00012011858557888356
0.24	0.002097390018505507
0.25	0.11054662647322311
0.26	0.12021664691318781
0.27	0.1589586191120942
0.28	0.6593650637547142
0.29	0.3127016298046632
0.3	0.7279969498926075
0.31	0.3391553444814292
0.32	0.7976566754624675
0.33	0.6164132174696775
0.34	0.7092334185955544
0.35000000000000003	0.6167275060941095
0.36	0.5507094987646884
0.37	0.6902557288534854
0.38	0.9481316958055043
0.39	0.7875129329429095
0.4	0.6845123210573114
0.41000000000000003	0.8435963993338451
0.42	0.6923149019157027
0.43	0.014836032210691297
0.44	0.6474430406008415
0.45	1.1717816457006935
0.46	0.479355173345572
0.47000000000000003	1.028700970345561
0.48	1.0736961482785752
0.49	1.473334650386319
0.5	1.1152446988187585
0.51	1.3344296004099045
0.52	1.6212791597611527
0.53	1.5727854038630102
0.54	1.501892481263263
0.55	1.7776265867660739
0.56	1.5996755286385491
0.5700000000000001	1.801763932499795
0.58	1.5663339020884184
0.59	1.7168549749322206
0.6	1.6963991440381083
0.61	1.5885295498567955
0.62	1.6238235258706304
0.63	1.4603305710036811
0.64	1.6411625034222324
0.65	1.56766294894622
0.66	1.801377760085555
0.67	1.5716574666121197
0.68	1.6757916872977745
0.6900000000000001	1.0140610263945045
0.7000000000000001	1.669673836543267
0.71	1.2420873819312193
0.72	1.7642567479462392
0.73	1.6094285538755464
0.74	1.71799058298329
0.75	1.3752737208271326
0.76	1.3102568849539866
0.77	1.5005492267934382
0.78	1.7408342684611584
0.79	0.9431435519462917
0.8	1.4231982597671464
0.81	1.1751858700408933
0.8200000000000001	1.4074788518682095
0.8300000000000001	1.4927310601173103
0.84	1.3304365963754388
0.85	0.07895634357719317
0.86	0.13368610140101556
0.87	0.6250990341814768
0.88	0.8087612392942649
0.89	1.1910893004479117
0.9	2.069857677106359
0.91	2.160833408925554
0.92	2.4164208311678355
0.93	2.1490858533241166
0.9400000000000001	2.0340670400952967
0.9500000000000001	2.221252399737925
0.96	2.1717850876015863
0.97	2.37949385296658
0.98	2.299426141754756
0.99	2.2271745395994937
1.	2.3564957818215038
1.01	2.7306973944152277
1.02	2.3105739528582223
1.03	1.9601371596023038
1.04	1.6156795446464434
1.05	1.3094824162883847
1.06	0.8497681201671277
1.07	0.2658462529647513
1.08	0.30428947307230636
1.09	0.9209925574493688
1.1	1.0216482534878415
1.11	0.8324028391345688
1.12	0.9815154139037052
1.1300000000000001	1.0042013626504112
1.1400000000000001	0.5953132522227099
1.1500000000000001	0.7944641314382507
1.16	0.3933282303433079
1.17	2.0705343609800817
1.18	0.9937059953360388
1.19	1.5855536425190544
1.2	1.6404442086764779
1.21	1.6611005687286988
1.22	2.0130165883512334
1.23	1.754855847347037
1.24	1.557887407787799
1.25	2.0748294958067754
1.26	1.5775263528101553
1.27	1.4392509118704158
1.28	1.8165091675231635
1.29	1.355239522793204
1.3	2.2838147675413847
1.31	1.5200736609439098
1.32	1.3372666243487086
1.33	1.2028917318798653
1.34	1.7955130701952613
1.35	1.5515366607126624
1.36	1.639946006181989
1.37	0.8969096564049318
1.3800000000000001	1.8706732237913406
1.3900000000000001	1.7508119391421404
1.4000000000000001	1.8980979731942
1.41	1.655288563801872
1.42	1.8195739548558365
1.43	1.6773977981124475
1.44	1.7514186214342997
1.45	2.2804007804796633
1.46	1.3230556295508178
1.47	1.548086493478778
1.48	1.5689947793844727
1.49	1.9323758882305293
1.5	1.9276885426348684
1.51	1.3252446927808788
1.52	1.5063509905511823
1.53	1.0671044557379576
1.54	1.5916991143660866
1.55	1.229217907474506
1.56	2.0159693990052974
1.57	1.8398986956339314
1.58	1.6198043125665527
1.59	1.4928854266616771
1.6	1.8022156135407736
1.61	2.0824883849255174
1.62	1.2348917127353838
1.6300000000000001	1.7016661359783776
1.6400000000000001	1.4026624745742815
1.6500000000000001	1.5672103765736871
1.6600000000000001	0.9186628914771671
1.67	1.2625278260455604
1.68	1.1783971449314505
1.69	1.4459821200727243
1.7	1.5617674962582453
1.71	0.2827228531839463
1.72	0.6599082667210396
1.73	1.0122090664802932
1.74	0.49274547479908115
1.75	2.127996667210951
1.76	0.06753293968982987
1.77	2.000116262992259
1.78	0.31394392666154336
1.79	0.812686984061864
1.8	0.5117409366172602
1.81	0.3438530588833891
1.82	0.19664779454675846
1.83	0.4759513503171422
1.84	1.1544480610546257
1.85	1.2002074491716987
1.86	1.0704256998806807
1.87	1.1375340004355636
1.8800000000000001	1.5850265283938572
1.8900000000000001	1.1154450772654712
1.9000000000000001	1.3774923265306873
1.9100000000000001	1.0777972224258714
1.92	1.9624166360935054
1.93	0.9012080979339854
1.94	1.568900719151943
1.95	1.8469498161626174
1.96	0.9488356091871268
1.97	1.480770619985893
1.98	1.3969200588693478
1.99	1.7045094309090452
2.	1.8324283997261372
2.0100000000000002	1.6094553328695307
2.02	1.1544891643537032
2.0300000000000002	1.012502070424433
2.04	1.1754903089025235
2.05	1.2282137023891166
2.06	1.628414469355931
2.07	1.076843967756618
2.08	0.9969804837720903
2.09	0.9037152955867114
2.1	1.158215333017347
2.11	1.1632173683471108
2.12	1.4876652650759121
2.13	1.0248304215407549
2.14	1.4444693210173334
2.15	1.1812089137302633
2.16	1.1709589803151976
2.17	1.436859406209883
2.18	0.9405621153968113
2.19	1.1576587382942523
2.2	1.189537062421649
2.21	1.043756902041067
2.22	1.1621417413323532
2.23	1.3651264112295558
2.24	0.8717602987213688
2.25	1.1046918061770312
2.2600000000000002	1.0317532120031805
2.27	1.6865479394174827
2.2800000000000002	0.9411123782849201
2.29	0.9956867621891589
2.3000000000000003	0.25300869608624654
2.31	1.0196336319718273
2.32	0.6397458600481365
2.33	0.6706709296249358
2.34	1.0050574847610487
2.35	0.7700848170059934
2.36	0.9578010886895851
2.37	0.09325903917359823
2.38	0.7539685264341076
2.39	0.8091262756347308
2.4	0.004430025699863616
2.41	0.27875926621951697
2.42	0.1950126272589935
2.43	1.0000099038560095
2.44	0.1896680016072991
2.45	0.10673914218262105
2.46	0.32675043813845595
2.47	0.2371797564099627
2.48	0.1976034375695339
2.49	0.4496708507139292
2.5	0.29913411923549915
2.5100000000000002	0.3353943870829603
2.52	0.9667855988367944
2.5300000000000002	0.6058688779791963
2.54	0.3051929179756159
2.5500000000000003	0.5583374509697223
2.56	0.8917531107515612
2.57	0.3715882898775178
2.58	0.5284445481306522
2.59	0.4110994519761908
2.6	0.8830669692807349
2.61	0.7104418968382429
2.62	0.9180503362350247
2.63	0.5110270670931693
2.64	0.5043146217112757
2.65	0.9543902654593411
2.66	0.5833129857454473
2.67	0.352435515087695
2.68	0.6511922192491805
2.69	0.8146478998577478
2.7	0.9298480456646309
2.71	0.3598865671189726
2.72	0.5929836568862794
2.73	0.3719111093592311
2.74	0.7967334762609447
2.75	0.1520190912998174
2.7600000000000002	0.7088615843218662
2.77	0.18269752154041718
2.7800000000000002	0.17127364395692268
2.79	0.6722399824685527
2.8000000000000003	0.2599297126198481
2.81	0.15966103717304536
2.82	0.24858623721052808
2.83	0.3609262239505586
2.84	0.20385779878752608
2.85	0.00030311462976256864
2.86	0.000016530529220860175
2.87	4.974731367405091e-6
2.88	2.3536256350193205e-6
2.89	1.3641217390669406e-6
2.9	8.878212807029199e-7
2.91	6.229506265441605e-7
2.92	4.6078984962891224e-7
2.93	3.544374053656129e-7
2.94	2.809802186693581e-7
2.95	2.2815184476009116e-7
2.96	1.8890693129893767e-7
2.97	1.5896644995138106e-7
2.98	1.3561058268108286e-7
2.99	1.1704400702395742e-7
3.	1.0204323486311978e-7