0.	2.79999954094891e-7
0.01	2.807934948119258e-7
0.02	2.831996382609533e-7
0.03	2.872898708124536e-7
0.04	2.931854025499229e-7
0.05	3.01066752903528e-7
0.06	3.111862451548613e-7
0.07	3.238863547392923e-7
0.08	3.396261369170342e-7
0.09	3.5901909800735e-7
0.1	3.8288756052242816e-7
0.11	4.1234103983924094e-7
0.12	4.4888959794133123e-7
0.13	4.946073512082388e-7
0.14	5.523642234021867e-7
0.15	6.26136644553341e-7
0.16	7.55797515020759e-7
0.17	9.802999329290625e-7
0.18	1.2680135214725277e-6
0.19	1.75544407655102e-6
0.2	2.6944672364475624e-6
0.21	4.926980775519681e-6
0.22	0.00001294268355678893
0.23	0.00012011858557888356
0.24	0.019365613632610135
0.25	0.08802605041262979
0.26	0.8333766768525162
0.27	0.23863249003875633
0.28	0.3058317876339509
0.29	0.8828802204945975
0.3	0.9572593570999297
0.31	0.8776652684891166
0.32	0.5260189611325059
0.33	0.5023418873706837
0.34	0.8923387739732458
0.35000000000000003	0.6004192054074804
0.36	0.8030386263085626
0.37	0.38205011415458356
0.38	0.6307331872906651
0.39	0.8947845284667844
0.4	0.7764381375518221
0.41000000000000003	0.9300264772138667
0.42	0.5276838199800066
0.43	0.9529488316149937
0.44	0.8355784383007798
0.45	1.146708591243704
0.46	0.24106589152256153
0.47000000000000003	0.7339814110358271
0.48	0.9589761738592248
0.49	1.072590460670337
0.5	0.8853402638039434
0.51	1.2795865293403634
0.52	1.0577459869967296
0.53	0.8380417747507365
0.54	1.4732202535018435
0.55	1.3302531410952594
0.56	1.5292305013525938
0.5700000000000001	1.7607517859258386
0.58	1.3716002694806646
0.59	1.2227948187606048
0.6	1.5953022931815883
0.61	1.5562344605797365
0.62	1.4972437674423933
0.63	1.6348241991487495
0.64	1.6295930777902263
0.65	1.6452949504481147
0.66	1.450075108295409
0.67	1.674752505301421
0.68	1.5983072437411383
0.6900000000000001	1.6295404742500992
0.7000000000000001	1.5205757055453586
0.71	1.6080865448345314
0.72	1.7525104983090984
0.73	1.7356857208376555
0.74	1.6742884456841791
0.75	1.383311146680306
0.76	1.3570791157586801
0.77	1.957163713567451
0.78	1.5674840847780853
0.79	1.2301032849728695
0.8	1.2287939661052423
0.81	1.6950400844425704
0.8200000000000001	1.7871160015551508
0.8300000000000001	1.743965050225831
0.84	1.293558798734995
0.85	0.9649048834631841
0.86	1.3521126649289816
0.87	0.6358647581757298
0.88	1.0479449293396614
0.89	1.8459790570174066
0.9	1.7616996836235401
0.91	1.0546827803402974
0.92	1.8626582007475414
0.93	2.240005423103226
0.9400000000000001	1.5883610885914745
0.9500000000000001	2.063984226758891
0.96	1.7906439230561289
0.97	1.8605741792249817
0.98	1.6395975577935862
0.99	2.2359799344315583
1.	2.4487534699444966
1.01	2.360056936710956
1.02	1.8847635789160124
1.03	1.5527736085430273
1.04	1.7138076291719209
1.05	0.38891592862789537
1.06	0.3155016899260037
1.07	0.23568779500658835
1.08	0.21609978910280686
1.09	0.7963606645478247
1.1	1.0215631303573707
1.11	0.6836379130280221
1.12	0.7428583815784909
1.1300000000000001	1.532637410242235
1.1400000000000001	0.4442081793878079
1.1500000000000001	1.358527048695838
1.16	1.5716398730191954
1.17	1.6133927297439654
1.18	1.6937741814370475
1.19	1.093758902824226
1.2	1.7909469689515676
1.21	1.6141828025873866
1.22	1.7911659890854204
1.23	1.712836215951496
1.24	1.313698923527736
1.25	1.4847627601008098
1.26	1.2391424003434794
1.27	1.180315767500108
1.28	2.370472920046015
1.29	2.2741283444735227
1.3	1.173634459288229
1.31	1.1424530987741832
1.32	1.9035383595966684
1.33	1.7393291844838883
1.34	1.378880933092053
1.35	1.224512415802151
1.36	1.6118705981050194
1.37	1.6055627879646943
1.3800000000000001	2.1114499556903743
1.3900000000000001	2.01061628938085
1.4000000000000001	1.4696276583287742
1.41	1.2979187476405896
1.42	1.813641332341429
1.43	1.7359126966522664
1.44	1.797886448263548
1.45	1.4446846081075293
1.46	1.823336598921728
1.47	2.0327203689731594
1.48	1.350333914141674
1.49	1.0422617587608114
1.5	1.694398193825768
1.51	2.066567184391594
1.52	1.9013733279761502
1.53	1.706269907258405
1.54	1.914304940323198
1.55	2.1495978019110984
1.56	1.4596495103019622
1.57	1.0847933665440834
1.58	1.915922904825469
1.59	1.6934379583931356
1.6	1.630971060202468
1.61	1.562939178903386
1.62	1.166969487095853
1.6300000000000001	0.14656364073557254
1.6400000000000001	1.769444025277543
1.6500000000000001	1.1777488679787584
1.6600000000000001	1.3852045897103955
1.67	1.664112963192367
1.68	0.6270523122550546
1.69	1.3330225212636326
1.7	1.0976014956621212
1.71	1.5750170606608602
1.72	0.9031850470556639
1.73	1.068194783402003
1.74	0.6792602335426152
1.75	1.0883149615305232
1.76	0.4863951881535513
1.77	0.7288493153361904
1.78	0.4760311765340736
1.79	0.8974251164111288
1.8	0.38988075425210766
1.81	1.0071946880125053
1.82	1.2528100327328844
1.83	1.5881193573906842
1.84	1.394131376588144
1.85	1.1227949015429113
1.86	0.6234957590359771
1.87	1.2897342829765888
1.8800000000000001	1.339443151304779
1.8900000000000001	1.1611827252185543
1.9000000000000001	1.3845973292017992
1.9100000000000001	1.3865552626768847
1.92	1.261784537998275
1.93	1.218040840898968
1.94	1.750567275675233
1.95	1.763925092892142
1.96	1.2672654354701518
1.97	1.4031446488270163
1.98	1.6044823486729352
1.99	1.6431009641016614
2.	1.288220922546215
2.0100000000000002	1.6532738900638024
2.02	1.4914895670056256
2.0300000000000002	1.783680707344887
2.04	1.7581197534679656
2.05	1.0801497086512772
2.06	1.2888594440849495
2.07	0.985205805633342
2.08	1.575539789135837
2.09	1.3571907507503236
2.1	1.0611579861313585
2.11	1.7068705518922729
2.12	1.6740039801787687
2.13	0.6074804294662525
2.14	0.8589152264635407
2.15	0.9768466471604953
2.16	1.1504298235180466
2.17	1.0060980886550162
2.18	1.0113383792206467
2.19	1.3260877512389204
2.2	0.9169568751383945
2.21	1.0708101254766746
2.22	0.9814265357314856
2.23	1.5251885823662972
2.24	1.232819331850742
2.25	1.1545087097392415
2.2600000000000002	0.7590075657216814
2.27	0.9997270897498162
2.2800000000000002	1.1224039033420237
2.29	0.8635556627493117
2.3000000000000003	0.7559863149239067
2.31	1.1918993186731535
2.32	1.1575052888297404
2.33	1.1018887976608434
2.34	0.9072082163919655
2.35	1.485865536073523
2.36	0.7223885182847081
2.37	0.8342461439576896
2.38	0.7944953414251847
2.39	0.9052549116554536
2.4	0.6056477369594977
2.41	0.660949318582845
2.42	1.0000743283115854
2.43	0.1732930487759678
2.44	0.05487419869415422
2.45	0.7752136916762375
2.46	0.6299269115402315
2.47	0.7907083178610138
2.48	0.428928254327532
2.49	0.29121624033087523
2.5	0.7887545679990745
2.5100000000000002	0.795545030357111
2.52	0.42979401534467143
2.5300000000000002	0.43107812216852176
2.54	0.4356906975939693
2.5500000000000003	0.8930094534216617
2.56	0.5843906115931528
2.57	0.559146070724104
2.58	0.6619009966865329
2.59	0.3866651351538958
2.6	0.46988994432352443
2.61	0.31255604068210885
2.62	0.8996957602947206
2.63	0.4852192738054686
2.64	0.47567411177303376
2.65	0.946736714285096
2.66	0.8193648295777731
2.67	0.9829612649248061
2.68	0.9403467616081627
2.69	0.8015512733129571
2.7	0.5055393094899991
2.71	0.5128827125872015
2.72	0.3259484184884389
2.73	0.41399823458346074
2.74	0.2918442004320356
2.75	0.8022644714275713
2.7600000000000002	0.05276864096641015
2.77	0.7220402620854429
2.7800000000000002	0.4203061831637429
2.79	0.08333756239048005
2.8000000000000003	0.582062325104655
2.81	0.3470981381749425
2.82	0.030950962565961568
2.83	0.2814817218371495
2.84	0.012839394631240703
2.85	0.0004961984357634425
2.86	0.000016530529220860175
2.87	4.974731367405091e-6
2.88	2.3536256350193205e-6
2.89	1.3641217390669406e-6
2.9	8.878212807029199e-7
2.91	6.229506265441605e-7
2.92	4.6078984962891224e-7
2.93	3.544374053656129e-7
2.94	2.809802186693581e-7
2.95	2.2815184476009116e-7
2.96	1.8890693129893767e-7
2.97	1.5896644995138106e-7
2.98	1.3561058268108286e-7
2.99	1.1704400702395742e-7
3.	1.0204323486311978e-7