0.	2.79999954094891e-7
0.01	2.8060839654654407e-7
0.02	2.824755079617502e-7
0.03	2.8567342870314787e-7
0.04	2.9026042439033455e-7
0.05	2.963174400600671e-7
0.06	3.039488753793628e-7
0.07	3.1328256406722625e-7
0.08	3.2446790621159616e-7
0.09	3.376701513327443e-7
0.1	3.530570479916509e-7
0.11	3.7077066430141636e-7
0.12	3.908705038535842e-7
0.13	4.132206149099088e-7
0.14	4.372655622311837e-7
0.15	4.6158036836630765e-7
0.16	7.951264991968798e-7
0.17	9.802999329290625e-7
0.18	1.2680135214725277e-6
0.19	1.75544407655102e-6
0.2	2.6944672364475624e-6
0.21	4.926980775519681e-6
0.22	0.00001294268355678893
0.23	0.00012011858557888356
0.24	0.1208187464569086
0.25	0.7410022414037902
0.26	0.777578652014756
0.27	0.7331136556268456
0.28	0.9535440328763385
0.29	0.89775661641998
0.3	0.35108342506677453
0.31	0.994814846776685
0.32	0.7319537259417179
0.33	0.9362776835976998
0.34	0.9553764482077685
0.35000000000000003	0.8455111485827712
0.36	0.9756013979188156
0.37	0.8465679937721209
0.38	0.8966340823270605
0.39	0.908043440871466
0.4	0.8208383588876047
0.41000000000000003	0.6651409247564957
0.42	0.8510178698393838
0.43	0.2364849964545761
0.44	0.12273652731743445
0.45	0.8932317635179421
0.46	0.9242138734822353
0.47000000000000003	0.48170046536500166
0.48	1.3883888232449746
0.49	1.4239203843552797
0.5	1.1735824983967118
0.51	0.6273319307510137
0.52	1.3137193262069586
0.53	1.4912930695986404
0.54	0.831858986326452
0.55	1.4511923615956321
0.56	1.3507587763454265
0.5700000000000001	1.3346910092943651
0.58	1.2980301324504873
0.59	1.8301053215627956
0.6	1.7422042349171112
0.61	1.822906850757391
0.62	1.597512534308225
0.63	1.836591959940871
0.64	1.468603204114312
0.65	1.4866534612024807
0.66	1.6753957867732563
0.67	1.667531435522588
0.68	1.7189363277386018
0.6900000000000001	1.4381467135599286
0.7000000000000001	1.8089608599983442
0.71	1.6166092132832466
0.72	1.5601503092436861
0.73	1.8415048483679157
0.74	1.805779247685884
0.75	1.7907554473368386
0.76	1.6832467383620764
0.77	1.9074132089335738
0.78	1.4699186036008418
0.79	1.6565017249338287
0.8	1.4913026999633614
0.81	1.7268526306851673
0.8200000000000001	1.672507676032707
0.8300000000000001	1.7920179562479168
0.84	1.7132705390263387
0.85	0.45478302004146265
0.86	0.7568916179302514
0.87	1.3939383873033862
0.88	1.8719861276997705
0.89	2.14629512786959
0.9	1.3719256394755885
0.91	1.7100990538247045
0.92	1.6047461440720625
0.93	1.573152424331141
0.9400000000000001	1.70001750766972
0.9500000000000001	1.8554426572623204
0.96	2.208844355405435
0.97	2.158182985815645
0.98	2.361663648436923
0.99	2.331139333518489
1.	1.8893069762391703
1.01	1.5817868963676496
1.02	2.4883169986102307
1.03	2.1677635909729993
1.04	1.656044990128176
1.05	0.019507066916364946
1.06	0.6495309980193279
1.07	0.24866162171954365
1.08	1.0423792523902433
1.09	0.5058474404528224
1.1	0.7530366265513799
1.11	1.5342451384640419
1.12	1.5900538583339747
1.1300000000000001	1.701691772309727
1.1400000000000001	1.878977239278992
1.1500000000000001	1.8776023121703833
1.16	1.7059185540151105
1.17	1.846680875282261
1.18	2.0424361314853616
1.19	1.80917895621993
1.2	1.6926073769418157
1.21	1.6281316774936723
1.22	1.7249309904418253
1.23	1.702749734689061
1.24	2.0280666933389053
1.25	2.065796227218557
1.26	2.035585459181805
1.27	1.7586638439202267
1.28	1.5940972463771308
1.29	2.226418789734364
1.3	1.7100386855580556
1.31	1.7684181378549186
1.32	1.8368976552035723
1.33	1.4193037444752012
1.34	2.5208589639762256
1.35	2.0015684896525254
1.36	1.471924717021675
1.37	1.8655951431495685
1.3800000000000001	1.6102671814716278
1.3900000000000001	2.019121738762486
1.4000000000000001	1.3146437035655332
1.41	2.0682596303136913
1.42	1.333576594202891
1.43	1.5474056457864371
1.44	2.022791242090536
1.45	1.7192392387851418
1.46	1.674824749205631
1.47	1.6320357127818537
1.48	0.9450177871302106
1.49	0.9124252759529528
1.5	1.1794076709828905
1.51	1.8016482275186179
1.52	1.3127119496974178
1.53	1.4922916564525979
1.54	1.4541550718546206
1.55	1.060924380973694
1.56	1.5227389718246842
1.57	1.5446024749857257
1.58	1.2775171268528491
1.59	1.745301116834051
1.6	1.3048243205852232
1.61	1.4176532294588906
1.62	1.5127268341814393
1.6300000000000001	2.0445850382907933
1.6400000000000001	1.52009373230893
1.6500000000000001	1.341150846600292
1.6600000000000001	1.4671502108176302
1.67	1.3460048624592778
1.68	0.9575285538127152
1.69	1.7100416737956614
1.7	1.4311526241325598
1.71	0.525748940121894
1.72	1.4499585151175332
1.73	0.42496682272666675
1.74	0.0894223170458126
1.75	1.2742657111162927
1.76	0.6020692142951276
1.77	0.7195911262483253
1.78	0.2449807704412703
1.79	1.0484796533792031
1.8	1.355756781286413
1.81	0.9255217688281936
1.82	0.5899973241334209
1.83	0.794019627257422
1.84	1.2248058386832956
1.85	1.2450505554465656
1.86	1.671007227443215
1.87	1.5409068490209201
1.8800000000000001	1.0296635021043732
1.8900000000000001	1.5381121699529652
1.9000000000000001	1.3042394356984728
1.9100000000000001	1.4088081652507245
1.92	1.2789955852631274
1.93	1.3917376447366225
1.94	1.5582605858647773
1.95	1.141965906452059
1.96	1.1352147996152402
1.97	1.3817882432946402
1.98	1.4068905946805845
1.99	0.8761272945810814
2.	1.1327161424152108
2.0100000000000002	1.3240664772490465
2.02	1.7531778726821177
2.0300000000000002	1.4250065909519503
2.04	1.839838583078177
2.05	1.4247722485807377
2.06	0.9893439076425439
2.07	1.559625195072118
2.08	1.1116865645038003
2.09	1.4677666008770074
2.1	1.128334957718033
2.11	1.4007375894839464
2.12	1.0389459880319445
2.13	1.285964813236154
2.14	1.4424273319892547
2.15	1.2323104608920892
2.16	1.2010034089799007
2.17	0.8342496850607809
2.18	0.8164810442728995
2.19	1.8045014748567674
2.2	0.6576896963456401
2.21	1.0108237134904074
2.22	0.9796976800415313
2.23	1.6807531134994989
2.24	1.4582872439885444
2.25	1.3114412242604079
2.2600000000000002	0.9181630134785045
2.27	1.2881583604602023
2.2800000000000002	0.2209835780968187
2.29	0.9715423047163247
2.3000000000000003	1.2716142187450739
2.31	0.7316303868017686
2.32	0.8197308143415059
2.33	0.8072149343278647
2.34	0.8896861722166968
2.35	0.5953109551400522
2.36	0.9901782317156413
2.37	0.8900648791523681
2.38	0.6357157887158709
2.39	0.9359480513873927
2.4	0.350814931407193
2.41	0.525151039873037
2.42	0.13597761984465853
2.43	0.31794640894402165
2.44	0.16670228286398212
2.45	0.08538417777974439
2.46	0.29176619044030633
2.47	0.7922443583190626
2.48	0.5769047340075546
2.49	0.4296293340766566
2.5	0.25332760702081925
2.5100000000000002	0.26823783573190907
2.52	0.1978122103046764
2.5300000000000002	0.4671607042978244
2.54	0.47358915771379895
2.5500000000000003	0.7396708030414788
2.56	0.9885378412377944
2.57	0.646462305429465
2.58	0.6556544495476175
2.59	0.7066689763216967
2.6	0.45262847684585195
2.61	0.16895025809880565
2.62	0.11579463783143512
2.63	0.07003533757244362
2.64	0.35894214347648035
2.65	0.5183169352292516
2.66	0.947813258260984
2.67	0.7992977771556858
2.68	0.8987186468179637
2.69	0.6524797615757167
2.7	0.8255746975037388
2.71	0.29935815670886456
2.72	0.3545147833754285
2.73	0.6474147958806385
2.74	0.12446398652325907
2.75	0.3123423216838524
2.7600000000000002	0.7029830061429809
2.77	0.267955905837147
2.7800000000000002	0.21801347574202645
2.79	0.43015418103812597
2.8000000000000003	0.666099453171697
2.81	0.7505694061844146
2.82	0.05953244784330271
2.83	0.15205009375861778
2.84	0.07976087302254965
2.85	0.0003181222158326171
2.86	0.000016530529220860175
2.87	4.974731367405091e-6
2.88	2.3536256350193205e-6
2.89	1.3641217390669406e-6
2.9	8.878212807029199e-7
2.91	6.229506265441605e-7
2.92	4.6078984962891224e-7
2.93	3.544374053656129e-7
2.94	2.809802186693581e-7
2.95	2.2815184476009116e-7
2.96	1.8890693129893767e-7
2.97	1.5896644995138106e-7
2.98	1.3561058268108286e-7
2.99	1.1704400702395742e-7
3.	1.0204323486311978e-7