0.	2.799992136134792e-7
0.01	2.808076171703403e-7
0.02	2.8325712030298426e-7
0.03	2.8742223722838907e-7
0.04	2.9343295100301566e-7
0.05	3.014843636642287e-7
0.06	3.118519458740675e-7
0.07	3.249145760912676e-7
0.08	3.411889489517667e-7
0.09	3.613812239848264e-7
0.1	3.864657133109708e-7
0.11	4.1780739334218064e-7
0.12	4.573579435195004e-7
0.13	5.079799454786424e-7
0.14	5.740044018634619e-7
0.15	6.622351707292424e-7
0.16	7.571370796633832e-7
0.17	9.155015244067632e-7
0.18	1.1508335972177055e-6
0.19	1.5264439120903665e-6
0.2	2.1945308038866363e-6
0.21	3.62204077500637e-6
0.22	8.04268937865003e-6
0.23	0.00004984374967154125
0.24	0.10607137664611699
0.25	0.14479031766699357
0.26	0.4372945402442645
0.27	0.4766182009717612
0.28	0.30222504616820967
0.29	0.3891086264761936
0.3	0.6182377401506831
0.31	0.7298490247486515
0.32	0.9431359712422991
0.33	0.8005530190407713
0.34	0.8151383750096274
0.35000000000000003	0.9197902711270708
0.36	0.9867502694476888
0.37	0.9455304262031489
0.38	0.9282935667178263
0.39	0.9549094420950803
0.4	0.881452240405286
0.41000000000000003	0.8024649879345429
0.42	0.3172132929052792
0.43	1.3306615124381937
0.44	0.9269075111195909
0.45	1.27820798528065
0.46	1.207573674881373
0.47000000000000003	1.510553934160268
0.48	1.5138439295923694
0.49	1.6571524933964965
0.5	1.6174550188305328
0.51	1.654837608051469
0.52	1.552659208321191
0.53	1.7134405587603403
0.54	1.5733003938829158
0.55	1.672329788021276
0.56	1.930309215199426
0.5700000000000001	1.425675172986416
0.58	1.8087281408553546
0.59	1.7042005518351377
0.6	1.6261655062649247
0.61	1.3428079535444395
0.62	1.5352281410948452
0.63	1.489123197881655
0.64	1.4859085135900467
0.65	1.4464533961846269
0.66	1.6138089244131428
0.67	1.6510277582120882
0.68	1.3591979530673683
0.6900000000000001	1.3566697755948254
0.7000000000000001	1.3678014440220738
0.71	1.5110005073143886
0.72	1.3103657177299084
0.73	1.3818306879339768
0.74	1.7457786547936722
0.75	1.6745084428192674
0.76	1.7305269006410302
0.77	1.7331151825195128
0.78	1.332371142916367
0.79	1.3449515976850925
0.8	1.5616101280177284
0.81	1.3040896623048819
0.8200000000000001	1.3470673313903931
0.8300000000000001	1.6276384838228877
0.84	1.7001621015681172
0.85	0.7450158165649086
0.86	1.0235382684093572
0.87	1.7645036237077845
0.88	2.347648500037236
0.89	1.139617799347839
0.9	1.8785330231213526
0.91	2.0728390827467207
0.92	1.7309388873215787
0.93	1.6635790881284922
0.9400000000000001	2.2376830986678984
0.9500000000000001	1.5076471171642156
0.96	2.1049796431680994
0.97	1.8426903721154058
0.98	2.245989660132847
0.99	2.303699701743182
1.	1.7592372773071079
1.01	2.3942294134704163
1.02	2.0397867025588883
1.03	1.362740713506421
1.04	1.3045898090103207
1.05	1.0462894310383601
1.06	0.14845764625130264
1.07	0.5386122171304256
1.08	0.07857652922853792
1.09	0.9753847442356133
1.1	1.091473458941131
1.11	1.1882364309986915
1.12	1.516656036583346
1.1300000000000001	1.04350299265165
1.1400000000000001	1.6545708113255393
1.1500000000000001	1.6275316490198724
1.16	2.139707456027717
1.17	1.2301095944021014
1.18	1.3296557444397368
1.19	2.1257353947758686
1.2	1.8077942054967537
1.21	2.151577931167527
1.22	1.502283513265102
1.23	1.3553056597280055
1.24	1.5437288211411562
1.25	2.0938720208868107
1.26	1.57346034352326
1.27	1.7168247632692348
1.28	1.9707953214159426
1.29	1.8834315766169414
1.3	1.3280184466858207
1.31	1.552539871571942
1.32	1.8013446795225159
1.33	1.8625022757304106
1.34	1.5324188558464158
1.35	2.467763746119284
1.36	1.8600914775449033
1.37	1.5018350447478288
1.3800000000000001	2.304853057970222
1.3900000000000001	2.0415777025923934
1.4000000000000001	1.5306759204497817
1.41	1.8309636161984173
1.42	2.0595013093959507
1.43	2.2770184530324022
1.44	1.2922867765013053
1.45	1.2573521728123565
1.46	1.2255043704898934
1.47	2.040308692180308
1.48	1.3409386891153963
1.49	1.8811779792853862
1.5	1.537389179564155
1.51	1.6513418184274076
1.52	2.2783309313888367
1.53	1.2821430292804994
1.54	1.6361516064494603
1.55	1.577492545918765
1.56	1.6498832816827234
1.57	1.8798534319539293
1.58	1.4009799971560142
1.59	1.6016017426468694
1.6	1.9538568933184646
1.61	1.6730977810746754
1.62	1.4807053953863312
1.6300000000000001	1.5992631640189958
1.6400000000000001	1.6869793167165417
1.6500000000000001	1.2365821355266662
1.6600000000000001	1.8382615809222322
1.67	0.9855749240238185
1.68	1.318271969951506
1.69	0.6999606804875667
1.7	1.577209902807438
1.71	2.133607436662796
1.72	0.07863885120111913
1.73	1.064982395338781
1.74	0.9514828680034708
1.75	1.1114860643208502
1.76	0.43445506582744997
1.77	0.3223709261660095
1.78	0.23367221913761904
1.79	0.4055737255157033
1.8	0.8183542324012467
1.81	0.8634570304859017
1.82	0.9313252849590085
1.83	1.354611344971659
1.84	1.0520339163892816
1.85	1.0664521754981204
1.86	0.8202626467982955
1.87	1.1639986858338498
1.8800000000000001	1.002370882957921
1.8900000000000001	1.1718578457636588
1.9000000000000001	1.2728780918968985
1.9100000000000001	1.472531117842297
1.92	1.2884528198174263
1.93	1.5800417940776974
1.94	1.4913323842664425
1.95	1.3234277156624024
1.96	1.8882685632462137
1.97	1.4105078902240902
1.98	1.8607099406654521
1.99	1.581544289058613
2.	1.6508530057616817
2.0100000000000002	1.4412065694748255
2.02	1.123476327075858
2.0300000000000002	0.9680006703746414
2.04	0.9982380583156523
2.05	0.5482626690770785
2.06	0.8372653141324384
2.07	1.0557166131826161
2.08	1.4216591178074554
2.09	1.304212798153792
2.1	1.494173373845134
2.11	1.0339997491158384
2.12	1.3911296345031525
2.13	1.5442186199967065
2.14	1.596619947618958
2.15	1.1314337437115531
2.16	0.9523013775667774
2.17	1.2184221551158254
2.18	1.042580627866518
2.19	0.8123688057726379
2.2	0.8169701694597713
2.21	0.8284721294484488
2.22	1.4194964471493394
2.23	1.0781103250306532
2.24	0.8924991744306934
2.25	1.2747104690293414
2.2600000000000002	1.2463244417478214
2.27	0.8237694056070561
2.2800000000000002	0.9513040106981853
2.29	0.9934667560306057
2.3000000000000003	1.5418127880966384
2.31	1.0609754767385948
2.32	1.162416082011499
2.33	0.5518196781733711
2.34	0.8721049683425622
2.35	0.8203166795451468
2.36	1.1194149954500767
2.37	0.4049910400430579
2.38	0.6763897601821379
2.39	0.48959942433073955
2.4	0.6736379753246281
2.41	0.25974861346978084
2.42	0.1698188900975489
2.43	0.055155851123239064
2.44	0.20184375546018307
2.45	0.0337012975738396
2.46	0.13338005950516318
2.47	0.4347210984273153
2.48	0.5492814383727145
2.49	0.7284435906198414
2.5	0.5716192853074669
2.5100000000000002	0.6021102774676041
2.52	0.5679207048036419
2.5300000000000002	0.6807647037260685
2.54	0.8695448367902965
2.5500000000000003	0.9119203430202315
2.56	0.749940397211578
2.57	0.7614716374375857
2.58	0.527095603369807
2.59	0.7433943178128206
2.6	0.632373454345678
2.61	0.647654572158338
2.62	0.9026802912663302
2.63	0.784843393806496
2.64	0.9754025803582986
2.65	0.7090355466613463
2.66	0.9443372759817635
2.67	0.8170913263991764
2.68	0.3626464033217558
2.69	0.47054115420599407
2.7	0.7166986561522828
2.71	0.5825388436304411
2.72	0.7662151587824526
2.73	0.196865985874922
2.74	0.6737538404879277
2.75	0.6432822451274012
2.7600000000000002	0.24717447274227117
2.77	0.34799585593892923
2.7800000000000002	0.24883796159237637
2.79	0.12797235542525018
2.8000000000000003	0.18281909250451278
2.81	0.2763288127473693
2.82	0.7691710897735817
2.83	0.08276719970774798
2.84	0.15618461324143595
2.85	0.0002642499475931266
2.86	0.000016530529220860175
2.87	4.974731367405091e-6
2.88	2.3536256350193205e-6
2.89	1.3641217390669406e-6
2.9	8.878212807029199e-7
2.91	6.229506265441605e-7
2.92	4.6078984962891224e-7
2.93	3.544374053656129e-7
2.94	2.809802186693581e-7
2.95	2.2815184476009116e-7
2.96	1.8890693129893767e-7
2.97	1.5896644995138106e-7
2.98	1.3561058268108286e-7
2.99	1.1704400702395742e-7
3.	1.0204323486311978e-7