0.	2.79999954094891e-7
0.01	2.806376555982988e-7
0.02	2.825641033896213e-7
0.03	2.858128868297456e-7
0.04	2.904205640192252e-7
0.05	2.964275438476934e-7
0.06	3.03867421180698e-7
0.07	3.1274667641684424e-7
0.08	3.2300708368472586e-7
0.09	3.344564197026913e-7
0.1	3.4663993244018704e-7
0.11	3.5859864699106e-7
0.12	3.6840572318602564e-7
0.13	3.722534231547804e-7
0.14	3.625946891161084e-7
0.15	3.242021787014693e-7
0.16	7.025157141181578e-7
0.17	8.361698683439912e-7
0.18	1.0327930389773998e-6
0.19	1.3448698349090056e-6
0.2	1.9006548635518366e-6
0.21	3.0973713326342557e-6
0.22	6.789878935668532e-6
0.23	0.000037096887384556216
0.24	0.09000532407875639
0.25	0.15724704560484515
0.26	0.8595312141773284
0.27	0.7726947304720444
0.28	0.4493514981783977
0.29	0.6558102071691396
0.3	0.9901295690708931
0.31	0.7400988295170288
0.32	0.7057893826562721
0.33	0.9401521210083181
0.34	0.738051359910595
0.35000000000000003	0.851506040828099
0.36	0.7299899803308496
0.37	0.6496105844303406
0.38	0.9526482803199159
0.39	0.9150200154392998
0.4	0.8233951010598403
0.41000000000000003	0.4558886800580415
0.42	1.9999256456813368
0.43	0.27298611483753477
0.44	0.35719133072796616
0.45	0.612772397414473
0.46	0.3546787550416457
0.47000000000000003	0.2617114018159636
0.48	1.4296718681716356
0.49	1.688169767967935
0.5	1.200729384806792
0.51	1.350528779908809
0.52	1.039152712931417
0.53	0.7375151329774241
0.54	0.781155992468616
0.55	1.5828042361332464
0.56	1.552009709906875
0.5700000000000001	1.0661852080403527
0.58	1.328404451803003
0.59	1.1387771204528747
0.6	1.2967296553437615
0.61	1.3947254531054676
0.62	1.2909023314215629
0.63	0.8975228644162687
0.64	1.2798120277474143
0.65	1.0877401844375516
0.66	0.30965418843181897
0.67	1.1966578198710245
0.68	1.5685017086746043
0.6900000000000001	1.4515164059394439
0.7000000000000001	1.3631537644735308
0.71	1.7039340707243373
0.72	1.400719335327067
0.73	1.6835357249158842
0.74	1.3928908670256637
0.75	1.469012614678661
0.76	1.1517438675353242
0.77	1.2591635048138863
0.78	1.5564797396227217
0.79	1.702603033666881
0.8	1.619234510323028
0.81	1.9117350889569318
0.8200000000000001	1.445239517457636
0.8300000000000001	1.6366184766438738
0.84	1.3152093445800785
0.85	1.2057437081699582
0.86	2.001869543836797
0.87	0.27360525091314014
0.88	1.5357228645076557
0.89	0.2388370860270287
0.9	0.9016877911596795
0.91	2.073404764706059
0.92	1.8593695056707737
0.93	2.0756304433102564
0.9400000000000001	1.4868717205302446
0.9500000000000001	2.0046249475539435
0.96	2.0811413269446373
0.97	2.247805885612129
0.98	2.1322955154156435
0.99	2.27694842721829
1.	2.2566622609483344
1.01	1.8444282361401942
1.02	1.8550572624553996
1.03	2.040651654586259
1.04	0.9656772674750916
1.05	0.26798840268772167
1.06	0.6339120281073555
1.07	0.5890536136079744
1.08	0.6419480880188799
1.09	0.988307668386653
1.1	0.6521797856256832
1.11	1.3224760583511814
1.12	0.8834618313901693
1.1300000000000001	1.3215838585424058
1.1400000000000001	0.8600134525225203
1.1500000000000001	0.7133462635096253
1.16	1.0690327616504944
1.17	1.6839869814215203
1.18	1.7419045268901114
1.19	1.6754323595375706
1.2	1.7749678043350976
1.21	1.28365756945223
1.22	1.3809690520274378
1.23	1.7851130247126308
1.24	2.000627902097779
1.25	1.9497590033683823
1.26	1.5768258463390437
1.27	1.7610934084673668
1.28	1.9661067609460514
1.29	1.5415507394510792
1.3	1.7548408243039655
1.31	1.3452643862824134
1.32	2.0599869738886856
1.33	1.4874242689518047
1.34	2.3177025487934593
1.35	1.9242757036039797
1.36	1.4061634803659933
1.37	2.298433595495341
1.3800000000000001	1.613827768591205
1.3900000000000001	1.7283528638976173
1.4000000000000001	1.9468214687499703
1.41	1.8179166844452297
1.42	1.1543477045302093
1.43	1.5127027609587576
1.44	1.5564464670984979
1.45	1.1294698216202788
1.46	1.9362462926223596
1.47	1.3651257257806644
1.48	1.3750147947025906
1.49	1.6240487703072108
1.5	1.0471622303110784
1.51	1.7290140820583364
1.52	1.362037452943047
1.53	1.712427141402891
1.54	1.6011899138114631
1.55	1.758848803135142
1.56	1.109490756610834
1.57	1.3558663155668507
1.58	1.5281976724296373
1.59	1.5494653978199422
1.6	2.032069256300672
1.61	1.9363746818222674
1.62	2.0698203269175925
1.6300000000000001	1.5794682185551912
1.6400000000000001	0.7359864655955004
1.6500000000000001	0.9898899269770944
1.6600000000000001	1.6520761773481265
1.67	1.5562110068844655
1.68	1.1999188510423036
1.69	1.2552047203599375
1.7	1.5486051085669734
1.71	0.8915316624301887
1.72	0.8755383753570394
1.73	1.6912757379389765
1.74	0.5431750816622762
1.75	0.14567617161382673
1.76	0.6485845205908563
1.77	0.2903933606770399
1.78	2.0000116105401613
1.79	1.4506604375293217
1.8	0.6386564549329888
1.81	1.0383288728124611
1.82	0.5466454208125109
1.83	0.7528431505230405
1.84	0.5792985922987837
1.85	1.521512318896902
1.86	1.4207785722492292
1.87	1.0007860481724393
1.8800000000000001	1.5255315347868852
1.8900000000000001	0.9618481839991874
1.9000000000000001	0.9695185505314048
1.9100000000000001	1.2787952035113248
1.92	1.5166740743872713
1.93	1.4680105385014268
1.94	1.3032814301411246
1.95	1.4369830158434054
1.96	1.7857880020115147
1.97	1.399306604489529
1.98	1.041962164140512
1.99	0.9764166092680928
2.	1.3518574774787426
2.0100000000000002	1.3739775544978672
2.02	1.560129062779743
2.0300000000000002	1.510962115358884
2.04	0.9281445962680114
2.05	0.7245728652465938
2.06	0.9215960983676819
2.07	1.3392285424501922
2.08	1.2275167541109167
2.09	1.246577303629115
2.1	1.3460498786250394
2.11	1.376878194066185
2.12	1.3506801184794026
2.13	0.9769006446129065
2.14	1.4837015604776589
2.15	1.7838615038514078
2.16	1.16023273807574
2.17	0.9798715936986561
2.18	0.7783463382985525
2.19	1.5164332441654185
2.2	0.6570391109434269
2.21	1.354046581032717
2.22	1.5588743378799104
2.23	0.811703310639616
2.24	1.1576520866434894
2.25	0.8226079271195668
2.2600000000000002	1.0957984380417334
2.27	1.3570564078051728
2.2800000000000002	0.6915778784425004
2.29	0.3826854502597031
2.3000000000000003	0.7523271389018295
2.31	1.1741956534809246
2.32	1.54874102004951
2.33	0.24496491896638295
2.34	0.8783161905320686
2.35	0.8005133552166218
2.36	0.13358106026253236
2.37	0.8168935923796383
2.38	0.27020092429224885
2.39	0.06539989527938794
2.4	0.5028252453317246
2.41	0.022113423210071703
2.42	0.7976705737356751
2.43	0.0608088542941205
2.44	0.08493660211087799
2.45	0.21347428495394546
2.46	0.5104169032127926
2.47	0.9651582571516399
2.48	0.7824037558904998
2.49	0.7220835341398522
2.5	0.27803685644757525
2.5100000000000002	0.6804502603366522
2.52	0.794741641504964
2.5300000000000002	0.6439032567492982
2.54	0.6998800920139381
2.5500000000000003	0.6231981234729366
2.56	0.8735337481042268
2.57	0.3976483455069284
2.58	0.6762134958140319
2.59	0.5412237909064335
2.6	0.5762583581314008
2.61	0.40857979454475235
2.62	0.5535475507864683
2.63	0.8774457065526591
2.64	0.12678516918178862
2.65	0.5745568172967259
2.66	0.903710138366761
2.67	0.3401414511115908
2.68	0.1032149678149068
2.69	0.31390314203292524
2.7	0.9847638301447214
2.71	0.27836712097607086
2.72	0.0765383024800439
2.73	0.32028049328049857
2.74	0.17470621745633608
2.75	0.6138773001623279
2.7600000000000002	0.1348892533832604
2.77	0.18091071828511515
2.7800000000000002	0.5167022644334676
2.79	0.9260412595139198
2.8000000000000003	0.05763722610488661
2.81	0.4767812802447233
2.82	0.30354370231344063
2.83	0.10365232443327699
2.84	0.035310910229114256
2.85	0.0004961984357634425
2.86	0.000016530529220860175
2.87	4.974731367405091e-6
2.88	2.3536256350193205e-6
2.89	1.3641217390669406e-6
2.9	8.878212807029199e-7
2.91	6.229506265441605e-7
2.92	4.6078984962891224e-7
2.93	3.544374053656129e-7
2.94	2.809802186693581e-7
2.95	2.2815184476009116e-7
2.96	1.8890693129893767e-7
2.97	1.5896644995138106e-7
2.98	1.3561058268108286e-7
2.99	1.1704400702395742e-7
3.	1.0204323486311978e-7