0.	2.79999954094891e-7
0.01	2.8079339133590095e-7
0.02	2.831994460853552e-7
0.03	2.8728957252500776e-7
0.04	2.9318496668017656e-7
0.05	3.0106612726407916e-7
0.06	3.1118534474540484e-7
0.07	3.238850399339559e-7
0.08	3.3962417341380494e-7
0.09	3.590160811220406e-7
0.1	3.8288276689086365e-7
0.11	4.123331248412416e-7
0.12	4.4887594930390134e-7
0.13	4.945826346204481e-7
0.14	5.523169114417424e-7
0.15	6.260401512097902e-7
0.16	7.951264991968798e-7
0.17	9.802999329290625e-7
0.18	1.2680135214725277e-6
0.19	1.75544407655102e-6
0.2	2.6944672364475624e-6
0.21	4.926980775519681e-6
0.22	0.00001294268355678893
0.23	0.00006690946295080723
0.24	0.015480798994141232
0.25	0.743482753430202
0.26	0.6743538982730947
0.27	0.2664302785327086
0.28	0.6752882181027644
0.29	0.31757034871682344
0.3	0.5553202266671511
0.31	0.8744210093712775
0.32	0.6902392492583629
0.33	0.926691188233301
0.34	0.7359788677178956
0.35000000000000003	0.8635593751244279
0.36	0.9423601880829208
0.37	0.73637692886237
0.38	0.7281568154449235
0.39	0.8928896526923864
0.4	0.7037460790092952
0.41000000000000003	0.7067267877995362
0.42	1.9999256456813368
0.43	1.0423968240411867
0.44	0.9553019034263284
0.45	1.0544731524755604
0.46	1.0012738764624165
0.47000000000000003	0.924872455387077
0.48	1.0781466135344209
0.49	1.2337991406226145
0.5	1.5601850028773012
0.51	1.2215599640623438
0.52	1.014373932979207
0.53	1.1399904733284543
0.54	0.5772610619883367
0.55	1.4916998313295946
0.56	1.4887731078843882
0.5700000000000001	1.3641981554998786
0.58	1.4371671601153335
0.59	1.8530250442071161
0.6	1.3700962903829386
0.61	1.2622252569016048
0.62	1.5418960232410743
0.63	1.6429545736538602
0.64	1.7375486306617005
0.65	1.5159863125996296
0.66	1.3870721182270216
0.67	1.7358499334800446
0.68	1.406096098738216
0.6900000000000001	1.2843621422515685
0.7000000000000001	1.467858281875609
0.71	1.5142402994207629
0.72	1.76931587172921
0.73	1.593627783921093
0.74	1.1967394174742347
0.75	1.544919790417889
0.76	1.7712293430417914
0.77	1.6463042296074961
0.78	1.9154929419984816
0.79	1.8150852792893368
0.8	1.4892249280684535
0.81	1.5353038671756074
0.8200000000000001	1.8738759492300514
0.8300000000000001	1.3717870617821006
0.84	1.5314360821095798
0.85	0.34025348906455477
0.86	0.6636827714945621
0.87	0.9819005103738982
0.88	1.6102622301904006
0.89	1.289431679996383
0.9	1.4546606445041133
0.91	2.57899687057498
0.92	1.7322798348120136
0.93	1.0329439574998394
0.9400000000000001	2.3736510229420893
0.9500000000000001	1.6964983159699205
0.96	2.4782040476801925
0.97	2.0626713182407768
0.98	2.425980687082431
0.99	1.6884811243470872
1.	2.6273783398629504
1.01	2.4554203401574886
1.02	2.244278172778774
1.03	2.302571761442677
1.04	1.3895474447579825
1.05	0.7046970995586264
1.06	0.8242948647529771
1.07	0.21607619657204308
1.08	0.27213240474892963
1.09	0.9907124464581202
1.1	0.4899333865321405
1.11	0.6159262236954156
1.12	0.7228079394514932
1.1300000000000001	0.9613954142032386
1.1400000000000001	1.8034686039816958
1.1500000000000001	1.9118606815165105
1.16	1.280727259594022
1.17	2.0896213387088416
1.18	1.7516381465903312
1.19	1.6004030885702658
1.2	2.079087717431033
1.21	1.5690660948579311
1.22	1.303563502354775
1.23	1.5680544117418669
1.24	1.75589756829676
1.25	1.9456326160624955
1.26	1.9952245361768606
1.27	2.0484052937841546
1.28	1.5758673142530624
1.29	1.4047771971014782
1.3	2.0240561044832135
1.31	1.577360969950498
1.32	1.5911741265819177
1.33	1.9132203901958156
1.34	1.8539157416563627
1.35	2.2308771375305056
1.36	1.3619935709802102
1.37	1.8425482507220599
1.3800000000000001	1.861759041359969
1.3900000000000001	1.489927352731742
1.4000000000000001	1.3513227878851763
1.41	1.6467108310331873
1.42	1.781004935748602
1.43	1.3741931720383649
1.44	1.008403653083054
1.45	1.6077902456848294
1.46	1.865004954853859
1.47	1.2899621268247023
1.48	1.993765034131949
1.49	2.188085761410913
1.5	1.841997205775739
1.51	1.4844017998270485
1.52	1.5028299950475739
1.53	1.5394041909374256
1.54	1.5049272368457314
1.55	1.8239863341774976
1.56	2.1903675764686055
1.57	1.8184109606520331
1.58	1.7952725236788467
1.59	1.0409295420593032
1.6	1.8348788758663022
1.61	1.6646362823978915
1.62	1.2179480638150593
1.6300000000000001	1.1465037109860532
1.6400000000000001	1.4905043845933985
1.6500000000000001	0.4458929195722934
1.6600000000000001	1.889143357134297
1.67	1.1690721237446962
1.68	1.356825757641018
1.69	2.085964921588146
1.7	1.1549892019308192
1.71	0.6048855196872207
1.72	0.7576001869892486
1.73	0.7244902222599201
1.74	0.4535620987405258
1.75	0.8699443039931154
1.76	0.6826512220640666
1.77	0.7788694103266376
1.78	0.7926018727532969
1.79	0.8021953379859266
1.8	0.9550181633608967
1.81	0.6277229170395119
1.82	0.7186301381234129
1.83	0.8991901022841087
1.84	0.7962115715324352
1.85	1.2040270574329353
1.86	0.8889568072224128
1.87	1.2577928329247101
1.8800000000000001	1.2499202694381897
1.8900000000000001	1.3011501639382121
1.9000000000000001	0.9267095846548201
1.9100000000000001	1.0360750156651488
1.92	1.2166071063362
1.93	1.3917677177399779
1.94	1.1819144890043902
1.95	0.9467205623205084
1.96	1.7784832522272391
1.97	1.3966814925035402
1.98	1.63087858747536
1.99	1.7411753344855738
2.	1.2512900691435436
2.0100000000000002	1.3620100004063507
2.02	1.4679692872750572
2.0300000000000002	1.470546924055598
2.04	1.0031619038139534
2.05	1.2448187159280377
2.06	1.2721359809520003
2.07	1.277118550270971
2.08	1.6611647464119514
2.09	1.4960692421578439
2.1	0.9908259931561626
2.11	1.4159826123195276
2.12	1.5399567414808668
2.13	1.2920120273551836
2.14	1.3500511471518983
2.15	1.0767255996262692
2.16	1.0559421181352637
2.17	0.7772021222678567
2.18	1.1796417019581686
2.19	1.1221131648161795
2.2	1.777232417009057
2.21	1.2332146158371977
2.22	0.6203512008261429
2.23	0.8820103122300306
2.24	0.7794156963767507
2.25	1.0024999931245273
2.2600000000000002	0.9689576116121459
2.27	0.964227322203577
2.2800000000000002	0.9521874539667595
2.29	1.3993630076080072
2.3000000000000003	1.1815910756433694
2.31	0.9667909614367416
2.32	0.9106909611682771
2.33	0.5641299762865262
2.34	1.3575608034377036
2.35	1.17051426139197
2.36	0.6424024455943262
2.37	0.5514505478169092
2.38	0.12169111373570436
2.39	0.5211649543740422
2.4	0.24509306943477704
2.41	0.07872876903837489
2.42	0.2198222301033257
2.43	0.0873753896387619
2.44	0.3148613513974868
2.45	0.08390085849194817
2.46	0.03214295089527608
2.47	0.25243401984643765
2.48	0.6405047742953851
2.49	0.44122618790787793
2.5	0.9388188597642562
2.5100000000000002	0.9320749886613013
2.52	0.9149902793314315
2.5300000000000002	0.4380032424089836
2.54	0.4473048501298309
2.5500000000000003	0.89709470670208
2.56	0.5091725290583261
2.57	0.5815349155753216
2.58	0.618494195824826
2.59	0.6338656656588427
2.6	0.8741165169402356
2.61	0.36921313011200274
2.62	0.11689743429928727
2.63	0.44568495489607873
2.64	0.4579955064152741
2.65	0.5047221599573609
2.66	0.19726907799573068
2.67	0.5732278033483045
2.68	0.8307602716803801
2.69	0.9827139123999752
2.7	0.5687531226571942
2.71	0.5707629796671374
2.72	0.9642185988157275
2.73	0.5188846711747086
2.74	0.5739058072051486
2.75	0.08454273732885653
2.7600000000000002	0.694480468377149
2.77	0.12846098394067207
2.7800000000000002	0.3377083892027688
2.79	0.11593780596041076
2.8000000000000003	0.029872770423107292
2.81	0.1218232507718664
2.82	0.23303686532152046
2.83	0.5253467420676412
2.84	0.0718017864565601
2.85	0.0004961984357634425
2.86	0.000016530529220860175
2.87	4.974731367405091e-6
2.88	2.3536256350193205e-6
2.89	1.3641217390669406e-6
2.9	8.878212807029199e-7
2.91	6.229506265441605e-7
2.92	4.6078984962891224e-7
2.93	3.544374053656129e-7
2.94	2.809802186693581e-7
2.95	2.2815184476009116e-7
2.96	1.8890693129893767e-7
2.97	1.5896644995138106e-7
2.98	1.3561058268108286e-7
2.99	1.1704400702395742e-7
3.	1.0204323486311978e-7