0.	2.79999954094891e-7
0.01	2.567139378081507e-7
0.02	1.8621663670362641e-7
0.03	6.638856930831533e-8
0.04	1.0780984371827611e-7
0.05	3.0153581024336483e-7
0.06	3.119349554925539e-7
0.07	3.250449157456985e-7
0.08	3.4139114112059353e-7
0.09	3.6169437736023e-7
0.1	3.869538088470745e-7
0.11	4.1857800667293e-7
0.12	4.5859751235116463e-7
0.13	5.100228132676567e-7
0.14	5.774740761164223e-7
0.15	6.683485209716337e-7
0.16	7.951264991968798e-7
0.17	9.802999329290625e-7
0.18	1.2680135214725277e-6
0.19	1.75544407655102e-6
0.2	2.6944672364475624e-6
0.21	4.926980775519681e-6
0.22	0.00001294268355678893
0.23	0.00012011858557888356
0.24	0.05773921029093021
0.25	0.7475672796543469
0.26	0.5192301047774303
0.27	0.9245440916379839
0.28	0.8460552715590022
0.29	0.8696269172856617
0.3	0.401325188141596
0.31	0.7919195221443238
0.32	0.9771939313145325
0.33	0.9806071758386724
0.34	0.5594248076511408
0.35000000000000003	0.6595668058690943
0.36	0.8912150966043458
0.37	0.7624071202645925
0.38	0.9687951674134487
0.39	0.8916089066287967
0.4	0.6593274713014607
0.41000000000000003	0.8052132965175707
0.42	0.6643433880417917
0.43	0.760109129070409
0.44	0.6409137420198818
0.45	0.07038951037259267
0.46	0.24740401162016812
0.47000000000000003	1.1425138448926697
0.48	1.2322975040413815
0.49	1.7312607142020526
0.5	1.2884090063400564
0.51	1.3102940684152324
0.52	1.4446714533202312
0.53	0.9766207701066842
0.54	1.4133975707760411
0.55	1.3564977031007774
0.56	1.1861673195938731
0.5700000000000001	1.4593536984928113
0.58	1.729105047742531
0.59	1.4661887586946698
0.6	1.5156755255804326
0.61	1.8120110242302436
0.62	1.3056488262857202
0.63	1.7300942349794737
0.64	1.379652683487705
0.65	1.662094987334844
0.66	1.9373673509835143
0.67	0.9935106020154256
0.68	1.5740502209531897
0.6900000000000001	1.5745992342003516
0.7000000000000001	1.6467957570875704
0.71	1.6999906767760686
0.72	1.7023046931827057
0.73	1.5528159539641209
0.74	1.5191888477548003
0.75	1.4590179363366507
0.76	1.5566127451802778
0.77	1.2028637901159722
0.78	1.5487136719187644
0.79	1.723015668993873
0.8	1.1770779406803427
0.81	1.2238663098281877
0.8200000000000001	1.5356637796130956
0.8300000000000001	1.4905989523543044
0.84	1.832772894443261
0.85	2.1015224372082955
0.86	1.7059288860242803
0.87	0.8476444743429762
0.88	1.042845938152729
0.89	2.108669828588117
0.9	1.0850317443452513
0.91	2.194480328515026
0.92	2.079673269359783
0.93	2.3398949896226924
0.9400000000000001	2.227144715354455
0.9500000000000001	2.1747172877827583
0.96	2.54765514412534
0.97	2.24301377690118
0.98	2.1390029665480688
0.99	2.2802341035977785
1.	2.8209203859439924
1.01	2.701139749905675
1.02	2.5510245879722633
1.03	2.122664328304553
1.04	1.5365259733765515
1.05	0.5180347551158009
1.06	0.2357288596651477
1.07	0.1733024059197516
1.08	0.9579313601657193
1.09	1.5863448017942066
1.1	0.8883730080348136
1.11	1.606217674586176
1.12	1.4633025284775973
1.1300000000000001	1.5202346261770825
1.1400000000000001	1.1441610070603099
1.1500000000000001	1.4753766828988113
1.16	1.6391758389558637
1.17	1.4137896839516397
1.18	1.237791790577044
1.19	1.9913907200716607
1.2	1.4536350200045651
1.21	2.131486732956251
1.22	1.950363035797626
1.23	1.376610241104641
1.24	1.6897559951531096
1.25	1.6794353352474831
1.26	1.4608354987904337
1.27	1.8138983413123153
1.28	1.5529852325422515
1.29	1.0926004676805892
1.3	1.57010894940845
1.31	1.6395911263935825
1.32	1.6530491141932997
1.33	2.1044247908673963
1.34	1.5616691754691132
1.35	1.5658578687432931
1.36	1.858606431349353
1.37	2.3134765714771888
1.3800000000000001	1.8729209246669858
1.3900000000000001	1.5532123256471952
1.4000000000000001	1.9515303739866743
1.41	1.9361317343064637
1.42	1.4589697847012855
1.43	1.5565882968812048
1.44	1.92118696336382
1.45	1.505561327348831
1.46	1.6255823297803427
1.47	2.2068554541849985
1.48	1.7634887722792083
1.49	1.6557876650951346
1.5	1.4989820455286598
1.51	0.8274544445980677
1.52	1.836711240317657
1.53	1.7767300931005803
1.54	1.6126029132945767
1.55	1.506401727973969
1.56	1.4949289638985774
1.57	0.8422644918874206
1.58	1.4507314014896613
1.59	1.0994826795276018
1.6	1.1063993649003612
1.61	1.5926709724741528
1.62	1.301561907577543
1.6300000000000001	1.78606958870865
1.6400000000000001	0.6792029368403059
1.6500000000000001	1.1917732862468178
1.6600000000000001	1.4646070727973308
1.67	1.1247019621956105
1.68	1.410096880019056
1.69	0.7208391756895538
1.7	1.093189995771164
1.71	1.0225567673253406
1.72	0.386316344101303
1.73	1.5080764118300047
1.74	0.8389625238323148
1.75	0.9207737332401922
1.76	0.3340911659406345
1.77	0.8032410296874356
1.78	0.5925185881791868
1.79	0.9235037198118102
1.8	0.49578077064401016
1.81	0.9065649358212134
1.82	0.7793251809231793
1.83	0.7139387012075114
1.84	1.196291394211097
1.85	1.0187127574090786
1.86	1.2453595123463028
1.87	1.6238250144060422
1.8800000000000001	1.1889260617444677
1.8900000000000001	1.0434608671288703
1.9000000000000001	1.4271709300947413
1.9100000000000001	1.1656898169770855
1.92	0.8048187622970082
1.93	1.133503026231953
1.94	1.032672666122894
1.95	1.638077425990008
1.96	0.9882359085591377
1.97	1.787645808951417
1.98	1.4538785860994756
1.99	1.072424112131658
2.	1.571720769917445
2.0100000000000002	1.6238472123906178
2.02	1.1667410881623423
2.0300000000000002	1.0453444247697372
2.04	1.542116759084359
2.05	1.2722479558496085
2.06	1.3527798080740403
2.07	0.8819777627930139
2.08	1.2652979366821597
2.09	0.8284957218583873
2.1	0.9662882007491302
2.11	1.3296249938796718
2.12	1.6634313533320921
2.13	1.326686708681203
2.14	1.539526476429265
2.15	1.63223768438852
2.16	1.794520091111774
2.17	1.0416467486260699
2.18	1.4876120292989952
2.19	1.1125792705599833
2.2	0.9480234577233103
2.21	0.6863132797205117
2.22	1.2082051265266451
2.23	1.0681586263330412
2.24	0.7993960162080781
2.25	1.2119432937688757
2.2600000000000002	0.7526993679041556
2.27	1.0463191453398064
2.2800000000000002	0.6999784909880418
2.29	0.537249938687326
2.3000000000000003	0.6571648150507463
2.31	0.8938932071653549
2.32	1.0231713025819877
2.33	0.7275135478108262
2.34	0.7830359517730694
2.35	0.8662185450824207
2.36	0.6692775799526411
2.37	0.0473975498503002
2.38	0.9436597253516592
2.39	0.32558507209895615
2.4	0.9724725295054375
2.41	0.12571140953427618
2.42	0.09497803353842374
2.43	0.3556321900791853
2.44	1.000003674670998
2.45	0.2128357625213652
2.46	0.3877355842008653
2.47	0.32095233258172867
2.48	0.48522855865711145
2.49	0.545438884951192
2.5	0.9367347394815027
2.5100000000000002	0.25047374741918893
2.52	0.6790458492196019
2.5300000000000002	0.6216086550721582
2.54	0.6388957121866529
2.5500000000000003	0.30158888399996275
2.56	0.9775560071161314
2.57	0.545277366033587
2.58	0.9834063462011772
2.59	0.5073115693995949
2.6	0.2595271180394447
2.61	0.6369494109711278
2.62	0.2990222451932078
2.63	0.9290655668678616
2.64	0.6075562551343883
2.65	0.3273794641269805
2.66	0.48502719046281184
2.67	0.5277961968695166
2.68	0.14695224276873198
2.69	0.43594879492642913
2.7	0.18394019817984086
2.71	0.664354539248349
2.72	0.20174219671078397
2.73	0.3652130310792381
2.74	0.6219395383211401
2.75	0.4340437998212563
2.7600000000000002	0.12611315374339416
2.77	0.147429107389895
2.7800000000000002	0.28078204565041265
2.79	0.08280467086554277
2.8000000000000003	0.9132192275914983
2.81	0.04331511820339329
2.82	0.17019413837278696
2.83	0.04765934761203505
2.84	0.10939891364338372
2.85	0.000016227326366618144
2.86	0.00001555684768751774
2.87	4.9068523386564515e-6
2.88	2.3536256350193205e-6
2.89	1.3641217390669406e-6
2.9	8.878212807029199e-7
2.91	6.229506265441605e-7
2.92	4.6078984962891224e-7
2.93	3.544374053656129e-7
2.94	2.809802186693581e-7
2.95	2.2815184476009116e-7
2.96	1.8890693129893767e-7
2.97	1.5896644995138106e-7
2.98	1.3561058268108286e-7
2.99	1.1704400702395742e-7
3.	1.0204323486311978e-7