0.	2.79999954094891e-7
0.01	2.807367459383059e-7
0.02	2.828751255767061e-7
0.03	2.8662319927494337e-7
0.04	2.920834935971503e-7
0.05	2.994076697468753e-7
0.06	3.0880532486483557e-7
0.07	3.20556272469705e-7
0.08	3.3502721097738295e-7
0.09	3.5269384799556695e-7
0.1	3.7416949972100054e-7
0.11	4.0024047809319107e-7
0.12	4.319060437371954e-7
0.13	4.7041329966976493e-7
0.14	5.172570655402217e-7
0.15	5.740593575483147e-7
0.16	7.951264991968798e-7
0.17	9.802999329290625e-7
0.18	1.2680135214725277e-6
0.19	1.75544407655102e-6
0.2	2.6944672364475624e-6
0.21	4.926980775519681e-6
0.22	0.00001294268355678893
0.23	0.00012011858557888356
0.24	0.7715451898066803
0.25	0.017384435373666296
0.26	0.6429153856782848
0.27	0.7711839155055962
0.28	0.5762608634864655
0.29	0.8726820084220681
0.3	0.5732069112782412
0.31	0.7558638531326867
0.32	0.6740218152259854
0.33	0.7535698011665121
0.34	0.727175060609826
0.35000000000000003	0.979062348757393
0.36	0.9814779799965088
0.37	0.7267824670798637
0.38	0.6430140815427947
0.39	0.670746901623559
0.4	0.9197892688611466
0.41000000000000003	0.7785085169256539
0.42	1.3141939043187707
0.43	1.1421960540431852
0.44	0.3786287146264582
0.45	0.7766539004227468
0.46	1.4778896775297694
0.47000000000000003	0.276059128844667
0.48	0.6941708965516697
0.49	1.1325863278541168
0.5	1.2459055893059114
0.51	0.7133912377351834
0.52	1.123512559378701
0.53	0.6250440787475611
0.54	0.9354132407918565
0.55	0.48159615556341673
0.56	1.0181648973395214
0.5700000000000001	1.3434974020609154
0.58	1.627380714940939
0.59	1.6020367352736709
0.6	0.9585636192586706
0.61	1.7097823374745655
0.62	1.5504424133482693
0.63	1.4544722988420928
0.64	1.7406717841050856
0.65	1.6179570139098667
0.66	1.8399862988839226
0.67	1.223859014412227
0.68	1.5765671485714439
0.6900000000000001	1.028214959186903
0.7000000000000001	1.5886067937145896
0.71	1.923588570319732
0.72	1.6886592409493097
0.73	1.6263224048690046
0.74	1.6005322279703504
0.75	1.5608394250332065
0.76	1.5873824346350383
0.77	1.8362670338454588
0.78	1.8222430776006635
0.79	1.4874542239645439
0.8	1.7952318658548583
0.81	1.6242767342707387
0.8200000000000001	1.6125647670959777
0.8300000000000001	1.5707681575409969
0.84	1.640094021912638
0.85	1.5264824544095532
0.86	0.9088100476968668
0.87	0.27938626091641794
0.88	1.6940605723752329
0.89	1.4254307084995395
0.9	0.8851624337639858
0.91	1.876794981915013
0.92	2.053377996614907
0.93	2.165604800133298
0.9400000000000001	1.4760412077260996
0.9500000000000001	2.2511098162290173
0.96	2.07214182280941
0.97	1.3709864516540033
0.98	2.132268509081055
0.99	2.274239262965562
1.	2.173622618915232
1.01	2.347071440689383
1.02	2.147196558614618
1.03	1.7263783739144118
1.04	0.663605320941833
1.05	0.797615429695931
1.06	0.7765904207411345
1.07	0.94258966441542
1.08	1.1802000099526133
1.09	1.2241994336067432
1.1	0.5555454538686181
1.11	1.230067383548418
1.12	0.925790789100513
1.1300000000000001	1.6036718868573956
1.1400000000000001	0.8769820512677499
1.1500000000000001	1.5299557288295134
1.16	0.5564300398986077
1.17	1.36247231594096
1.18	1.3948697350317731
1.19	1.3176929477961477
1.2	2.0886825337595853
1.21	2.0041378169074893
1.22	1.4229731810324326
1.23	2.0129597118525107
1.24	1.5909634024599026
1.25	1.5165138998106729
1.26	2.230945825785335
1.27	1.9824283768130133
1.28	1.9953685470984381
1.29	1.889226871481238
1.3	1.9118012435900413
1.31	2.1678839246452437
1.32	2.1001877992507074
1.33	2.4073984388437144
1.34	2.0985106790522083
1.35	1.6844580451420934
1.36	1.8680616151591884
1.37	1.7938394184387794
1.3800000000000001	1.8009233455846272
1.3900000000000001	1.597692914091839
1.4000000000000001	1.832560960624252
1.41	1.1714310004332695
1.42	1.2846292482505868
1.43	1.2852648057525315
1.44	1.988467941628835
1.45	1.4476909542312952
1.46	1.9242522151681296
1.47	1.0307588740048832
1.48	1.85208939180245
1.49	1.935134793048202
1.5	1.376371667826651
1.51	2.3733748581231677
1.52	1.9191373984032696
1.53	2.0984161448839114
1.54	1.5790400861233325
1.55	1.5523400417242017
1.56	1.7725924688890218
1.57	1.7613801250302303
1.58	1.7001789917003585
1.59	2.471128318052628
1.6	1.2686142045419186
1.61	1.8712346071877675
1.62	1.7876065169892756
1.6300000000000001	1.6394653717884728
1.6400000000000001	0.8527942244519284
1.6500000000000001	1.4264336038266427
1.6600000000000001	1.2484148946198577
1.67	1.1845720928539585
1.68	0.8265213693232738
1.69	1.190936416415334
1.7	1.1459636982951245
1.71	1.2769859957113563
1.72	0.6128522519471495
1.73	1.2306625462505227
1.74	1.0032571388948632
1.75	0.27720187992108425
1.76	1.2414619938890095
1.77	0.9768459813847904
1.78	0.483720730203148
1.79	1.093884084630129
1.8	0.02985523914215582
1.81	0.577411531391594
1.82	1.0266104618096734
1.83	0.8096474400827379
1.84	1.1520937049780697
1.85	0.8963169918863434
1.86	1.0300870303126195
1.87	1.4527023881827694
1.8800000000000001	1.276682907772429
1.8900000000000001	1.1135219165622887
1.9000000000000001	1.1853534496315086
1.9100000000000001	1.3280011354147618
1.92	1.0432750923898566
1.93	1.224078811659639
1.94	1.2184810457001678
1.95	1.1780628238675268
1.96	1.351346360347658
1.97	1.3708641460758013
1.98	1.4745675982009687
1.99	1.2503259509621687
2.	1.3489288096593253
2.0100000000000002	1.2592342691838514
2.02	1.5171123660165002
2.0300000000000002	1.4880186143002874
2.04	1.4999986323671686
2.05	1.1239514638733001
2.06	1.0591543151213125
2.07	1.5646826163855585
2.08	1.4385719070756169
2.09	1.3164700592218528
2.1	1.7383333867935167
2.11	0.9869097906915181
2.12	1.7954765207640542
2.13	1.2386920055019934
2.14	1.3438049253097581
2.15	1.681400536224352
2.16	1.2970770682325912
2.17	1.2591343752315893
2.18	1.2495429841869294
2.19	1.6097278990422905
2.2	1.4485477870826646
2.21	1.0491549854665823
2.22	1.1092393065170778
2.23	1.7125437434703574
2.24	1.294080961922679
2.25	0.4364814204831807
2.2600000000000002	1.124223678071176
2.27	1.37621197060876
2.2800000000000002	1.6067805727843045
2.29	0.8020476503915015
2.3000000000000003	0.9704558371903256
2.31	0.8002232902484628
2.32	0.9344300792591261
2.33	0.5247233880588918
2.34	0.9683703464402638
2.35	0.6164453824530853
2.36	0.8682695953126816
2.37	1.0024010548505684
2.38	0.7543121106062083
2.39	1.0258112179201861
2.4	0.05117165283100045
2.41	1.9998588115409486
2.42	1.0000743283115854
2.43	0.47773699089323424
2.44	0.056626768972308096
2.45	0.06703493802578284
2.46	0.7434382424940631
2.47	0.2302013533748225
2.48	0.24308603680964813
2.49	0.48269618378835755
2.5	0.528620177172721
2.5100000000000002	0.9336230698162379
2.52	0.3742589952457025
2.5300000000000002	0.8725985540927235
2.54	0.48624407263953984
2.5500000000000003	0.5614574482805053
2.56	0.8610918654076551
2.57	0.5386730902804013
2.58	0.9174297675666653
2.59	0.39931044164731294
2.6	0.979030317909786
2.61	0.7184783164154467
2.62	0.32474987458829196
2.63	0.6061817671350107
2.64	0.7080961267256035
2.65	0.9003548408998467
2.66	0.50016987973373
2.67	0.5132553603347221
2.68	0.7408254228054818
2.69	0.933447923209247
2.7	0.6871151243529123
2.71	0.16306337918531444
2.72	0.9348845501604766
2.73	0.11432589810515825
2.74	0.28859860239922686
2.75	0.5897388187547392
2.7600000000000002	0.7646405830743466
2.77	0.48439821057918486
2.7800000000000002	0.25774670603527516
2.79	0.1970450248817155
2.8000000000000003	0.40008855954820777
2.81	0.1746647495547382
2.82	0.052254698282435896
2.83	0.01701212156550863
2.84	0.01982091879429589
2.85	0.0004961984357634425
2.86	0.000016530529220860175
2.87	4.974731367405091e-6
2.88	2.3536256350193205e-6
2.89	1.3641217390669406e-6
2.9	8.878212807029199e-7
2.91	6.229506265441605e-7
2.92	4.6078984962891224e-7
2.93	3.544374053656129e-7
2.94	2.809802186693581e-7
2.95	2.2815184476009116e-7
2.96	1.8890693129893767e-7
2.97	1.5896644995138106e-7
2.98	1.3561058268108286e-7
2.99	1.1704400702395742e-7
3.	1.0204323486311978e-7