-3.	0.0012697866574948107
-2.99	0.0015463228914966995
-2.98	0.0018824752531178294
-2.97	0.002139283454630224
-2.96	0.0026610396541932144
-2.95	0.0035475014403669263
-2.94	0.004640262590432371
-2.93	0.006119840145996877
-2.92	0.009481769036635536
-2.91	0.014882129553645129
-2.9	0.043840648430971005
-2.89	0.05172493284254899
-2.88	0.0551905834621438
-2.87	0.06913990163332567
-2.86	0.0824449015494054
-2.85	0.0894635234286684
-2.84	0.09075052147856483
-2.83	0.09734420573489132
-2.82	0.1016737218329557
-2.81	0.10317988662320755
-2.8	0.10160514027258004
-2.79	0.09772824615793203
-2.78	0.09434269480954703
-2.77	0.09785334876263439
-2.76	0.10974692454200821
-2.75	0.11351751721393563
-2.74	0.10670318298868821
-2.73	0.10901534929254814
-2.7199999999999998	0.1085160887939189
-2.71	0.11018387534727626
-2.7	0.12222555446701795
-2.69	0.12349081011975838
-2.68	0.12850818073562834
-2.67	0.13399936684662844
-2.66	0.15855999830000195
-2.65	0.1643331189697578
-2.64	0.19632241664087297
-2.63	0.2621941689134172
-2.62	0.49665584922825246
-2.61	0.4256175576389752
-2.6	0.3314252548654498
-2.59	0.27464810400053985
-2.58	0.2420560448984641
-2.57	0.21839314390756817
-2.56	0.19477199693541508
-2.55	0.18155995803305938
-2.54	0.17343325160984688
-2.53	0.16075079273293255
-2.52	0.15419485749436956
-2.51	0.1442408346713803
-2.5	0.14474372055679327
-2.49	0.14113085431454725
-2.48	0.13922330059151972
-2.4699999999999998	0.12815270439421536
-2.46	0.12935801224868812
-2.45	0.130039286824485
-2.44	0.12512781857029048
-2.4299999999999997	0.13101297899863784
-2.42	0.12850650796358842
-2.41	0.12162416713324299
-2.4	0.11695553957598369
-2.39	0.12022844894023521
-2.38	0.12623752105198138
-2.37	0.11912334380113374
-2.36	0.12221167928214854
-2.35	0.12602322406394031
-2.34	0.13817951646032028
-2.33	0.1321025969652861
-2.32	0.13556422188774103
-2.31	0.14978485181733742
-2.3	0.15130651284147706
-2.29	0.1477619235795904
-2.2800000000000002	0.16267365720013885
-2.27	0.18510872530508793
-2.26	0.17256047121578041
-2.25	0.20762765767281566
-2.24	0.22263622978548378
-2.23	0.25781352653521455
-2.2199999999999998	0.3070353101989764
-2.21	0.3403986582920435
-2.2	0.41930291406209325
-2.19	0.6002684841968193
-2.1799999999999997	1.0926233312855556
-2.17	1.4375350229659216
-2.16	1.01579342533635
-2.15	0.806081411684492
-2.14	0.691177175435811
-2.13	0.6295841892037519
-2.12	0.5615427212880593
-2.11	0.5192716287437423
-2.1	0.4477414065610374
-2.09	0.42922008690505103
-2.08	0.41420594780941156
-2.07	0.36745799881049085
-2.06	0.3686590861946212
-2.05	0.35560752753877234
-2.04	0.339243445577781
-2.0300000000000002	0.3030299576290514
-2.02	0.3088025306784481
-2.01	0.2800348900638881
-2.	0.28469962595582293
-1.99	0.2929582640885868
-1.98	0.25133322561788113
-1.97	0.26464190767173035
-1.96	0.27563936149853135
-1.95	0.26753401603663723
-1.94	0.24467019145271474
-1.93	0.24886796222890778
-1.92	0.24052590140003507
-1.91	0.2551738608679379
-1.9	0.2510527887907969
-1.89	0.2429393644267817
-1.88	0.2410141230645958
-1.8699999999999999	0.25161595356239164
-1.8599999999999999	0.2477154124576096
-1.8499999999999999	0.26083708652523646
-1.84	0.2701387799632654
-1.83	0.2876658736387793
-1.82	0.2916250890341472
-1.81	0.2880724942248577
-1.8	0.28405165757825884
-1.79	0.3224670999522555
-1.78	0.34235623889087846
-1.77	0.3307959323503412
-1.76	0.3609369523244394
-1.75	0.36778813237424
-1.74	0.35757197007388164
-1.73	0.3898840429272583
-1.72	0.42339766616547064
-1.71	0.4473157708955599
-1.7	0.5336635481149085
-1.69	0.5954552714835853
-1.68	0.7112105091170371
-1.67	0.8181271279980752
-1.66	0.9248032516464363
-1.65	1.0428888583341955
-1.64	1.33115086367726
-1.63	1.9507187466683023
-1.6199999999999999	3.4324895561678903
-1.6099999999999999	3.0582959569887724
-1.5999999999999999	2.51324361627204
-1.59	2.046027119593041
-1.58	1.8776883437465792
-1.57	1.7352856716691654
-1.56	1.5677315608334608
-1.55	1.4061334027095078
-1.54	1.294819369108382
-1.53	1.1669667816367926
-1.52	1.1890318032718392
-1.51	1.086747479635736
-1.5	1.04002600818909
-1.49	1.0490468914701325
-1.48	1.013590492911655
-1.47	0.9507887446396512
-1.46	1.0148825133490103
-1.45	0.9062040823143646
-1.44	0.8770821247386579
-1.43	0.8480914995279766
-1.42	0.8594885906274492
-1.41	0.824009935380222
-1.4	0.8177890110118798
-1.39	0.7866645977037735
-1.38	0.7701680850915354
-1.3699999999999999	0.7487506154655346
-1.3599999999999999	0.7689773579492509
-1.3499999999999999	0.7395073915030459
-1.3399999999999999	0.7513192231611494
-1.33	0.7695029876101266
-1.32	0.737724740023154
-1.31	0.7367405745663856
-1.3	0.740245906067666
-1.29	0.7062501699237693
-1.28	0.7289870937066393
-1.27	0.7032669274658381
-1.26	0.761535272989854
-1.25	0.7201074214511012
-1.24	0.6751804579145227
-1.23	0.6840647706673096
-1.22	0.7128772213047976
-1.21	0.7055993859262836
-1.2	0.6739508211800159
-1.19	0.6752022334725379
-1.18	0.6885181506506228
-1.17	0.7179300485007785
-1.16	0.7468553499424804
-1.15	0.7299276466776139
-1.14	0.790911854309888
-1.13	0.7977247076903529
-1.1199999999999999	0.7954931062576145
-1.1099999999999999	0.8163178304797889
-1.0999999999999999	0.8594427594926387
-1.0899999999999999	0.8947759199906947
-1.08	0.8992386317823126
-1.07	0.9383621391755498
-1.06	0.9540195774758268
-1.05	1.0051420700172817
-1.04	1.0641912040800385
-1.03	1.0996424256557489
-1.02	1.1236739122232355
-1.01	1.2235741092156107
-1.	1.346550026440516
-0.9899999999999998	1.3131903454782992
-0.98	1.3568199600665762
-0.9699999999999998	1.3787054818858477
-0.96	1.44836109489355
-0.9500000000000002	1.4969592631326505
-0.94	1.6926164873028533
-0.9300000000000002	1.9070780852789584
-0.9199999999999999	2.1333618967747032
-0.9100000000000001	2.5753740236594
-0.8999999999999999	3.0114437378002177
-0.8900000000000001	2.2816782783449745
-0.8799999999999999	1.893363060299872
-0.8700000000000001	1.6307642241555114
-0.8599999999999999	1.535695375608271
-0.8500000000000001	1.4424030858942074
-0.8399999999999999	1.3978921271593
-0.8300000000000001	1.331625159630795
-0.8199999999999998	1.3678514105318582
-0.81	1.2557737943765381
-0.7999999999999998	1.2525709915752865
-0.79	1.2614793019105859
-0.7799999999999998	1.241340152491422
-0.77	1.2501458226589734
-0.7599999999999998	1.2680857968206414
-0.75	1.2709804222305288
-0.7399999999999998	1.2978354855504404
-0.73	1.3511976349090151
-0.7199999999999998	1.3664401770989139
-0.71	1.419250761882372
-0.6999999999999997	1.4949958459729584
-0.69	1.5145899730340988
-0.6800000000000002	1.633932516326291
-0.6699999999999999	1.6838085625646382
-0.6600000000000001	1.78039641356364
-0.6499999999999999	1.8855708900612367
-0.6400000000000001	2.005270639701444
-0.6299999999999999	2.3616923317788996
-0.6200000000000001	2.99181149278469
-0.6099999999999999	2.4222874073286427
-0.6000000000000001	2.1992898893253123
-0.5899999999999999	2.0102311598059592
-0.5800000000000001	1.9296482716081322
-0.5699999999999998	1.7851500438857906
-0.56	1.8012507860138234
-0.5499999999999998	1.8841699077814429
-0.54	1.7812534004371934
-0.5299999999999998	1.8357256059718088
-0.52	1.806378155421152
-0.5099999999999998	1.8519556352743225
-0.5	1.8448176974725043
-0.48999999999999977	1.803022727291646
-0.48	2.0332817521313133
-0.46999999999999975	1.9962076874178802
-0.45999999999999996	2.2100667512745464
-0.44999999999999973	2.3457384907408936
-0.43999999999999995	2.438510897492205
-0.43000000000000016	2.399384435742959
-0.41999999999999993	2.6827076682874194
-0.41000000000000014	3.0417301857151644
-0.3999999999999999	3.279685574154472
-0.3900000000000001	3.57458902916282
-0.3799999999999999	22.19979660808278
-0.3700000000000001	15.86803036392704
-0.3599999999999999	9.476697531404165
-0.3500000000000001	8.060119087817109
-0.33999999999999986	6.78154423827644
-0.33000000000000007	4.490048750046271
-0.31999999999999984	3.887718340889346
-0.31000000000000005	3.3298268088414713
-0.2999999999999998	2.394032824418321
-0.29000000000000004	2.62797457413403
-0.2799999999999998	2.3000682215629933
-0.27	2.777808505361746
-0.2599999999999998	2.9329580564522093
-0.25	45.38714956024557
-0.23999999999999977	2.977061432148068
-0.22999999999999998	4.981823197876163
-0.21999999999999975	3.342392313179017
-0.20999999999999996	2.477000205079546
-0.19999999999999973	3.000907881613859
-0.18999999999999995	3.4455399475151958
-0.18000000000000016	4.920890879047913
-0.16999999999999993	269.9556700663663
-0.16000000000000014	320.19803675654555
-0.1499999999999999	127.70322873926736
-0.14000000000000012	56.62916819117898
-0.1299999999999999	12.077022618006376
-0.1200000000000001	291.4785066590231
-0.10999999999999988	36.73786282740302
-0.10000000000000009	10.409000937923256
-0.08999999999999986	22.90732541928438
-0.08000000000000007	136.85794378978818
-0.06999999999999984	339.7919045799988
-0.06000000000000005	20.973122662740973
-0.04999999999999982	44.13023215822136
-0.040000000000000036	36.56430532009915
-0.029999999999999805	20.893014071431125
-0.020000000000000018	129.58177584856082
-0.009999999999999787	1.845278821362856
0.	2.420673519946912
0.010000000000000231	17.496417770705612
0.020000000000000018	7.56556225460265
0.03000000000000025	8.201274238551566
0.040000000000000036	56.728033281029816
0.050000000000000266	37.357971405866536
0.06000000000000005	15.121452224648877
0.07000000000000028	303.66890372222434
0.08000000000000007	65.74735179113824
0.08999999999999986	26.802148055471697
0.10000000000000009	227.68459231672512
0.10999999999999988	6.47040918887468
0.1200000000000001	124.48692269234918
0.1299999999999999	13.422309772313508
0.14000000000000012	27.697606515016066
0.1499999999999999	131.04681405055499
0.16000000000000014	164.62096614993354
0.16999999999999993	193.05899622971327
0.18000000000000016	8.492412811182207
0.18999999999999995	3.2576935838592505
0.20000000000000018	2.744706413859311
0.20999999999999996	11.193912252340079
0.2200000000000002	4.1162661908286
0.22999999999999998	2.9047094082413305
0.2400000000000002	3.697516713575327
0.25	3.253585625871204
0.26000000000000023	4.492235752452646
0.27	2.596395724589713
0.28000000000000025	2.5476259593643364
0.29000000000000004	2.6585696291798904
0.30000000000000027	3.157964349922516
0.31000000000000005	3.2314117941864233
0.3200000000000003	3.1359434287119807
0.33000000000000007	4.031916659560331
0.33999999999999986	4.569996354684199
0.3500000000000001	10.961117898321575
0.3599999999999999	12.356971142719077
0.3700000000000001	15.72296088176046
0.3799999999999999	18.20797854969445
0.3900000000000001	3.7904431519989563
0.3999999999999999	3.162063434984463
0.41000000000000014	3.112017719397649
0.41999999999999993	2.8128264747258647
0.43000000000000016	2.424038770664657
0.43999999999999995	2.3681009239593895
0.4500000000000002	2.2822878360297416
0.45999999999999996	2.110715043279033
0.4700000000000002	1.9965870528213012
0.48	1.9954385575961715
0.4900000000000002	1.951720435215667
0.5	1.9006783248740622
0.5100000000000002	1.950566688651107
0.52	1.9222420788946615
0.5300000000000002	1.8494687836619077
0.54	1.8553880326251595
0.5500000000000003	1.7932147423954794
0.56	1.7437067282674246
0.5700000000000003	1.790088323470434
0.5800000000000001	1.9210800065398204
0.5899999999999999	1.9681017377311874
0.6000000000000001	2.072517221387602
0.6099999999999999	2.4392536565202536
0.6200000000000001	2.926251123782846
0.6299999999999999	2.4087060666966025
0.6400000000000001	2.1180865488668266
0.6499999999999999	1.9181450005591647
0.6600000000000001	1.7632903754322393
0.6699999999999999	1.6972487706510397
0.6800000000000002	1.623772917712095
0.69	1.5464398045346879
0.7000000000000002	1.495863315782885
0.71	1.414944982934594
0.7200000000000002	1.4055712582617401
0.73	1.3397653107128158
0.7400000000000002	1.280709020827989
0.75	1.3081542991056554
0.7600000000000002	1.2828365704104252
0.77	1.3173433977699769
0.7800000000000002	1.2862259160808618
0.79	1.2211221950294688
0.8000000000000003	1.2848906128795654
0.81	1.2883966542252483
0.8200000000000003	1.2984980944889344
0.8300000000000001	1.3314303411008928
0.8399999999999999	1.3817306882910958
0.8500000000000001	1.5001979129348302
0.8599999999999999	1.563306399782694
0.8700000000000001	1.704826764589963
0.8799999999999999	1.8861020764307863
0.8900000000000001	2.254682443200157
0.8999999999999999	2.98306940053212
0.9100000000000001	2.5956393027962585
0.9199999999999999	2.0855148980057825
0.9300000000000002	1.873616291922659
0.94	1.6911999313661246
0.9500000000000002	1.4986305456700826
0.96	1.435681295794126
0.9700000000000002	1.388864208808706
0.98	1.359901862950839
0.9900000000000002	1.3253267946026985
1.	1.3581968199264496
1.0099999999999998	1.2017752675419056
1.0200000000000005	1.1435228749896464
1.0300000000000002	1.0872035070999468
1.04	1.0227757695527908
1.0499999999999998	1.0104634222241735
1.0600000000000005	0.9640148782779473
1.0700000000000003	0.943071751379772
1.08	0.8992412649620856
1.0899999999999999	0.8979508032531723
1.0999999999999996	0.8465864924005243
1.1100000000000003	0.8333356409367182
1.12	0.7840405543481307
1.13	0.8036849502481878
1.1399999999999997	0.7891129411776376
1.1500000000000004	0.7321644570132219
1.1600000000000001	0.7476129674120403
1.17	0.7139959844960267
1.1799999999999997	0.6910234180633132
1.1900000000000004	0.6792298271335763
1.2000000000000002	0.6668647381989813
1.21	0.6971514601864506
1.2199999999999998	0.7236500815645944
1.2300000000000004	0.6865390248566666
1.2400000000000002	0.6821998414837792
1.25	0.7192114796903977
1.2599999999999998	0.7610486842930423
1.2700000000000005	0.70355168672743
1.2800000000000002	0.7335679734784404
1.29	0.7143157647719449
1.2999999999999998	0.7511074154639773
1.3100000000000005	0.7490956549627981
1.3200000000000003	0.726632543449813
1.33	0.7508338944775439
1.3399999999999999	0.7462327475353882
1.3500000000000005	0.7480394289136956
1.3600000000000003	0.7783508446623528
1.37	0.7548266153268239
1.38	0.7637364371592087
1.3899999999999997	0.7818589702889428
1.4000000000000004	0.8229617686978139
1.4100000000000001	0.8141656607485507
1.42	0.8425750867853904
1.4299999999999997	0.8518095955435919
1.4400000000000004	0.8992232188371301
1.4500000000000002	0.9053649099565974
1.46	1.0126745814065692
1.4699999999999998	0.9650670988759099
1.4800000000000004	1.0274747471906365
1.4900000000000002	1.0355891932266221
1.5	1.0298837127242475
1.5099999999999998	1.1042114674797316
1.5200000000000005	1.1892951593239123
1.5300000000000002	1.1745658789235303
1.54	1.3027713737936633
1.5499999999999998	1.4337244135148581
1.5600000000000005	1.546769548185739
1.5700000000000003	1.726949769199767
1.58	1.8344155517336194
1.5899999999999999	2.0334503654018365
1.6000000000000005	2.4865296642784505
1.6100000000000003	3.039400999887545
1.62	3.417424398232234
1.63	1.939304136650077
1.6399999999999997	1.4843799142566518
1.6500000000000004	1.0069612721534238
1.6600000000000001	0.9465014538209257
1.67	0.7554866552621365
1.6799999999999997	0.6766327764910836
1.6900000000000004	0.5461283415303846
1.7000000000000002	0.4992942193072465
1.71	0.47799672323904496
1.7199999999999998	0.45811786083092065
1.7300000000000004	0.42799003253111306
1.7400000000000002	0.3778195225718329
1.75	0.33497797077493496
1.7599999999999998	0.35121459066951716
1.7700000000000005	0.3319259688897321
1.7800000000000002	0.302496188238116
1.79	0.3146694984242272
1.7999999999999998	0.2935819149572022
1.8100000000000005	0.283857745275581
1.8200000000000003	0.2991058549161138
1.83	0.29284872009854196
1.8399999999999999	0.28004205953261907
1.8500000000000005	0.2599514604761623
1.8600000000000003	0.24459385839958223
1.87	0.26789909627813185
1.88	0.23212117125668152
1.8899999999999997	0.24746298920301207
1.9000000000000004	0.25258075969179383
1.9100000000000001	0.27092660228816634
1.92	0.23409982190382725
1.9299999999999997	0.2511213087665803
1.9400000000000004	0.23760384182553418
1.9500000000000002	0.27811124350572947
1.96	0.27876131222099193
1.9699999999999998	0.26706031398310265
1.9800000000000004	0.25615480756870473
1.9900000000000002	0.3021418086495463
2.	0.275852371169392
2.01	0.28754441547769327
2.0200000000000005	0.3090594390860557
2.0300000000000002	0.2988868100200998
2.04	0.3256733218467241
2.05	0.3504848257991945
2.0600000000000005	0.37791487789066325
2.0700000000000003	0.3693247689037232
2.08	0.40556481264838906
2.09	0.4353665338890879
2.1000000000000005	0.4468995240539665
2.1100000000000003	0.5094509594879628
2.12	0.5522341474710228
2.13	0.6354731217126013
2.1399999999999997	0.7001947723502633
2.1500000000000004	0.8102646104875707
2.16	0.995494194274633
2.17	1.4485982901867716
2.1799999999999997	1.0323667287885516
2.1900000000000004	0.6539203261167463
2.2	0.4501034449909111
2.21	0.34548964387013326
2.2199999999999998	0.3023139768395461
2.2300000000000004	0.2579375190133052
2.24	0.21735198393026334
2.25	0.1920335614516203
2.26	0.178286864721491
2.2700000000000005	0.18036844971432664
2.2800000000000002	0.17355590885258465
2.29	0.14996403460348257
2.3	0.14370958731706565
2.3100000000000005	0.15637510319542308
2.3200000000000003	0.15131060013345737
2.33	0.12779558913111
2.34	0.13008805653672795
2.3500000000000005	0.13090753392455334
2.3600000000000003	0.12748219593228122
2.37	0.11729573089652454
2.38	0.12073529729166671
2.3899999999999997	0.11989191564811746
2.4000000000000004	0.12078464086473173
2.41	0.12719019994440392
2.42	0.12832764072563208
2.4299999999999997	0.12214506219944617
2.4400000000000004	0.127372382995852
2.45	0.1251566691746
2.46	0.13008050441395055
2.4699999999999998	0.1239062575422191
2.4800000000000004	0.14085342249280386
2.49	0.14039608939444817
2.5	0.1498414944744709
2.51	0.15019452448084933
2.5200000000000005	0.14915736793892967
2.5300000000000002	0.16486864464588774
2.54	0.17437536221845243
2.55	0.18665420425755275
2.5600000000000005	0.19560251912797316
2.5700000000000003	0.2222528818395636
2.58	0.236655021976305
2.59	0.2831090893146657
2.6000000000000005	0.33123485976199274
2.6100000000000003	0.4265800938531287
2.62	0.47191856339308846
2.63	0.25889348678405816
2.6399999999999997	0.20143269069538985
2.6500000000000004	0.17184556739302473
2.66	0.16322194543180735
2.67	0.13622409244844155
2.6799999999999997	0.1323468082728903
2.6900000000000004	0.126893528472745
2.7	0.12279126382911587
2.71	0.11703637930108615
2.7199999999999998	0.11116961020610572
2.7300000000000004	0.10492638271084799
2.74	0.11291292001299076
2.75	0.10819628481279674
2.76	0.10813077438530345
2.7700000000000005	0.10683791490204814
2.7800000000000002	0.10010460096794375
2.79	0.09696677101043091
2.8	0.102241476277186
2.8100000000000005	0.10006344241838822
2.8200000000000003	0.10668183612065135
2.83	0.10216167444325552
2.84	0.09283041154891498
2.8500000000000005	0.08478704568009954
2.8600000000000003	0.07300933964863064
2.87	0.07175319169913491
2.88	0.06011510192265928
2.8899999999999997	0.048565386152336416
2.9000000000000004	0.043242652766147346
2.91	0.015791168260469685
2.92	0.009304449292893317
2.9299999999999997	0.006065247989035338
2.9400000000000004	0.0047392505259127036
2.95	0.003509450649371553
2.96	0.0029280452112386748
2.9699999999999998	0.0022502728985577384
2.9800000000000004	0.0017853996591265285
2.99	0.0015704717777524882
3.	0.0012500585251535704