-3.	0.0009656985310296066
-2.99	0.0011748877608500185
-2.98	0.001469054511112933
-2.97	0.0018251938846240972
-2.96	0.0023306175246679095
-2.95	0.002961288228426529
-2.94	0.0036708356145164545
-2.93	0.005135061110697
-2.92	0.007631062619889834
-2.91	0.01170140379744722
-2.9	0.04244888082675641
-2.89	0.05533873147962741
-2.88	0.06750339034931227
-2.87	0.0764285899068089
-2.86	0.07336602678603402
-2.85	0.07116332992995777
-2.84	0.07500588306534314
-2.83	0.07860680660310444
-2.82	0.07705315462525734
-2.81	0.0785413269449804
-2.8	0.08118671536781415
-2.79	0.08322469531136414
-2.78	0.08634733402766082
-2.77	0.08706168194783871
-2.76	0.08723254919007199
-2.75	0.08814320263298522
-2.74	0.09451902262462737
-2.73	0.08265797178291161
-2.7199999999999998	0.09181252787466164
-2.71	0.09661987205042746
-2.7	0.09346135103018009
-2.69	0.10405447093809528
-2.68	0.11447823335730772
-2.67	0.12012158353525354
-2.66	0.13831565798643686
-2.65	0.16122869277996865
-2.64	0.18503979969806164
-2.63	0.25554804150280613
-2.62	0.44254379942083605
-2.61	0.4253731162488903
-2.6	0.3204544432059937
-2.59	0.28502518123566684
-2.58	0.24292185041492173
-2.57	0.21602731420276786
-2.56	0.1962757331801968
-2.55	0.18067259200025956
-2.54	0.16417706697888568
-2.53	0.14959256556354736
-2.52	0.14532516535104498
-2.51	0.13913770076524637
-2.5	0.14059044282725752
-2.49	0.12666761101232754
-2.48	0.12920405123043235
-2.4699999999999998	0.11746828921344772
-2.46	0.12147919147773206
-2.45	0.11475918294101022
-2.44	0.11554828854071403
-2.4299999999999997	0.11510529174187005
-2.42	0.11557842229183304
-2.41	0.11411170269752206
-2.4	0.11315703077345167
-2.39	0.11322122085667345
-2.38	0.11400064623231443
-2.37	0.11794040427804378
-2.36	0.11609106008429512
-2.35	0.1134828969544478
-2.34	0.12060448192380349
-2.33	0.11756245251354736
-2.32	0.11898447416683805
-2.31	0.12747728095224495
-2.3	0.1194126647408025
-2.29	0.13133721414461627
-2.2800000000000002	0.13912892604981897
-2.27	0.14839282824388225
-2.26	0.14532314050390982
-2.25	0.16466269828262564
-2.24	0.18894351670814086
-2.23	0.2122726449189445
-2.2199999999999998	0.24543116988861113
-2.21	0.2841451331390347
-2.2	0.3452997494325439
-2.19	0.5245542450725947
-2.1799999999999997	1.0167380533598307
-2.17	1.6179158034405847
-2.16	1.0328980323503278
-2.15	0.7885366447023365
-2.14	0.6704916939654527
-2.13	0.5917852470947416
-2.12	0.5301884367191861
-2.11	0.48876687031594473
-2.1	0.4145634194326384
-2.09	0.4131997158431014
-2.08	0.3802096826734446
-2.07	0.33075196886520974
-2.06	0.3317721350660592
-2.05	0.32797305723654113
-2.04	0.305586755224467
-2.0300000000000002	0.2741388438091949
-2.02	0.2790283986545075
-2.01	0.2592871975207564
-2.	0.26782937928368594
-1.99	0.2702013298584294
-1.98	0.2469784685804117
-1.97	0.25309954908761495
-1.96	0.2588808730001105
-1.95	0.24609642909185997
-1.94	0.2264253936813505
-1.93	0.2306822173963165
-1.92	0.2240830327610963
-1.91	0.2274470310084605
-1.9	0.23180972049187787
-1.89	0.2310772233474889
-1.88	0.22219532511142268
-1.8699999999999999	0.24204907335226594
-1.8599999999999999	0.22952244606945674
-1.8499999999999999	0.2485037681839815
-1.84	0.2505727412971294
-1.83	0.23964786449693135
-1.82	0.24542075487323153
-1.81	0.23314318664343053
-1.8	0.23379017519327738
-1.79	0.2631117796018965
-1.78	0.2555657814269237
-1.77	0.28843685224464183
-1.76	0.2685763020375921
-1.75	0.26436713635982756
-1.74	0.29182205056053334
-1.73	0.3409396882395339
-1.72	0.34129714130078426
-1.71	0.36684348512983544
-1.7	0.39403664216523543
-1.69	0.40004954470093423
-1.68	0.5068045727616871
-1.67	0.6073578781221829
-1.66	0.6388063759529974
-1.65	0.8463857596948748
-1.64	1.1203334739765491
-1.63	1.4898643138815437
-1.6199999999999999	3.0314244534198758
-1.6099999999999999	3.0147719549165406
-1.5999999999999999	2.4573281805664124
-1.59	1.895316768700047
-1.58	1.7155039664315037
-1.57	1.5944688043614408
-1.56	1.440750104316711
-1.55	1.3164721881057384
-1.54	1.2134985949904684
-1.53	1.0829028346298273
-1.52	1.063866430541647
-1.51	0.9805595562749065
-1.5	0.9480915444517646
-1.49	0.9517301614845539
-1.48	0.9587696767327084
-1.47	0.8652196528796359
-1.46	0.9350805687171826
-1.45	0.8266517259835198
-1.44	0.7926552736498405
-1.43	0.7858323438349887
-1.42	0.7575738602242456
-1.41	0.7447269426608957
-1.4	0.7450609932972332
-1.39	0.712370079387144
-1.38	0.6805447842651107
-1.3699999999999999	0.6862347844669039
-1.3599999999999999	0.7015244924604924
-1.3499999999999999	0.6830332785168268
-1.3399999999999999	0.7168471935401248
-1.33	0.7297983118535638
-1.32	0.6732308578266083
-1.31	0.6715829687745365
-1.3	0.6727863960728225
-1.29	0.6760518447616516
-1.28	0.6521870856639405
-1.27	0.6417502005441822
-1.26	0.6831457578221568
-1.25	0.6562114847883974
-1.24	0.6394529908764824
-1.23	0.6383051089597455
-1.22	0.6809616518291409
-1.21	0.664844687391044
-1.2	0.6297033574407268
-1.19	0.6517825872259282
-1.18	0.6479023940152303
-1.17	0.6710889357926687
-1.16	0.7113338210107206
-1.15	0.6906048257068242
-1.14	0.7451701340430323
-1.13	0.7534790795340883
-1.1199999999999999	0.7653564619410631
-1.1099999999999999	0.774095158799724
-1.0999999999999999	0.8012753444107494
-1.0899999999999999	0.8577877766427765
-1.08	0.8458007550650568
-1.07	0.8614692913160876
-1.06	0.8695784794512792
-1.05	0.9179869400309425
-1.04	0.9657049990053344
-1.03	0.9870087204633842
-1.02	1.049317086452322
-1.01	1.1084039427670827
-1.	1.2495301169140498
-0.9899999999999998	1.1975639979355401
-0.98	1.2472121545186492
-0.9699999999999998	1.2501307409808975
-0.96	1.3389738267071734
-0.9500000000000002	1.4591627452246203
-0.94	1.5744123906222685
-0.9300000000000002	1.7474232571281918
-0.9199999999999999	1.992845154491009
-0.9100000000000001	2.460063342685932
-0.8999999999999999	2.8898412389488524
-0.8900000000000001	1.8967121413433639
-0.8799999999999999	1.5425572662748563
-0.8700000000000001	1.4235442523303952
-0.8599999999999999	1.2182002565850207
-0.8500000000000001	1.233908675189574
-0.8399999999999999	1.1164514675751325
-0.8300000000000001	1.1163979317123716
-0.8199999999999998	1.086148913483819
-0.81	1.071372721343578
-0.7999999999999998	1.0909515701501882
-0.79	1.0783462529772911
-0.7799999999999998	1.0855067944760248
-0.77	1.1353804751931478
-0.7599999999999998	1.1761242400545506
-0.75	1.150888405045809
-0.7399999999999998	1.1691164788535466
-0.73	1.2363494697542723
-0.7199999999999998	1.269558121146624
-0.71	1.3120245589821815
-0.6999999999999997	1.371363403538283
-0.69	1.4871775822268456
-0.6800000000000002	1.5410483342493553
-0.6699999999999999	1.6695237703644044
-0.6600000000000001	1.8081838337523608
-0.6499999999999999	1.9563076063930307
-0.6400000000000001	2.150210284109885
-0.6299999999999999	2.5049853702522897
-0.6200000000000001	3.150407364033331
-0.6099999999999999	2.2015124361088283
-0.6000000000000001	1.6807919316162
-0.5899999999999999	1.6048496887805035
-0.5800000000000001	1.5180058761484514
-0.5699999999999998	1.4646197563134364
-0.56	1.419181185168666
-0.5499999999999998	1.4591069301673227
-0.54	1.4359667800259523
-0.5299999999999998	1.401254341532855
-0.52	1.455609141118713
-0.5099999999999998	1.4374802544898508
-0.5	1.53733013979336
-0.48999999999999977	1.4876383272075513
-0.48	1.5646729107659607
-0.46999999999999975	1.6585421023436588
-0.45999999999999996	1.7140941989942644
-0.44999999999999973	1.7954642307175739
-0.43999999999999995	1.9889447249431982
-0.43000000000000016	1.9109645112083133
-0.41999999999999993	2.2279374172528414
-0.41000000000000014	2.353737756211235
-0.3999999999999999	2.6793923292473174
-0.3900000000000001	3.421425631403194
-0.3799999999999999	10.304481298925781
-0.3700000000000001	9.741675023023257
-0.3599999999999999	11.583649110465295
-0.3500000000000001	12.175696296497609
-0.33999999999999986	13.840575493254248
-0.33000000000000007	5.511594414553815
-0.31999999999999984	3.36965800074444
-0.31000000000000005	6.355909422880942
-0.2999999999999998	2.6012271661262893
-0.29000000000000004	2.0258132495718537
-0.2799999999999998	1.5504408082245513
-0.27	2.0631964413389943
-0.2599999999999998	1.930234465088467
-0.25	1.6140847694644522
-0.23999999999999977	2.6100812904753257
-0.22999999999999998	2.646369213895136
-0.21999999999999975	2.179810328335353
-0.20999999999999996	1.6143549655220544
-0.19999999999999973	1.9234367265479373
-0.18999999999999995	2.626813846562108
-0.18000000000000016	3.591978780791478
-0.16999999999999993	55.21732148983179
-0.16000000000000014	181.70463705874323
-0.1499999999999999	59.93687319957506
-0.14000000000000012	127.59394225272965
-0.1299999999999999	15.555668527831262
-0.1200000000000001	124.23006818081903
-0.10999999999999988	6.569083817901798
-0.10000000000000009	29.443477900615605
-0.08999999999999986	33.103258112727765
-0.08000000000000007	188.28283053501346
-0.06999999999999984	56.5319562770026
-0.06000000000000005	56.48320803992702
-0.04999999999999982	6.3199520135862945
-0.040000000000000036	7.850113425859026
-0.029999999999999805	34.949887098376855
-0.020000000000000018	2.4432158218832685
-0.009999999999999787	12.56758199514014
0.	1.119419643743987
0.010000000000000231	2.2354751797990904
0.020000000000000018	3.307234382730985
0.03000000000000025	20.000026049874354
0.040000000000000036	11.77650079504482
0.050000000000000266	9.64977553352876
0.06000000000000005	40.54073425664158
0.07000000000000028	774.9064109801876
0.08000000000000007	70.23690989895084
0.08999999999999986	57.731735605005255
0.10000000000000009	34.55004832028261
0.10999999999999988	20.977594987859298
0.1200000000000001	118.9333478660903
0.1299999999999999	19.033445633009855
0.14000000000000012	38.13564568768466
0.1499999999999999	69.17928065645494
0.16000000000000014	105.34747927200416
0.16999999999999993	36.394822185882035
0.18000000000000016	3.416321000690859
0.18999999999999995	3.074788591197459
0.20000000000000018	2.065726535876017
0.20999999999999996	2.0915734208958305
0.2200000000000002	2.564617990207857
0.22999999999999998	1.8917065334662237
0.2400000000000002	1.9395823518721094
0.25	1.6817206461195862
0.26000000000000023	2.5591826031534706
0.27	1.757376366519062
0.28000000000000025	3.9877910130531142
0.29000000000000004	1.7027030150061382
0.30000000000000027	2.2923646407057205
0.31000000000000005	2.3670643646745537
0.3200000000000003	3.4896392816790494
0.33000000000000007	4.002227313403441
0.33999999999999986	9.852766340206934
0.3500000000000001	12.200996820721334
0.3599999999999999	12.672185059175739
0.3700000000000001	8.571542647557514
0.3799999999999999	9.6098678283347
0.3900000000000001	3.339144694508351
0.3999999999999999	2.668265036473436
0.41000000000000014	2.301361085439832
0.41999999999999993	2.2027821271113965
0.43000000000000016	2.0598147700510845
0.43999999999999995	1.925794179838716
0.4500000000000002	1.8034821705550748
0.45999999999999996	1.7361761003597223
0.4700000000000002	1.5412094019139901
0.48	1.623920134647716
0.4900000000000002	1.5785133377778384
0.5	1.432088054083667
0.5100000000000002	1.4418313410299388
0.52	1.4842313923107526
0.5300000000000002	1.371058133042308
0.54	1.3395162643651433
0.5500000000000003	1.4089537117282893
0.56	1.4389886389791917
0.5700000000000003	1.4793332969889956
0.5800000000000001	1.538843503365287
0.5899999999999999	1.661967713647111
0.6000000000000001	1.8162046306888355
0.6099999999999999	2.1707374038944534
0.6200000000000001	3.1824354072066363
0.6299999999999999	2.4492721945390903
0.6400000000000001	2.1650140393934385
0.6499999999999999	1.9247571163464958
0.6600000000000001	1.7782467512908537
0.6699999999999999	1.665922558694488
0.6800000000000002	1.5725703904520547
0.69	1.5078226799314325
0.7000000000000002	1.3937316159867628
0.71	1.3176498883965844
0.7200000000000002	1.2721369643441613
0.73	1.2352167594412589
0.7400000000000002	1.172598088802634
0.75	1.1527611800807445
0.7600000000000002	1.1605089852602104
0.77	1.1486134289893786
0.7800000000000002	1.0748467765677543
0.79	1.084113045571232
0.8000000000000003	1.0748602899222255
0.81	1.0824943151423292
0.8200000000000003	1.06899702762851
0.8300000000000001	1.0942437720955374
0.8399999999999999	1.1269113723172102
0.8500000000000001	1.1883773900304513
0.8599999999999999	1.258682332808166
0.8700000000000001	1.4197374499115694
0.8799999999999999	1.5869149220103955
0.8900000000000001	1.9404447186767693
0.8999999999999999	2.9002214992359625
0.9100000000000001	2.51533121543992
0.9199999999999999	1.9982907095802473
0.9300000000000002	1.7166129723984205
0.94	1.5641802748473916
0.9500000000000002	1.4818370673683983
0.96	1.3388549840614687
0.9700000000000002	1.2501307409805291
0.98	1.214384093444431
0.9900000000000002	1.1999633331250563
1.	1.2374365177199467
1.0099999999999998	1.1140860782303625
1.0200000000000005	1.0470161615043123
1.0300000000000002	1.002235098148266
1.04	0.9386116746162673
1.0499999999999998	0.9519287089731956
1.0600000000000005	0.8634157669854358
1.0700000000000003	0.8522861126626939
1.08	0.8555077233321524
1.0899999999999999	0.8411983725081138
1.0999999999999996	0.8032394315881937
1.1100000000000003	0.7639771876671829
1.12	0.7551652197532953
1.13	0.756791126580878
1.1399999999999997	0.743969268154926
1.1500000000000004	0.7019315624125336
1.1600000000000001	0.7017394014796685
1.17	0.6731754462768348
1.1799999999999997	0.6426822753509397
1.1900000000000004	0.6561270259464077
1.2000000000000002	0.6418464736922838
1.21	0.6508101494613523
1.2199999999999998	0.6803418891909019
1.2300000000000004	0.6439591038371368
1.2400000000000002	0.6162173361410057
1.25	0.6488888978325554
1.2599999999999998	0.6829627723423962
1.2700000000000005	0.6458783894271192
1.2800000000000002	0.669919763049877
1.29	0.6549101176180645
1.2999999999999998	0.6630631030325664
1.3100000000000005	0.678670981025821
1.3200000000000003	0.6641960153435418
1.33	0.7249879684042091
1.3399999999999999	0.7027800085275216
1.3500000000000005	0.6792316465054712
1.3600000000000003	0.7032385948482722
1.37	0.6936014992325599
1.38	0.6985590806757136
1.3899999999999997	0.7282123559921208
1.4000000000000004	0.7498965067529078
1.4100000000000001	0.7459587404544752
1.42	0.7529039345690651
1.4299999999999997	0.7558568553545123
1.4400000000000004	0.7976358561209121
1.4500000000000002	0.8347550889057
1.46	0.9234573067097478
1.4699999999999998	0.8624517114025178
1.4800000000000004	0.9439677578537448
1.4900000000000002	0.9444707893897935
1.5	0.9376568333333388
1.5099999999999998	0.9924087817907543
1.5200000000000005	1.068872596622871
1.5300000000000002	1.0816950835907135
1.54	1.2124333827570228
1.5499999999999998	1.324074777810823
1.5600000000000005	1.41965870227399
1.5700000000000003	1.5715131921140744
1.58	1.7048992978846782
1.5899999999999999	1.8834690517556842
1.6000000000000005	2.459004304778434
1.6100000000000003	3.0476494260101066
1.62	3.124392033002675
1.63	1.4559155009744367
1.6399999999999997	1.0594571195593683
1.6500000000000004	0.7284864496626628
1.6600000000000001	0.6041010595327744
1.67	0.5685383438080021
1.6799999999999997	0.4930556929641172
1.6900000000000004	0.4419465358488185
1.7000000000000002	0.3950480772834419
1.71	0.36725663268883707
1.7199999999999998	0.3340771328856383
1.7300000000000004	0.3188700872021242
1.7400000000000002	0.306350150408629
1.75	0.301580658945329
1.7599999999999998	0.27740205303713533
1.7700000000000005	0.2881939611064862
1.7800000000000002	0.2671435694069994
1.79	0.26394964496492523
1.7999999999999998	0.2275188645215498
1.8100000000000005	0.25688885153634167
1.8200000000000003	0.2501720810764605
1.83	0.24378442192732047
1.8399999999999999	0.2442176895025073
1.8500000000000005	0.2443687522269337
1.8600000000000003	0.21963706565484523
1.87	0.2544885244820848
1.88	0.21937540435403657
1.8899999999999997	0.22963292315673617
1.9000000000000004	0.23049117924052256
1.9100000000000001	0.23347015051336018
1.92	0.21972108604056542
1.9299999999999997	0.24174109204369557
1.9400000000000004	0.22808824387782786
1.9500000000000002	0.2466831963276924
1.96	0.25908072192831727
1.9699999999999998	0.2511108030133063
1.9800000000000004	0.24697846858038205
1.9900000000000002	0.2719753839360308
2.	0.2607533839471097
2.01	0.2620039545385501
2.0200000000000005	0.2844888115895786
2.0300000000000002	0.27749560203342194
2.04	0.3048876790179219
2.05	0.3263577443847511
2.0600000000000005	0.3300477727522107
2.0700000000000003	0.3426244995959117
2.08	0.3841504326705808
2.09	0.40950191189565377
2.1000000000000005	0.4165690228955383
2.1100000000000003	0.491488984751932
2.12	0.5268546319044882
2.13	0.6117429206236754
2.1399999999999997	0.6644917171225538
2.1500000000000004	0.8252297561843964
2.16	1.0586338544835796
2.17	1.5783078814490927
2.1799999999999997	1.000738179968198
2.1900000000000004	0.5293351929059427
2.2	0.3670328689361363
2.21	0.2816883606776038
2.2199999999999998	0.2565647572718532
2.2300000000000004	0.21348568623787575
2.24	0.21487491833935812
2.25	0.17188030521172795
2.26	0.15060284049735015
2.2700000000000005	0.1552582418632486
2.2800000000000002	0.14134856526578327
2.29	0.13130161098683207
2.3	0.12497651925307883
2.3100000000000005	0.129514389236321
2.3200000000000003	0.12433565085263258
2.33	0.1160486512838465
2.34	0.12041708493116811
2.3500000000000005	0.12828786715442592
2.3600000000000003	0.1127157848913564
2.37	0.11141409889869146
2.38	0.11329563054584843
2.3899999999999997	0.11014593976859521
2.4000000000000004	0.11701738401623456
2.41	0.11394440255022585
2.42	0.11747862308515053
2.4299999999999997	0.11388575775596173
2.4400000000000004	0.12304917670057557
2.45	0.11857247036972467
2.46	0.11849813019372137
2.4699999999999998	0.11940324497044358
2.4800000000000004	0.12347695190330676
2.49	0.12475807378855941
2.5	0.13304587561065442
2.51	0.13005200487671664
2.5200000000000005	0.14268759147950427
2.5300000000000002	0.1527589860035808
2.54	0.16732756644806193
2.55	0.1780811744165842
2.5600000000000005	0.1931106296685115
2.5700000000000003	0.20994144597039788
2.58	0.23859484596857636
2.59	0.27827605507773956
2.6000000000000005	0.3323105309568403
2.6100000000000003	0.44542562077632103
2.62	0.43357744694313344
2.63	0.24379285659268868
2.6399999999999997	0.1813087809629906
2.6500000000000004	0.15768186672781292
2.66	0.13660750001293276
2.67	0.12375947841554821
2.6799999999999997	0.11057385558837159
2.6900000000000004	0.10350725631838793
2.7	0.09868994414549044
2.71	0.09656468113244127
2.7199999999999998	0.09036893708149799
2.7300000000000004	0.08917682575505699
2.74	0.08778248369668572
2.75	0.09139306918951705
2.76	0.08186919966461847
2.7700000000000005	0.08666321974502819
2.7800000000000002	0.08403056221950851
2.79	0.08495825818776297
2.8	0.08667555292313904
2.8100000000000005	0.08417714707362677
2.8200000000000003	0.07737187587666645
2.83	0.06900572628658053
2.84	0.08348824082034655
2.8500000000000005	0.0755636151754318
2.8600000000000003	0.07434368918299583
2.87	0.07235872214400539
2.88	0.07066764127766975
2.8899999999999997	0.05223273220773935
2.9000000000000004	0.04209339933284212
2.91	0.013005349186273248
2.92	0.007406339735587451
2.9299999999999997	0.005266922831764514
2.9400000000000004	0.0037370252546770947
2.95	0.0028028847607075077
2.96	0.0022385888191917003
2.9699999999999998	0.0018325141619627268
2.9800000000000004	0.0014411087108753438
2.99	0.0011527414264025275
3.	0.0009490325483546409