0.	0.43503655682200487
0.01	0.354591286951364
0.02	0.30123580532120947
0.03	0.3302009788536486
0.04	0.4012058736225155
0.05	0.4587157675428492
0.06	0.46768800700440727
0.07	0.37365468623844433
0.08	0.2964397517389402
0.09	0.2866229330976831
0.1	0.3657499630253924
0.11	0.43976987451079663
0.12	0.47523401953717026
0.13	0.39535757450584663
0.14	0.3085326326882502
0.15	0.2726119303197202
0.16	0.3500447806525226
0.17	0.4264356504789381
0.18	0.45704714562366683
0.19	0.41257208852755806
0.2	0.32319740723923934
0.21	0.2706400494392418
0.22	0.3320722390574928
0.23	0.4217710261574862
0.24	0.4634961766780082
0.25	0.44961662620466614
0.26	0.37281422077383347
0.27	0.2830231095818318
0.28	0.3062796512777109
0.29	0.38850495706881344
0.3	0.4683922432281447
0.31	0.46463257818248005
0.32	0.36886495928115404
0.33	0.27808074095564583
0.34	0.2969104019547537
0.35000000000000003	0.3832166546585575
0.36	0.468414010180996
0.37	0.4571341135334402
0.38	0.39041145728932686
0.39	0.3045968124149166
0.4	0.2845029391427917
0.41000000000000003	0.34496331774684186
0.42	0.4461538515415192
0.43	0.4812390019121727
0.44	0.42706618917965034
0.45	0.3131981394584962
0.46	0.2807773631515992
0.47000000000000003	0.34978860579773363
0.48	0.43006186270401076
0.49	0.45832822617711216
0.5	0.42827642403682625
0.51	0.3179842334326065
0.52	0.27008468393645096
0.53	0.34187704019315773
0.54	0.4255192829799859
0.55	0.49748854955525645
0.56	0.4209646653840733
0.5700000000000001	0.32157822899761285
0.58	0.2655464592656231
0.59	0.327468041928281
0.6	0.4268000557998329
0.61	0.4768461788871621
0.62	0.4138362522048715
0.63	0.3241324520416828
0.64	0.2799801188231924
0.65	0.3341127731968054
0.66	0.4389145871664706
0.67	0.450094488710851
0.68	0.39619154636100634
0.6900000000000001	0.3137077492264246
0.7000000000000001	0.2603935977036908
0.71	0.32643588249306477
0.72	0.4306748049032234
0.73	0.4583191694815332
0.74	0.4030616567896959
0.75	0.30235589893694875
0.76	0.27330826170212524
0.77	0.3420805165135239
0.78	0.4327392656819967
0.79	0.4468010282439116
0.8	0.3764168159603209
0.81	0.2744812153200957
0.8200000000000001	0.270809446635585
0.8300000000000001	0.3777297923188333
0.84	0.4151302555737907
0.85	0.4321983810696326
0.86	0.35476309814633705
0.87	0.2660988141383716
0.88	0.29494237098147885
0.89	0.3823492795590822
0.9	0.4369043256728469
0.91	0.4258660035775188
0.92	0.30516498053391794
0.93	0.25793234369243156
0.9400000000000001	0.3203507633329085
0.9500000000000001	0.40234051298710477
0.96	0.41846838115581475
0.97	0.3437711219202273
0.98	0.2874634985134435
0.99	0.26825976460942186
1.	0.37000968601513873
1.01	0.4098942374164893
1.02	0.39051330917959093
1.03	0.3070993365405269
1.04	0.2596228575296666
1.05	0.299940427810167
1.06	0.3933858593001165
1.07	0.41205660201610805
1.08	0.3296082665718237
1.09	0.26196966291010615
1.1	0.26928179383775946
1.11	0.35048620130239916
1.12	0.38147009912895413
1.1300000000000001	0.35127005779255177
1.1400000000000001	0.26638047821916644
1.1500000000000001	0.258207611706893
1.16	0.33696601521438513
1.17	0.3850380857601987
1.18	0.33387742309039176
1.19	0.2640861018487045
1.2	0.2330872528448019
1.21	0.3036164342264289
1.22	0.37642279518243554
1.23	0.3410957499759637
1.24	0.272078359622098
1.25	0.24028360184698472
1.26	0.29158708516701515
1.27	0.37618478176927755
1.28	0.33041173079463737
1.29	0.2540305303210758
1.3	0.22798989723573515
1.31	0.2834520699749369
1.32	0.3426979820720774
1.33	0.31159700545263
1.34	0.22178541922711684
1.35	0.2266642482251773
1.36	0.32047276434819344
1.37	0.3313080993893968
1.3800000000000001	0.26540861887701145
1.3900000000000001	0.22451093399035763
1.4000000000000001	0.254521696340876
1.41	0.3072092494956995
1.42	0.2911199557581525
1.43	0.2252872810782772
1.44	0.20969829161397474
1.45	0.26561544916288177
1.46	0.2762872842307928
1.47	0.2335486076386582
1.48	0.19920805386776386
1.49	0.2363041966775681
1.5	0.2750472166633844
1.51	0.2294597980653716
1.52	0.19451040390154728
1.53	0.19410937800048345
1.54	0.24590028131071487
1.55	0.2233596541289653
1.56	0.17860066516759482
1.57	0.19085536644794238
1.58	0.23114044909779594
1.59	0.20765907698329478
1.6	0.17510923133183878
1.61	0.1807191351164859
1.62	0.21730229843476576
1.6300000000000001	0.19860334536145416
1.6400000000000001	0.15644457133966194
1.6500000000000001	0.1901413858957582
1.6600000000000001	0.18127292239710363
1.67	0.15137192677503947
1.68	0.1443360853441854
1.69	0.1739550645511765
1.7	0.14455863510691666
1.71	0.13081953079592817
1.72	0.13065608635390202
1.73	0.14876650536714034
1.74	0.11551251509558627
1.75	0.11329164209371269
1.76	0.11009849007604974
1.77	0.09954929598161437
1.78	0.10087151392387315
1.79	0.09848634993291826
1.8	0.07961884755313367
1.81	0.0819811783231517
1.82	0.07089060309341114
1.83	0.062487334887987585
1.84	0.06215116397841977
1.85	0.059208372127755475
1.86	0.05105489642651892
1.87	0.045576364471404715
1.8800000000000001	0.03898384257068444
1.8900000000000001	0.0320762996507971
1.9000000000000001	0.02548068610866698
1.9100000000000001	0.024394563015535834
1.92	0.016483189796792665
1.93	0.011635961571266422
1.94	0.009115705242536574
1.95	0.005636511714468778
1.96	0.0033252902633081846
1.97	0.0015631067063230665
1.98	0.00047320859363503205
1.99	0.00014179056550641715
2.	4.2966365677249775e-8