0.	0.2809908326930698
0.01	0.278060754980188
0.02	0.3734702565924252
0.03	0.4847886281959874
0.04	0.5156032889538303
0.05	0.45972951711855164
0.06	0.30207686693448443
0.07	0.24381978617223235
0.08	0.343786399957717
0.09	0.47962187941612405
0.1	0.5216594051225678
0.11	0.4851649435657719
0.12	0.3341607359761411
0.13	0.2413044605440906
0.14	0.29146210786773497
0.15	0.4339828601679702
0.16	0.5066048327785536
0.17	0.4978081530811429
0.18	0.3848646973334008
0.19	0.2566572599417394
0.2	0.2685478903909986
0.21	0.41028199196381976
0.22	0.5095654718256395
0.23	0.517381184492582
0.24	0.4244101387356743
0.25	0.27772777594797243
0.26	0.25560355452871636
0.27	0.3709032964773191
0.28	0.5000181191920049
0.29	0.5214515153539478
0.3	0.44934147935142993
0.31	0.30585188973137156
0.32	0.23925946377077503
0.33	0.33347518662973535
0.34	0.47300414320823314
0.35000000000000003	0.5292617185480376
0.36	0.46119866035033213
0.37	0.32589768483492276
0.38	0.23908258450362052
0.39	0.3113408579153354
0.4	0.45690676107350453
0.41000000000000003	0.5229238290510922
0.42	0.4891163261356549
0.43	0.3469580557224964
0.44	0.24683078842729236
0.45	0.2935147088452171
0.46	0.44319117760483034
0.47000000000000003	0.5129894543939595
0.48	0.5060743628188564
0.49	0.3601810748768887
0.5	0.24496857876468886
0.51	0.27128287054126116
0.52	0.4270901147648707
0.53	0.5148765240661973
0.54	0.5085690037961562
0.55	0.3683769121640306
0.56	0.24387266804925925
0.5700000000000001	0.27324259445208726
0.58	0.41844267746317076
0.59	0.5117295831980186
0.6	0.49811429641972316
0.61	0.3657201218737396
0.62	0.24854897722874186
0.63	0.27377984067808736
0.64	0.4063847247876212
0.65	0.5126417456361262
0.66	0.4760279273171055
0.67	0.3756414559945313
0.68	0.2446237217138109
0.6900000000000001	0.28550774528773726
0.7000000000000001	0.4301201507387271
0.71	0.530120866083543
0.72	0.4902670643081122
0.73	0.349629786097224
0.74	0.23573929435166258
0.75	0.29817704953551527
0.76	0.4466326579306808
0.77	0.5202335838143226
0.78	0.46914230443021404
0.79	0.3032370246298669
0.8	0.23267333256400013
0.81	0.33182887126576605
0.8200000000000001	0.46907803945938187
0.8300000000000001	0.49797744806000627
0.84	0.42387991613281484
0.85	0.26354941307359797
0.86	0.2356179072018939
0.87	0.37487118065341124
0.88	0.47746984282614124
0.89	0.4826045263265968
0.9	0.3687186116396318
0.91	0.22741314721439215
0.92	0.26707239200278754
0.93	0.41559126011836645
0.9400000000000001	0.4900220693735159
0.9500000000000001	0.4546563365222978
0.96	0.2949730523891586
0.97	0.2261781392359786
0.98	0.33946462916946585
0.99	0.462078443821165
1.	0.47999676033347155
1.01	0.3604351662264198
1.02	0.22535446419397584
1.03	0.25890109918222065
1.04	0.42378350828174316
1.05	0.4860881368275307
1.06	0.42848720162312653
1.07	0.25122948273278856
1.08	0.22739877070719883
1.09	0.35782706275313625
1.1	0.46669713466975665
1.11	0.4563876739482822
1.12	0.2878686105226549
1.1300000000000001	0.2090254970268578
1.1400000000000001	0.3121518159912871
1.1500000000000001	0.4566775049019493
1.16	0.4659316730225525
1.17	0.31864146961403295
1.18	0.20961204341244075
1.19	0.2914048005099881
1.2	0.43238477305611506
1.21	0.46051850469803596
1.22	0.3203100524067429
1.23	0.2004953965144128
1.24	0.27794856524315537
1.25	0.4224846245135126
1.26	0.44149997977811645
1.27	0.29791259776732376
1.28	0.1919026946758855
1.29	0.288429134515661
1.3	0.42355828203650797
1.31	0.40917058197769396
1.32	0.2556855724644575
1.33	0.20104525521708727
1.34	0.31978641364144467
1.35	0.42554028857998316
1.36	0.3611545916235186
1.37	0.2073512651777124
1.3800000000000001	0.23077430676599633
1.3900000000000001	0.36057037300521383
1.4000000000000001	0.40725228739494196
1.41	0.26448360034548113
1.42	0.1793414350167809
1.43	0.2836019616729074
1.44	0.3798117740441597
1.45	0.3266079940839627
1.46	0.18830531067896977
1.47	0.21825210750849902
1.48	0.36208964185101133
1.49	0.364174343044152
1.5	0.2038832911179801
1.51	0.178688922476883
1.52	0.31300957265919477
1.53	0.35765469834739977
1.54	0.210661083685011
1.55	0.17429786619394494
1.56	0.29256178816732986
1.57	0.3204281308706769
1.58	0.1901187910213998
1.59	0.1776685924786285
1.6	0.2878110306529906
1.61	0.3094547549871194
1.62	0.1655247962356007
1.6300000000000001	0.1777612177939584
1.6400000000000001	0.2917476097505657
1.6500000000000001	0.21943321844166513
1.6600000000000001	0.13854704677837656
1.67	0.21184743044662377
1.68	0.266335734905393
1.69	0.15279168400689305
1.7	0.15445048458996713
1.71	0.23715255868160415
1.72	0.16842317030384923
1.73	0.12525812420324567
1.74	0.2011932825091679
1.75	0.164125221870472
1.76	0.11018984870580673
1.77	0.1659676107673311
1.78	0.14187898967798673
1.79	0.10112094307201225
1.8	0.1544374207633256
1.81	0.1092946714443087
1.82	0.09167051392516859
1.83	0.13161037561454147
1.84	0.07625954101580198
1.85	0.09346862253651445
1.86	0.08405358065844099
1.87	0.06393841126455789
1.8800000000000001	0.06626528833534356
1.8900000000000001	0.047987030957218804
1.9000000000000001	0.050669452234391635
1.9100000000000001	0.035497423415025466
1.92	0.03222021673277048
1.93	0.025056076625997285
1.94	0.019850711965845348
1.95	0.01583473389642009
1.96	0.008764396385516814
1.97	0.004057198726168584
1.98	0.0018095387318977014
1.99	0.00016901878533565027
2.	2.811314508616537e-8