0.	0.2790955278658784
0.01	0.2619418112186446
0.02	0.3599701146691435
0.03	0.47435048028771987
0.04	0.5149501996427848
0.05	0.4512758678593543
0.06	0.30273329893262496
0.07	0.23607700510791313
0.08	0.31949262430953446
0.09	0.45480429089418795
0.1	0.511325571233861
0.11	0.4784027549957066
0.12	0.34129665036366674
0.13	0.23703763766782118
0.14	0.281968630296289
0.15	0.42065122298440877
0.16	0.5163113002104321
0.17	0.508912868118606
0.18	0.39232276588734666
0.19	0.24597746463386397
0.2	0.2637645306547691
0.21	0.39965246368929913
0.22	0.5057529609316165
0.23	0.5108934361892054
0.24	0.43200987019060477
0.25	0.272663048807965
0.26	0.24462434059614005
0.27	0.3492820370307965
0.28	0.484316531626399
0.29	0.5314452250255411
0.3	0.4496612472624985
0.31	0.2984791692536055
0.32	0.23447639825624264
0.33	0.32122482037492134
0.34	0.46067783587322375
0.35000000000000003	0.5152289322405478
0.36	0.47942307588050154
0.37	0.32798681075336444
0.38	0.23188259361982239
0.39	0.29587748672767294
0.4	0.4463905297914836
0.41000000000000003	0.5261703429617448
0.42	0.4777889252911463
0.43	0.35026772066486966
0.44	0.23474661971743055
0.45	0.2791198179772333
0.46	0.4240566626946116
0.47000000000000003	0.501487133489961
0.48	0.4884573572726301
0.49	0.3709163817722246
0.5	0.23598147720333043
0.51	0.2645348851065574
0.52	0.416684229001722
0.53	0.49649039566820136
0.54	0.5003985281340602
0.55	0.3811957744766127
0.56	0.24210225892603604
0.5700000000000001	0.2667401800008812
0.58	0.4127533310918423
0.59	0.5123175906173392
0.6	0.5117224501428037
0.61	0.37666830120940176
0.62	0.2388511536065717
0.63	0.26040180561563
0.64	0.3939329708933527
0.65	0.5077639409487185
0.66	0.49860484736054045
0.67	0.3754891142843761
0.68	0.2363898640486717
0.6900000000000001	0.2618298754135334
0.7000000000000001	0.41595332333386786
0.71	0.4988672513548473
0.72	0.496722196832753
0.73	0.34281600492186715
0.74	0.2261177427178518
0.75	0.274915586918378
0.76	0.42369901400483867
0.77	0.49764984172879256
0.78	0.47034067220625286
0.79	0.3119647619667746
0.8	0.22531851519584842
0.81	0.2967614375974366
0.8200000000000001	0.47225346244642663
0.8300000000000001	0.49778557800732753
0.84	0.4231856971486556
0.85	0.267350176812539
0.86	0.22505864563046477
0.87	0.346569364544416
0.88	0.470429040339347
0.89	0.48351286036560825
0.9	0.3741048549097944
0.91	0.2274598527283225
0.92	0.25629217440881125
0.93	0.41300696929474917
0.9400000000000001	0.49049939980599777
0.9500000000000001	0.43639042500015546
0.96	0.2993377010800239
0.97	0.21578992443915898
0.98	0.3269420466401068
0.99	0.45736170280834393
1.	0.4736599104821113
1.01	0.3630667973278829
1.02	0.2192053600395011
1.03	0.25593159251959485
1.04	0.39853284471140027
1.05	0.4887524697368376
1.06	0.4193771701527695
1.07	0.26243918849375736
1.08	0.21643581796848008
1.09	0.3267704340720578
1.1	0.44364576790068533
1.11	0.43461058873172775
1.12	0.30327501402696466
1.1300000000000001	0.2078993014103059
1.1400000000000001	0.29008108150469686
1.1500000000000001	0.4344314561732604
1.16	0.4589026730964696
1.17	0.3155581644595418
1.18	0.2016126829764338
1.19	0.2665057756180278
1.2	0.4000533557753757
1.21	0.4346107200209824
1.22	0.3220193201042872
1.23	0.19452279877561748
1.24	0.25467284632485104
1.25	0.3956586906210333
1.26	0.42983709972693895
1.27	0.2952012206422568
1.28	0.1943238877293247
1.29	0.2644533460268626
1.3	0.3996488733377847
1.31	0.4044689581661619
1.32	0.2583042571609523
1.33	0.1873980320122011
1.34	0.30124455913096765
1.35	0.39878144134372995
1.36	0.35863566597124374
1.37	0.20453413684935043
1.3800000000000001	0.206271289809976
1.3900000000000001	0.326227292329076
1.4000000000000001	0.3984157413281681
1.41	0.279653438099536
1.42	0.18060298741600206
1.43	0.25518156790372276
1.44	0.3710583875080834
1.45	0.3359290654047526
1.46	0.19082192634069525
1.47	0.204598306121446
1.48	0.3159838635794419
1.49	0.34947957501650395
1.5	0.2071198795963288
1.51	0.1832926499535263
1.52	0.283035215881824
1.53	0.3277651165130005
1.54	0.20989912950039832
1.55	0.16525345894951624
1.56	0.2563991158322524
1.57	0.3013279251989405
1.58	0.18229597631871217
1.59	0.16289594914622163
1.6	0.25179006224705924
1.61	0.2680671047806329
1.62	0.15760478919450494
1.6300000000000001	0.16156819873468187
1.6400000000000001	0.2682597491476087
1.6500000000000001	0.2148944651374066
1.6600000000000001	0.14107663904859652
1.67	0.18280704382295687
1.68	0.2524567022510791
1.69	0.16249716407331302
1.7	0.14453137191214402
1.71	0.20324584952461078
1.72	0.1635171205550328
1.73	0.12314672871575355
1.74	0.17389719807631454
1.75	0.16559995470365468
1.76	0.10583360771857867
1.77	0.14212263986085144
1.78	0.13411887490405078
1.79	0.09649067032154074
1.8	0.12324252549802774
1.81	0.09452628279115509
1.82	0.09027142413988694
1.83	0.10384472301892071
1.84	0.07686678982865837
1.85	0.08588327459450931
1.86	0.06686432767439882
1.87	0.05751063466177297
1.8800000000000001	0.052188301622484216
1.8900000000000001	0.04518410847105709
1.9000000000000001	0.04132477476351822
1.9100000000000001	0.030196904326322476
1.92	0.025578891523939343
1.93	0.019882213669613742
1.94	0.015675903720540105
1.95	0.01189987798384712
1.96	0.006547306374656512
1.97	0.002419619631752308
1.98	0.001313696564693917
1.99	0.00021406278276459714
2.	1.9419621985256832e-8