0.	0.45120998238659893
0.01	0.340055401340062
0.02	0.292491595225304
0.03	0.32489942636645264
0.04	0.42238739315601276
0.05	0.4827212124186026
0.06	0.44318659549778233
0.07	0.37081867296032134
0.08	0.27527984191311206
0.09	0.29957689846418667
0.1	0.3844609893482773
0.11	0.45040054747246416
0.12	0.47720106324317874
0.13	0.39040139074941616
0.14	0.28592129503040137
0.15	0.2797770357264841
0.16	0.3600550484436593
0.17	0.4496873527033928
0.18	0.4654022975591146
0.19	0.41492983189479743
0.2	0.3010758822118967
0.21	0.27299809782906365
0.22	0.32554450841357924
0.23	0.41895761404367643
0.24	0.4609840198189805
0.25	0.4342441471381676
0.26	0.3215331737788852
0.27	0.2775180186116809
0.28	0.3014157724643003
0.29	0.41075923379656776
0.3	0.4644610872987614
0.31	0.4326671087143443
0.32	0.3438631270706564
0.33	0.2780888109574211
0.34	0.2965093834069045
0.35000000000000003	0.3863358451161939
0.36	0.4833695476324546
0.37	0.4590470865794274
0.38	0.365079467642718
0.39	0.2878823093404715
0.4	0.2780037983866682
0.41000000000000003	0.38028520234625257
0.42	0.4672519831678048
0.43	0.4607985287260564
0.44	0.3937708779145271
0.45	0.2942784075409427
0.46	0.27309225986624314
0.47000000000000003	0.35716970482998445
0.48	0.45509880632151717
0.49	0.4724300365777896
0.5	0.39848240110047795
0.51	0.3019965429378618
0.52	0.269808959829074
0.53	0.3459257335948577
0.54	0.4434161108281676
0.55	0.455651650822651
0.56	0.40389885996211095
0.5700000000000001	0.30049349881032206
0.58	0.27222293791168545
0.59	0.3456234757676369
0.6	0.4419464266719424
0.61	0.47034510291505705
0.62	0.4074641524945265
0.63	0.3066963699476514
0.64	0.26466754285750393
0.65	0.34192828904075007
0.66	0.42694365180727517
0.67	0.4536248958915886
0.68	0.3898658227167264
0.6900000000000001	0.28683199491413197
0.7000000000000001	0.27592243783535614
0.71	0.3475288051151382
0.72	0.4485601560534518
0.73	0.47395067284902404
0.74	0.37777522488415005
0.75	0.27972006583635584
0.76	0.27105203179591286
0.77	0.3527450582733661
0.78	0.43205354176454375
0.79	0.4439514249181897
0.8	0.34737835809272766
0.81	0.276005069264137
0.8200000000000001	0.2786954407904707
0.8300000000000001	0.3742689656231174
0.84	0.44886600811553856
0.85	0.4274663083335199
0.86	0.32284112310636076
0.87	0.26959203855520447
0.88	0.3120009537298928
0.89	0.3913144358457336
0.9	0.43552496582861966
0.91	0.3960720449756354
0.92	0.28571741692801356
0.93	0.2547100134828768
0.9400000000000001	0.3208234906486292
0.9500000000000001	0.4146066970950233
0.96	0.4145935077821624
0.97	0.3386795555692657
0.98	0.25724686639975614
0.99	0.27276495440682075
1.	0.3615410416595016
1.01	0.4478507040811454
1.02	0.3780138522849502
1.03	0.2844515905969858
1.04	0.2522989068505483
1.05	0.31620204728421164
1.06	0.40542799643561706
1.07	0.396078474203489
1.08	0.30903278924078825
1.09	0.24407055680900003
1.1	0.2789974854336748
1.11	0.38530022364788963
1.12	0.38973695631028293
1.1300000000000001	0.31859471881346296
1.1400000000000001	0.24212298069998275
1.1500000000000001	0.26409427805742075
1.16	0.339372104144921
1.17	0.41071059924866665
1.18	0.350545705170187
1.19	0.258318080007032
1.2	0.24505752477795978
1.21	0.33066067241181607
1.22	0.36626848524865474
1.23	0.33455418225508626
1.24	0.25504735720678884
1.25	0.2386029817024096
1.26	0.32934467595438033
1.27	0.37157733057780956
1.28	0.31035631596418967
1.29	0.2356047351969462
1.3	0.23505228864670055
1.31	0.31767315575198324
1.32	0.3485925991453644
1.33	0.305953591079886
1.34	0.21746622555881848
1.35	0.24420104436354653
1.36	0.29642899239761117
1.37	0.30860268116484646
1.3800000000000001	0.25715101699521187
1.3900000000000001	0.20452064261965205
1.4000000000000001	0.25214636644801464
1.41	0.3132230540524808
1.42	0.291889631817947
1.43	0.21265999589369586
1.44	0.2294834750984577
1.45	0.26914801532027305
1.46	0.29280372329743487
1.47	0.21643998794150418
1.48	0.1958048071063801
1.49	0.24670650550016257
1.5	0.2946187791688934
1.51	0.23433666186911137
1.52	0.18006406128390035
1.53	0.2149313178266292
1.54	0.2416975371590951
1.55	0.20772182221086932
1.56	0.18365076065470162
1.57	0.19271987614173186
1.58	0.2405107158821332
1.59	0.19913370874214764
1.6	0.16161071725406156
1.61	0.17892739041322006
1.62	0.2054090448741888
1.6300000000000001	0.16686566008031206
1.6400000000000001	0.14743039808061284
1.6500000000000001	0.18341216381324424
1.6600000000000001	0.17850103690770272
1.67	0.15022283869422717
1.68	0.14096229644483188
1.69	0.16256726915802044
1.7	0.15459790183042674
1.71	0.12226957797118021
1.72	0.14496768284368738
1.73	0.13248119864727925
1.74	0.12129344203379694
1.75	0.1127602911049051
1.76	0.11829426163129632
1.77	0.10510782219292931
1.78	0.09603674793353897
1.79	0.09316235036567241
1.8	0.07976640376945453
1.81	0.08712424298743522
1.82	0.08085400156097008
1.83	0.06037918299295101
1.84	0.06376275763961572
1.85	0.0579571604471075
1.86	0.04652208309413184
1.87	0.04289868403017816
1.8800000000000001	0.037310102073686915
1.8900000000000001	0.02987026985529187
1.9000000000000001	0.027548985773855988
1.9100000000000001	0.022461880574859577
1.92	0.01589720489388958
1.93	0.01340672643495399
1.94	0.00715988246052716
1.95	0.0051256720247372335
1.96	0.002882553300591132
1.97	0.0016929118720382457
1.98	0.0005072833640278959
1.99	0.00006410867107002902
2.	2.0134835843238258e-8