0.	11.332037147704186
0.01	10.868897809633726
0.02	5.079753296792374
0.03	11.940235566360473
0.04	12.311666704270172
0.05	12.102354349146344
0.06	11.725809935362612
0.07	10.895362672788742
0.08	8.50463618195313
0.09	11.450550413458982
0.1	11.811610525697171
0.11	12.70248781308459
0.12	12.828876654665619
0.13	12.85113866808448
0.14	12.71835320940784
0.15	12.451517996809965
0.16	12.085524585167967
0.17	11.536068581811135
0.18	10.471491402813898
0.19	8.14607613832844
0.2	8.137587389043663
0.21	10.2620721946308
0.22	12.477206917578036
0.23	12.840227175443097
0.24	12.984686518086052
0.25	13.059995848574026
0.26	12.978922576013307
0.27	12.904909914536686
0.28	12.7987059531726
0.29	12.652446881568308
0.3	12.391061233850184
0.31	12.009220791595574
0.32	11.479796016051171
0.33	10.509344920127935
0.34	8.232988166049989
0.35000000000000003	7.109171124889068
0.36	9.255099061723822
0.37	12.22853891476145
0.38	12.761203711078014
0.39	12.948471536123394
0.4	13.017636894165888
0.41000000000000003	13.030239112981903
0.42	13.038424421120162
0.43	12.972222231635081
0.44	12.946146134332576
0.45	12.867420282625567
0.46	12.771809717319924
0.47000000000000003	12.650957270365605
0.48	12.484735409519791
0.49	12.237421376723336
0.5	11.894765338281225
0.51	11.315569914729322
0.52	10.242145990721202
0.53	7.008228470692736
0.54	6.592360807248049
0.55	11.042269803635671
0.56	12.331327469614134
0.5700000000000001	12.633582648784332
0.58	12.752044282427974
0.59	12.790123378811627
0.6	12.838248484495574
0.61	12.819137862140288
0.62	12.819992085361763
0.63	12.807177432345842
0.64	12.764706498386259
0.65	12.726335823813377
0.66	12.665930430466965
0.67	12.599147879105065
0.68	12.529154235229653
0.6900000000000001	12.429979558826506
0.7000000000000001	12.260094477763051
0.71	12.06796161061424
0.72	11.78689199788858
0.73	11.28936393342054
0.74	10.331282176269967
0.75	6.913753314255744
0.76	7.20491897232492
0.77	11.371115330306072
0.78	12.072729735744131
0.79	12.24083759431236
0.8	12.287781838589611
0.81	12.329217554503
0.8200000000000001	12.343462760379253
0.8300000000000001	12.353534263171086
0.84	12.356036059304795
0.85	12.34737905307375
0.86	12.326584076226638
0.87	12.301063801593742
0.88	12.289802848548067
0.89	12.251725190057922
0.9	12.190883977524253
0.91	12.148802412871522
0.92	12.108648362174387
0.93	12.017780305021628
0.9400000000000001	11.914883889633616
0.9500000000000001	11.760674420444593
0.96	11.584200605701072
0.97	11.32438810810689
0.98	10.860601867803695
0.99	9.757128250172588
1.	5.3442771119255434
1.01	9.139426382787004
1.02	11.267190475712514
1.03	11.537825463948172
1.04	11.609465785009423
1.05	11.652234390797329
1.06	11.667328349208205
1.07	11.663381129790807
1.08	11.665892923918395
1.09	11.65492093816905
1.1	11.650236052162665
1.11	11.632545181271706
1.12	11.624979777778718
1.1300000000000001	11.611808346485827
1.1400000000000001	11.580791314420338
1.1500000000000001	11.548004585272594
1.16	11.517295153127206
1.17	11.48230715571544
1.18	11.446328446981408
1.19	11.386428082829951
1.2	11.298890027275693