0.	7.527382109584134
0.01	7.1762026973580255
0.02	3.6141400649253295
0.03	9.003909166138211
0.04	9.449341220832787
0.05	9.19794566051053
0.06	8.862923012424957
0.07	7.862925627359689
0.08	5.279587990395352
0.09	13.009891726462662
0.1	8.553042599656834
0.11	10.336387561899876
0.12	10.647927148811895
0.13	10.67614493583715
0.14	10.543122167821172
0.15	10.335399344983077
0.16	9.822964153391542
0.17	9.260494519248127
0.18	8.227412031142944
0.19	5.735579874734537
0.2	8.410585830939098
0.21	6.520961803935385
0.22	10.062473327001596
0.23	10.997334406223205
0.24	11.293891817949008
0.25	11.34511419338433
0.26	11.297811633061457
0.27	11.244239461747199
0.28	11.095022818332724
0.29	10.954403665209888
0.3	10.610307251629678
0.31	10.272138601262444
0.32	9.692327093141158
0.33	8.64115795419149
0.34	6.367394630195624
0.35000000000000003	6.901939968673252
0.36	6.1152470587248295
0.37	9.552482216447697
0.38	11.044890787714877
0.39	11.459912630553662
0.4	11.632461395877144
0.41000000000000003	11.681111677934478
0.42	11.737780114395907
0.43	11.669140195868472
0.44	11.636732872878744
0.45	11.521659838117033
0.46	11.420161969436046
0.47000000000000003	11.258050361283553
0.48	11.044294715474212
0.49	10.802586014447366
0.5	10.342658622719192
0.51	9.811418226747326
0.52	8.654664389896778
0.53	5.24810556538794
0.54	5.606464178705148
0.55	7.792733112404962
0.56	10.53639396788567
0.5700000000000001	11.332482232201384
0.58	11.599154208498337
0.59	11.722454000567796
0.6	11.747739209803694
0.61	11.79698861555378
0.62	11.771990286492906
0.63	11.781255623235978
0.64	11.726907312583286
0.65	11.680862023003444
0.66	11.628922785666623
0.67	11.55093479966227
0.68	11.420690877908124
0.6900000000000001	11.328734319140478
0.7000000000000001	11.093491666166571
0.71	10.84593763722649
0.72	10.519866361470198
0.73	9.967786236697934
0.74	8.923284028915413
0.75	5.575679949768051
0.76	5.9289410342991795
0.77	8.89277966950697
0.78	10.824569606400393
0.79	11.273926947497559
0.8	11.414973244878787
0.81	11.508153217999952
0.8200000000000001	11.527187660654421
0.8300000000000001	11.542021776930575
0.84	11.529936187512904
0.85	11.52702538226009
0.86	11.520226347621593
0.87	11.507131087720348
0.88	11.50466846452067
0.89	11.439728830960423
0.9	11.374337848095886
0.91	11.307864809068821
0.92	11.216770150032593
0.93	11.134039138659533
0.9400000000000001	11.017815473965593
0.9500000000000001	10.845727206166139
0.96	10.577003664799639
0.97	10.321288493441829
0.98	9.752935772218407
0.99	8.686561097075932
1.	5.492272211756783
1.01	6.734922547492202
1.02	9.985579777809107
1.03	10.710356332029926
1.04	10.890600194988437
1.05	10.974941441059887
1.06	11.004354187311527
1.07	11.01846706972792
1.08	11.031350151192147
1.09	11.028052812902853
1.1	11.00650727815925
1.11	10.991081965046074
1.12	10.960695293796567
1.1300000000000001	10.929815267127514
1.1400000000000001	10.915204063537631
1.1500000000000001	10.868860809887881
1.16	10.845564510799061
1.17	10.779570205978704
1.18	10.727198582454967
1.19	10.656277445623665
1.2	10.578651054858492