0.	2.614481270518935e-7
0.01	2.6262063013979e-7
0.02	2.737260312366407e-7
0.03	2.716606713845779e-7
0.04	2.9346325134730317e-7
0.05	3.0153581024337573e-7
0.06	3.1193495549255203e-7
0.07	3.2307839193871886e-7
0.08	3.413911411205927e-7
0.09	3.6169437736022935e-7
0.1	3.869538088470745e-7
0.11	4.165210748031814e-7
0.12	4.5859751235116516e-7
0.13	5.100228132676572e-7
0.14	5.774740761164227e-7
0.15	6.683485209716332e-7
0.16	7.951264991968798e-7
0.17	9.80299932929062e-7
0.18	1.2680135214725275e-6
0.19	1.755444076551022e-6
0.2	2.694467236447564e-6
0.21	4.926980775519687e-6
0.22	0.00001294268355678893
0.23	0.00012011858557888432
0.24	0.04950652240448007
0.25	0.0683647131999704
0.26	0.11046901939064951
0.27	0.2511334723563711
0.28	0.4126735391873948
0.29	0.4950886486475332
0.3	0.5959941311405296
0.31	0.6006866649438699
0.32	0.5645085488901757
0.33	0.6110820626798458
0.34	0.5977785388982383
0.35000000000000003	0.6614164734807315
0.36	0.6042904577986244
0.37	0.580088755591055
0.38	0.593296454686038
0.39	0.6202727769651548
0.4	0.6111383526656212
0.41000000000000003	0.45736076296957995
0.42	0.5695654842623556
0.43	0.5240168428934755
0.44	0.6306951642694332
0.45	0.7870091336806287
0.46	0.6746278701151648
0.47000000000000003	0.6780749936473014
0.48	0.6844156613554074
0.49	0.7158025415939032
0.5	0.7428443196021156
0.51	0.6949513671884184
0.52	0.9708126716281776
0.53	0.8538247312107701
0.54	1.0279231534877737
0.55	0.9461572261278133
0.56	0.9443318915772135
0.5700000000000001	0.9441919549377363
0.58	0.9364927639728607
0.59	0.9782637694133409
0.6	1.0010759245247707
0.61	1.1236131861409817
0.62	1.1960818480606659
0.63	1.1650457732553783
0.64	1.1218031442406324
0.65	1.2774434232091378
0.66	1.0679910162080273
0.67	1.1216357373609491
0.68	1.105076394739719
0.6900000000000001	1.2414441538135152
0.7000000000000001	1.1738306657036324
0.71	1.2005021998432643
0.72	1.309492041899098
0.73	1.1667883240590944
0.74	1.23645894720071
0.75	1.1730111706727697
0.76	1.2979733184513318
0.77	1.2725695324805344
0.78	1.2080651561641655
0.79	1.2977253002432851
0.8	1.3062184849590608
0.81	1.2890129850788261
0.8200000000000001	1.2809555044108167
0.8300000000000001	1.2188280055948273
0.84	1.1313169435934696
0.85	0.9083351755489005
0.86	0.8768257413181711
0.87	0.8739342457628375
0.88	0.7712402306952016
0.89	0.7199796007347841
0.9	0.7373741776401878
0.91	0.6467643895787833
0.92	0.9121845828702714
0.93	1.1212832459259428
0.9400000000000001	1.2467199491967726
0.9500000000000001	1.4294441052721059
0.96	1.4832763058092462
0.97	1.43548865004915
0.98	1.4586087736858437
0.99	1.5874394408671524
1.	1.6464263145188451
1.01	1.6012052884526358
1.02	1.566849599211751
1.03	1.3710524442752559
1.04	0.7641971038043917
1.05	0.34714923716547985
1.06	0.3562090272434464
1.07	0.3371670847921077
1.08	0.3029730666321013
1.09	0.37079558121715733
1.1	0.3424042127036087
1.11	0.46977217909168856
1.12	0.47655297758986087
1.1300000000000001	0.6186380157893437
1.1400000000000001	0.7312033835727353
1.1500000000000001	0.7126198675657414
1.16	0.8349616486647838
1.17	0.9158007196201181
1.18	0.8854782891010781
1.19	0.9081263346003232
1.2	1.015386568309584
1.21	0.9204459176319044
1.22	1.0074579710027278
1.23	0.9613222963392609
1.24	1.0661521706953936
1.25	0.9687472224347061
1.26	1.009297844405247
1.27	0.9226668986780373
1.28	1.073658846846792
1.29	0.8562384699978931
1.3	1.0020735196574613
1.31	1.046256324775721
1.32	1.0084848365277888
1.33	1.0116890124603772
1.34	0.9881860396858094
1.35	1.1111728477352514
1.36	0.9458280574434228
1.37	1.023745499437224
1.3800000000000001	1.0785798776656026
1.3900000000000001	0.9612057221386031
1.4000000000000001	0.9484030717703007
1.41	1.0797538315654525
1.42	0.9280588806920508
1.43	1.0151493405418561
1.44	0.9851861387952461
1.45	0.9086706361458519
1.46	0.9572054363661157
1.47	0.8675935348003234
1.48	0.827907083516861
1.49	0.7906155881150636
1.5	0.8069305476703903