0.	6.35279284076759
0.01	7.017001110348727
0.02	9.103864476974085
0.03	0.7144917925512395
0.04	10.150227532009778
0.05	10.69638211440058
0.06	31.360220685873024
0.07	0.21370582072641398
0.08	10.577167280527256
0.09	14.616579023626874
0.1	15.374761355277897
0.11	15.08176218333131
0.12	13.491751054891816
0.13	13.57328062298957
0.14	1.833747149345323
0.15	16.26219565591774
0.16	16.66204985636438
0.17	16.955948196166464
0.18	16.9522738734611
0.19	16.88760837755216
0.2	16.813898946575954
0.21	16.670556513532556
0.22	15.938988942094243
0.23	4.005663266572759
0.24	2.535956439690948
0.25	15.959523042728518
0.26	17.363429132445958
0.27	17.63281997376995
0.28	17.672427232500162
0.29	17.59933074032174
0.3	17.47614905211723
0.31	18.157581428068223
0.32	17.901128274485444
0.33	17.376500387077122
0.34	16.24438504299225
0.35000000000000003	12.113397743142187
0.36	10.371948747847068
0.37	11.30425705875486
0.38	17.000633119076248
0.39	17.724571988141733
0.4	17.930262862412153
0.41000000000000003	18.002133608819868
0.42	18.014487966472164
0.43	17.983201449025426
0.44	17.926420450839704
0.45	17.824341270148988
0.46	18.251024443083043
0.47000000000000003	18.155242743178736
0.48	17.971982255442516
0.49	17.469574653859915
0.5	14.299472041598143
0.51	9.361334355981887
0.52	17.33352081070524
0.53	17.65870667230152
0.54	17.735106831091098
0.55	17.741749756269467
0.56	17.711441893204867
0.5700000000000001	17.65727335238592
0.58	17.5827467962959
0.59	17.493638070109345
0.6	17.409303446166465
0.61	17.09676709099802
0.62	16.969752202236563
0.63	16.84378571634206
0.64	16.715725477749817
0.65	16.562779977835586
0.66	16.225424890360117
0.67	14.570068610088098
0.68	8.190869305795864
0.6900000000000001	14.106741636489735
0.7000000000000001	16.174920133188895
0.71	16.528863112717
0.72	16.671185263895772
0.73	16.742283991616524
0.74	16.77686698013161
0.75	16.778318472671227
0.76	16.85103619853366
0.77	16.845116914059986
0.78	16.832508867416664
0.79	16.81994488127887
0.8	16.798587608098632
0.81	16.743197195428092
0.8200000000000001	16.656491924670945
0.8300000000000001	16.523236648689462
0.84	16.297286924230118
0.85	15.878496171251848
0.86	14.353768983884509
0.87	8.514276570057802
0.88	13.401740353835722
0.89	15.620238636249962
0.9	15.8864873572697
0.91	16.0643703379005
0.92	16.10303042179761
0.93	16.1386016359554
0.9400000000000001	16.16382816571698
0.9500000000000001	16.18211824679842
0.96	16.192767764077793
0.97	16.197917858369383
0.98	16.197727421342446
0.99	16.186554694932525
1.	16.169767802016842
1.01	16.146332863559767
1.02	16.104851210544897
1.03	16.03045051631824
1.04	15.899642141299324
1.05	15.663861015959139
1.06	14.671777421900602
1.07	9.146574102319692
1.08	12.933664180467494
1.09	13.48758055103271
1.1	14.926595702974499
1.11	15.149172383622656
1.12	15.213404466477392
1.1300000000000001	15.24587864436851
1.1400000000000001	15.258296327508424
1.1500000000000001	15.253681515427777
1.16	15.250050250809819
1.17	15.231015649345274
1.18	15.205209778054172
1.19	15.176198847032788
1.2	15.131955541923332
1.21	14.981622157898368
1.22	14.955670847604466
1.23	14.912380449564198
1.24	14.869570093138442
1.25	14.83427498092585
1.26	14.780113292354791
1.27	14.712078206362989
1.28	14.528893390143438
1.29	11.221896542186991
1.3	9.473715120107991
1.31	13.770993315777512
1.32	14.166635204748435
1.33	14.282732778371141
1.34	14.321723692955125
1.35	14.344398910257366
1.36	14.385399554979852
1.37	14.367442506211193
1.3800000000000001	14.334127254368815
1.3900000000000001	14.29579139373026
1.4000000000000001	14.254904132997957
1.41	14.203615514034583
1.42	14.150137395294262
1.43	14.09845881213684
1.44	14.045962551180446
1.45	13.997260007921211
1.46	13.95486618984079
1.47	13.912234272533716
1.48	13.859018218824135
1.49	13.780840654652934
1.5	13.612379307195958
1.51	13.26324566857557
1.52	10.592506739495827
1.53	13.005648988030597
1.54	12.739499228324
1.55	13.222334227002271
1.56	13.321049462997859
1.57	13.355452324917692
1.58	13.366140344123695
1.59	13.363331264987963
1.6	13.360109089339915
1.61	13.357163921377126
1.62	13.353471374298632
1.6300000000000001	13.352711521424641
1.6400000000000001	13.35144072682147
1.6500000000000001	13.352241216278795
1.6600000000000001	13.150051565302183
1.67	13.115517962386646
1.68	13.07424799725492
1.69	13.032748562219291
1.7	12.98381375722671
1.71	12.930006586100145
1.72	12.851229911475793
1.73	12.74154126876956
1.74	12.536605849525621
1.75	12.049262524075793
1.76	7.186003927316649
1.77	11.235299616634467
1.78	10.058850127739408
1.79	12.109162867997277
1.8	12.32737079015641
1.81	12.485326654696868
1.82	12.489917445780973
1.83	12.48861388783004
1.84	12.484890410882473
1.85	12.477687717633085
1.86	12.468116311683273
1.87	12.46753939893599
1.8800000000000001	12.455662090051556
1.8900000000000001	12.451908555820157
1.9000000000000001	12.447577907486831
1.9100000000000001	12.446438623374389
1.92	12.442768910183988
1.93	12.436371408915086
1.94	12.421248504796754
1.95	12.39343263378888
1.96	12.382749128146248
1.97	12.24984656283954
1.98	12.030018343541713
1.99	11.598487360008107
2.	8.520585429833295
2.0100000000000002	8.091406506665301
2.02	11.260573835336562
2.0300000000000002	11.584167817614258
2.04	11.638715194342096
2.05	11.656215763016556
2.06	11.656003857256751
2.07	11.657872726053935
2.08	11.646485334276665
2.09	11.630303685368949
2.1	11.607615116193013
2.11	11.51374735100279
2.12	11.523718284447124
2.13	11.525393114384656
2.14	11.51417263191335
2.15	11.486270206385628
2.16	11.445025882250373
2.17	11.39108256485907
2.18	11.33544861230325
2.19	11.27971227767577
2.2	11.228292467847139
2.21	11.160673016044937
2.22	11.039035404575868
2.23	10.73170086750524
2.24	7.837721604974664
2.25	0.500320786475218
2.2600000000000002	4.2796864773704275
2.27	10.469727123796
2.2800000000000002	10.594876749846986
2.29	10.614783372155895
2.3000000000000003	10.619143020645424
2.31	10.615149955645
2.32	10.60994922709033
2.33	10.602989535377114
2.34	10.598773605482567
2.35	10.59298419812965
2.36	10.587960512808065
2.37	10.582973666395109
2.38	10.585217097282806
2.39	10.582611860363556
2.4	10.58197198511693
2.41	10.40532701523954
2.42	10.37839775091429
2.43	10.33229089540791
2.44	10.259968297743558
2.45	10.149278342582031
2.46	9.963715419650095
2.47	9.604888363879784
2.48	2.867954592545416
2.49	1.132041735830921
2.5	9.283299222076629
2.5100000000000002	9.485741261825781
2.52	9.511190308644174
2.5300000000000002	9.504919850319144
2.54	9.497499799515127
2.5500000000000003	9.49384346775582
2.56	9.697747642123328
2.57	9.68443624740225
2.58	9.664842377078845
2.59	9.641468119310106
2.6	9.615221878817001
2.61	9.58843412184941
2.62	9.56687403058214
2.63	9.55337229589036
2.64	9.549104335952107
2.65	9.555584041706652
2.66	9.56128117728877
2.67	9.550728557752375
2.68	9.497989542750112
2.69	9.372630808512827
2.7	9.073308209885374
2.71	7.720596974014853
2.72	4.03017442322879
2.73	8.355383441656468
2.74	8.580975733763212
2.75	8.629894590074844
2.7600000000000002	8.644753305884322
2.77	8.646227948893818
2.7800000000000002	8.645335076508186
2.79	8.646208945472397
2.8000000000000003	8.647579572420248
2.81	8.650412604579644
2.82	8.652460534682534
2.83	8.649169978143112
2.84	8.641044168778656
2.85	8.627214744389239
2.86	8.559778965264474
2.87	8.52415618378106
2.88	8.480682025403183
2.89	8.424785741389238
2.9	8.369751834072929
2.91	8.284156974088946
2.92	8.084773821802287
2.93	5.558170870808429
2.94	6.299393749027344
2.95	7.434118115155817
2.96	7.646780762690243
2.97	7.674584085078967
2.98	7.679680464404526
2.99	7.679652893222408
3.	7.682105470587563