0.	6.709275250642267
0.01	11.637389018190516
0.02	1.1936973763562704
0.03	9.21444257839609
0.04	11.333626060468527
0.05	8.402999429803563
0.06	4.44950877946042
0.07	11.173364471316452
0.08	14.946940329282109
0.09	15.677882016163856
0.1	15.758093405001748
0.11	15.194225906885594
0.12	13.07098718718844
0.13	2.3701040888283407
0.14	14.245999731522076
0.15	16.519716654696616
0.16	14.450435820340251
0.17	15.071773630854825
0.18	15.156272351987335
0.19	15.011524800079945
0.2	14.714664175679522
0.21	14.215575962568527
0.22	12.999493991417317
0.23	0.17173279864632507
0.24	6.124576256984437
0.25	11.993190713227435
0.26	14.261880242332339
0.27	15.199012809057757
0.28	15.623961936762942
0.29	15.81523050569894
0.3	15.848524557192814
0.31	18.24877497595521
0.32	18.138792693963637
0.33	17.85628892575749
0.34	17.155518765335206
0.35000000000000003	14.707236443219646
0.36	13.896017119640288
0.37	17.262323244844485
0.38	17.61228486983007
0.39	17.703605317898834
0.4	17.703237645838396
0.41000000000000003	17.64229948942175
0.42	17.5404861946785
0.43	17.394479187420988
0.44	17.224548679359774
0.45	17.03448070408119
0.46	14.473902839584929
0.47000000000000003	14.35069208582259
0.48	14.26701972865372
0.49	13.888263144489022
0.5	10.297000474518756
0.51	2.995199791763123
0.52	9.169754640632602
0.53	13.365906279430085
0.54	14.27210910438458
0.55	14.595613919070818
0.56	14.72775923183043
0.5700000000000001	14.786670382952657
0.58	14.82842777294975
0.59	14.867928023785476
0.6	14.930293941407939
0.61	15.468926303391758
0.62	15.328891526708029
0.63	15.174006870931935
0.64	15.017252877145806
0.65	14.843440814211196
0.66	14.531089769248695
0.67	13.034995033427016
0.68	3.4239438775909994
0.6900000000000001	5.630670749547967
0.7000000000000001	12.758341881209002
0.71	14.26665470847302
0.72	14.774640306030278
0.73	15.00814016552412
0.74	15.119052717823696
0.75	15.189020903532061
0.76	16.46255316917787
0.77	16.448050874302503
0.78	16.44018966141674
0.79	16.442929138851767
0.8	16.45437368107433
0.81	16.45396894300739
0.8200000000000001	16.420297659252892
0.8300000000000001	16.302371127966605
0.84	16.00410849290543
0.85	15.33692000610743
0.86	13.180822506481576
0.87	4.760181802381172
0.88	14.436732075162443
0.89	15.247559109250018
0.9	15.4685870548288
0.91	15.685823475332985
0.92	15.699490371392796
0.93	15.703248991279747
0.9400000000000001	15.707081245837704
0.9500000000000001	15.700751163098833
0.96	15.680399979461576
0.97	15.646341260259966
0.98	15.59058221727938
0.99	15.518005468060526
1.	15.418456909083996
1.01	15.28588890562369
1.02	15.120137591952444
1.03	14.887510586753246
1.04	14.557590421028749
1.05	14.020054088277336
1.06	12.421666156245312
1.07	7.645580774914681
1.08	5.983483689218251
1.09	4.699122137348793
1.1	11.90662279659983
1.11	12.936110276072462
1.12	13.2634740344164
1.1300000000000001	13.409209223121318
1.1400000000000001	13.455274934060913
1.1500000000000001	13.470532116603563
1.16	13.455521958793522
1.17	13.432705814730637
1.18	13.410007134088017
1.19	13.383336183906396
1.2	13.362295679491789
1.21	13.913206533255563
1.22	13.888542516762113
1.23	13.861415573067163
1.24	13.83652764648263
1.25	13.80030236710661
1.26	13.703709861957606
1.27	13.457724340748078
1.28	12.806583945811752
1.29	8.407110214780902
1.3	9.07476952925451
1.31	10.719647781243875
1.32	12.90493695190019
1.33	13.312024273568277
1.34	13.451549048923626
1.35	13.529124392675394
1.36	14.058634660155503
1.37	14.049804557575632
1.3800000000000001	14.039171450199962
1.3900000000000001	14.019955060279289
1.4000000000000001	13.996471139653066
1.41	13.96498818451277
1.42	13.923193334556215
1.43	13.87780881454369
1.44	13.820045878714945
1.45	13.761941404049104
1.46	13.683569945744297
1.47	13.580054763908418
1.48	13.414596926693923
1.49	13.190693047757879
1.5	12.846719283962974
1.51	11.79803049808439
1.52	6.383757510995548
1.53	10.888051406337276
1.54	12.30682073852329
1.55	12.79107404313821
1.56	12.892843899771108
1.57	12.934233010808613
1.58	12.947383251165904
1.59	12.943762685775763
1.6	12.936010766727339
1.61	12.921937999019002
1.62	12.90168371372262
1.6300000000000001	12.872876088716257
1.6400000000000001	12.841071767317107
1.6500000000000001	12.803602118196071
1.6600000000000001	11.90851084669103
1.67	11.898551153242504
1.68	11.881405167185308
1.69	11.872830468188281
1.7	11.857763663802476
1.71	11.82406397491115
1.72	11.734995189755889
1.73	11.529776009597626
1.74	11.081664322667478
1.75	10.129163607978287
1.76	3.0574297789516427
1.77	4.698895729882813
1.78	3.027831945228514
1.79	8.69022884372911
1.8	10.343802638841005
1.81	11.465046227113405
1.82	11.51092216779834
1.83	11.52400571935336
1.84	11.512945205675784
1.85	11.496769439723284
1.86	11.48623364298135
1.87	11.474663685182758
1.8800000000000001	11.461901345915694
1.8900000000000001	11.45819870422691
1.9000000000000001	11.462009151842105
1.9100000000000001	11.466360679329512
1.92	11.455970881681203
1.93	11.438818419483125
1.94	11.395182902329584
1.95	11.310567310449123
1.96	12.175921124815495
1.97	12.077201545024854
1.98	11.921415386251466
1.99	11.609726963241169
2.	7.726801374779878
2.0100000000000002	10.893522234793803
2.02	11.234399006496023
2.0300000000000002	11.304957844636455
2.04	11.327091357281871
2.05	11.332707039688113
2.06	11.33279154093283
2.07	11.328235356191657
2.08	11.323032932830907
2.09	11.3232453681192
2.1	11.322829852008974
2.11	11.16823622205019
2.12	11.130526000487254
2.13	11.08520012312811
2.14	11.032160059438175
2.15	10.974406116519063
2.16	10.914428776312727
2.17	10.850178510443772
2.18	10.778406661260888
2.19	10.688412958281349
2.2	10.572187567618284
2.21	10.404582004902988
2.22	10.138491655123214
2.23	9.604507144371123
2.24	5.507327380697289
2.25	9.767614746356927
2.2600000000000002	8.081917378283256
2.27	9.07980438526325
2.2800000000000002	9.396874294972442
2.29	9.52173811554214
2.3000000000000003	9.584470797796618
2.31	9.613512203898809
2.32	9.633301893307678
2.33	9.641649056693531
2.34	9.640317107115898
2.35	9.63211617807345
2.36	9.622686894099687
2.37	9.607109036656308
2.38	9.583622800395174
2.39	9.558189366213607
2.4	9.540762388533466
2.41	10.114605779222266
2.42	10.042800242658632
2.43	9.964596698639888
2.44	9.881650967880152
2.45	9.758428349020779
2.46	9.541452809489016
2.47	8.985475603562492
2.48	5.764645435445319
2.49	3.5465514429957663
2.5	8.890263742243764
2.5100000000000002	9.27874072747503
2.52	9.385953892924437
2.5300000000000002	9.431130075660743
2.54	9.453546396955911
2.5500000000000003	9.465471083052307
2.56	8.974365682454016
2.57	8.965595367980455
2.58	8.958268133949103
2.59	8.956373885659383
2.6	8.947204200290942
2.61	8.936975796449385
2.62	8.933356325292074
2.63	8.913460243540968
2.64	8.88486354418366
2.65	8.84374765195207
2.66	8.775329346544481
2.67	8.673247355705186
2.68	8.523844259894847
2.69	8.267868274057632
2.7	7.722504690506415
2.71	7.094000341102121
2.72	6.523418467206721
2.73	8.149048616107182
2.74	8.387249751191108
2.75	8.448504315504815
2.7600000000000002	8.47743538446942
2.77	8.490447854598427
2.7800000000000002	8.501019559788862
2.79	8.500628485994973
2.8000000000000003	8.494166345745416
2.81	8.47583892677099
2.82	8.44541992581556
2.83	8.410419042990386
2.84	8.371212811385679
2.85	8.330072560650429
2.86	8.334511554269099
2.87	8.287515804222581
2.88	8.248142241287363
2.89	8.21135003730913
2.9	8.148185018112777
2.91	7.991976119672322
2.92	7.59205120539273
2.93	3.5588477008315067
2.94	5.380788861572184
2.95	7.195878472615971
2.96	7.436045180277505
2.97	7.519614628889606
2.98	7.55250447039368
2.99	7.56480094226521
3.	7.567244022333846