0.	16.97331606320382
0.01	20.995745024713806
0.02	0.18635296641824106
0.03	4.676971840019661
0.04	7.035287143544202
0.05	4.940019926177177
0.06	5.128743375867506
0.07	7.999182227649719
0.08	12.239717814897851
0.09	12.985127919064933
0.1	12.805585113868535
0.11	12.005891334897997
0.12	10.148891713675518
0.13	4.28990062420415
0.14	9.868638285848888
0.15	10.66501826140441
0.16	13.031704195994626
0.17	13.950239811437548
0.18	14.304469697515803
0.19	14.27602817852799
0.2	13.968645657437209
0.21	13.177878294261319
0.22	10.541348636291996
0.23	35.54800140222033
0.24	10.254473824959184
0.25	12.571963373227431
0.26	13.452746034325102
0.27	14.305557666149646
0.28	14.828742043864118
0.29	15.202478015682594
0.3	15.498626590640418
0.31	15.10099919286548
0.32	15.101840791965358
0.33	14.901961160686616
0.34	14.229768834578977
0.35000000000000003	12.001290602011434
0.36	0.7417635322680312
0.37	11.060463127869257
0.38	14.362846095141897
0.39	15.10806409690168
0.4	15.352794470664602
0.41000000000000003	15.445732150686798
0.42	15.450233681251472
0.43	15.38113960029506
0.44	15.249688000646834
0.45	15.046582063233208
0.46	14.526851799553562
0.47000000000000003	14.137782425953487
0.48	13.575532339226408
0.49	12.754589957391005
0.5	10.71066723304779
0.51	6.74325568151224
0.52	6.363855525267244
0.53	5.84887866449099
0.54	11.079774113051254
0.55	13.219699879837377
0.56	14.111694640546599
0.5700000000000001	14.545378234831764
0.58	14.768575826091142
0.59	14.87841957826106
0.6	14.921118602593772
0.61	14.953243325747504
0.62	14.949975063332474
0.63	14.941694183574143
0.64	14.909164919953326
0.65	14.799061378113052
0.66	14.449197829640228
0.67	12.872797269483781
0.68	7.922581663607459
0.6900000000000001	2.985800353032433
0.7000000000000001	9.779734028798282
0.71	13.094391089977602
0.72	14.180246583067655
0.73	14.634433490007408
0.74	14.841554423381329
0.75	14.933608261976866
0.76	14.431842204699096
0.77	14.401205953631449
0.78	14.357319318273515
0.79	14.313064023661129
0.8	14.285690262988215
0.81	14.221087972670082
0.8200000000000001	14.128681479439356
0.8300000000000001	13.977229284202433
0.84	13.663451959221948
0.85	13.088317360532413
0.86	11.203423438164888
0.87	9.64064594375055
0.88	5.202226606667581
0.89	12.502837243931472
0.9	13.903887239935921
0.91	14.283843296322377
0.92	14.479649951055938
0.93	14.640066193026492
0.9400000000000001	14.764162430331833
0.9500000000000001	14.86527194583355
0.96	14.932431398706704
0.97	14.928939579956575
0.98	14.860770763026618
0.99	14.733246169823351
1.	14.574320394236045
1.01	14.391591240766402
1.02	14.19259329361309
1.03	13.9774080340391
1.04	13.812354006801453
1.05	13.617656288741724
1.06	13.678863562173527
1.07	10.856673605822307
1.08	5.49232757287541
1.09	12.843591008235917
1.1	13.69568201377711
1.11	13.89602418165093
1.12	13.975900092735085
1.1300000000000001	14.01491589894171
1.1400000000000001	14.041524813670978
1.1500000000000001	14.05872613982079
1.16	14.065571767264062
1.17	14.055722052024336
1.18	14.048127122318698
1.19	14.02009242792872
1.2	13.969522590018233
1.21	13.813328859869252
1.22	13.758724327249755
1.23	13.696524122745656
1.24	13.607236589426966
1.25	13.46493998124269
1.26	13.249072858727182
1.27	12.832657712165084
1.28	11.743958609650498
1.29	0.8880016653396631
1.3	12.089359481593219
1.31	13.00810079896971
1.32	13.115937838564024
1.33	13.530266451296008
1.34	13.616257963381631
1.35	13.638399582646457
1.36	12.638478386186677
1.37	12.702342817727043
1.3800000000000001	12.763177837330641
1.3900000000000001	12.80547100086309
1.4000000000000001	12.845476561188095
1.41	12.87746818879484
1.42	12.895028596456841
1.43	12.893197869276207
1.44	12.867449662418743
1.45	12.803676893443404
1.46	12.690952111662963
1.47	12.516324633113218
1.48	12.284010314266595
1.49	12.01651279336384
1.5	11.625264794675255
1.51	11.981628335888622
1.52	9.864791761816555
1.53	9.164180166414875
1.54	6.337086801947434
1.55	9.091773396333732
1.56	10.900154125746724
1.57	11.5398204510497
1.58	11.812927161731807
1.59	11.958560242610552
1.6	12.040734049267527
1.61	12.097757990423782
1.62	12.14622836403583
1.6300000000000001	12.176900427199211
1.6400000000000001	12.208636134485669
1.6500000000000001	12.22573779024398
1.6600000000000001	12.467940613359746
1.67	12.400919846457628
1.68	12.329939871735741
1.69	12.24212137539092
1.7	12.131809611699307
1.71	11.988129769531197
1.72	11.797696652919296
1.73	11.512202107993229
1.74	11.028404536699394
1.75	9.916095048315503
1.76	2.4417437128122947
1.77	9.353677353208328
1.78	9.218148066423364
1.79	11.501205922692233
1.8	11.838770357539527
1.81	11.82677093873175
1.82	11.86001995694357
1.83	11.876368719611031
1.84	11.865096002201266
1.85	11.855685382913379
1.86	11.84197954903348
1.87	11.8013822733578
1.8800000000000001	11.783117029194315
1.8900000000000001	11.750905709958953
1.9000000000000001	11.717054794109407
1.9100000000000001	11.679799521198623
1.92	11.62408100707236
1.93	11.573936283651035
1.94	11.501517453423329
1.95	11.406705547496859
1.96	10.848267247995814
1.97	10.644603320440144
1.98	10.340361434846288
1.99	9.804704924285808
2.	4.684875834632225
2.0100000000000002	5.823707183132346
2.02	8.229851533473461
2.0300000000000002	10.094278909526007
2.04	10.4211457623947
2.05	10.555429645327171
2.06	10.63370966464434
2.07	10.679046938258605
2.08	10.701206811763797
2.09	10.702017849896473
2.1	10.699638404353689
2.11	10.55955158922293
2.12	10.520409972147906
2.13	10.48572373396405
2.14	10.45413613992782
2.15	10.427379158440791
2.16	10.41180329285971
2.17	10.410819219810497
2.18	10.419327621059296
2.19	10.43677596416426
2.2	10.461128170316822
2.21	10.456851364715966
2.22	10.350351751348764
2.23	9.955145924938378
2.24	8.203469665588274
2.25	7.395862563346838
2.2600000000000002	7.14779590514201
2.27	9.554797334860323
2.2800000000000002	9.894900843989216
2.29	9.984373025740242
2.3000000000000003	10.015277858315859
2.31	10.01752660022408
2.32	10.017895350287883
2.33	10.01688425493657
2.34	10.007686283646468
2.35	9.990491617302176
2.36	9.971816364154261
2.37	9.949451069757389
2.38	9.917147538490013
2.39	9.873012658611334
2.4	9.818089935325634
2.41	9.850281874044235
2.42	9.853847059469397
2.43	9.858389133983502
2.44	9.83577637938306
2.45	9.747391082629854
2.46	9.515719491673936
2.47	8.80226013880802
2.48	6.011082572936843
2.49	8.939124677651318
2.5	8.465810869972563
2.5100000000000002	8.814743883267056
2.52	9.126395454652828
2.5300000000000002	9.217583755522808
2.54	9.249944757807972
2.5500000000000003	9.265736542369796
2.56	8.972014465497239
2.57	8.991796135778145
2.58	8.99117757220534
2.59	8.963460124580113
2.6	8.92954458596123
2.61	8.887178654646222
2.62	8.832152978765691
2.63	8.777703812671673
2.64	8.722758346500388
2.65	8.669998569785346
2.66	8.61890034036515
2.67	8.571331946325248
2.68	8.498347483887917
2.69	8.343183647397929
2.7	7.955858735697795
2.71	5.604142413887749
2.72	5.83522792513307
2.73	1.348728578210085
2.74	6.174779973875327
2.75	7.419447137154949
2.7600000000000002	7.682533132948396
2.77	7.781679015440128
2.7800000000000002	7.823187149710906
2.79	7.840808273899792
2.8000000000000003	7.85081921710062
2.81	7.86386733167425
2.82	7.8801781247242
2.83	7.909189561057918
2.84	7.945102303626837
2.85	7.98474791948654
2.86	8.106818296912355
2.87	8.031741977063213
2.88	7.95219373205052
2.89	7.86900206793718
2.9	7.77172513027984
2.91	7.619679363979397
2.92	7.301532037336173
2.93	4.763953854130751
2.94	2.385474423450921
2.95	6.457090288246747
2.96	7.002227479912387
2.97	7.126140573432069
2.98	7.179538112041698
2.99	7.210122807470628
3.	7.233981751686519