0.	23.873561547044655
0.01	23.09487057502665
0.02	23.473728263515397
0.03	23.674705234577957
0.04	23.62529435426211
0.05	23.365543873598654
0.06	21.8567308575096
0.07	22.913796276671402
0.08	22.93500947499984
0.09	22.939406862932145
0.1	22.939686383517124
0.11	22.937648457048002
0.12	22.926412620588927
0.13	19.775764816077693
0.14	21.94829331998463
0.15	21.94896743249601
0.16	21.962953825230304
0.17	21.960285684753817
0.18	21.955887629386922
0.19	21.94851855160366
0.2	21.935080810427607
0.21	21.90643223200687
0.22	21.819646994941213
0.23	19.78416469361717
0.24	20.96456608628817
0.25	20.96902825646667
0.26	20.968241897865298
0.27	20.966176871403963
0.28	20.963823549699136
0.29	20.961012187934028
0.3	20.957486403767508
0.31	20.989249876034098
0.32	20.98795887833969
0.33	20.985032263078157
0.34	20.978788106674948
0.35000000000000003	20.942036011836784
0.36	19.984913750542685
0.37	19.993139599796283
0.38	19.994179449594704
0.39	19.99427640806533
0.4	19.994423495823142
0.41000000000000003	19.994024561493482
0.42	19.994021342757435
0.43	19.994028164440138
0.44	19.99413184527186
0.45	19.993556610875014
0.46	19.97358115137842
0.47000000000000003	19.9700411141871
0.48	19.96327661208985
0.49	19.945155671101794
0.5	19.80752087093874
0.51	18.954319009456544
0.52	18.976253876968844
0.53	18.979495699943826
0.54	18.980583139352444
0.55	18.981195041157935
0.56	18.98109653985454
0.5700000000000001	18.980892024036493
0.58	18.981238414502684
0.59	18.981188100918295
0.6	18.980406883667126
0.61	18.99483314710242
0.62	18.99445926006902
0.63	18.993986937513068
0.64	18.99356301765058
0.65	18.991983826491637
0.66	18.98906723648201
0.67	18.971683125761086
0.68	17.99282197307836
0.6900000000000001	17.995717152657104
0.7000000000000001	17.996098544133726
0.71	17.995855100983256
0.72	17.996013957682905
0.73	17.996084505405214
0.74	17.995951306705255
0.75	17.99603754333815
0.76	17.991270208431505
0.77	17.99106934947019
0.78	17.990723582219598
0.79	17.989646961399977
0.8	17.989282624307034
0.81	17.988254054773023
0.8200000000000001	17.98715543756872
0.8300000000000001	17.985099560869198
0.84	17.980855345462384
0.85	17.972233096245787
0.86	17.91898658681753
0.87	16.988028147896916
0.88	16.99312741134998
0.89	16.993699868315016
0.9	16.993907768524217
0.91	16.988763570158035
0.92	16.98817012164026
0.93	16.98857470458102
0.9400000000000001	16.988282563605342
0.9500000000000001	16.988392114098737
0.96	16.98804286775813
0.97	16.987486983747992
0.98	16.987874758149896
0.99	16.987348158297497
1.	16.98700136318896
1.01	16.986773987776953
1.02	16.985277514259856
1.03	16.982787223266996
1.04	16.979669399641594
1.05	16.971733733778787
1.06	16.971002678304906
1.07	16.486918082344424
1.08	15.97965548939404
1.09	15.987069039646796
1.1	15.989164606228995
1.11	15.98995410478866
1.12	15.989875762366728
1.1300000000000001	15.990029203529497
1.1400000000000001	15.98934018771637
1.1500000000000001	15.989586404374228
1.16	15.989410269361128
1.17	15.988904402189679
1.18	15.989040192203518
1.19	15.988211525234117
1.2	15.988490756306593
1.21	15.99600661478658
1.22	15.995970801897403
1.23	15.995765906869417
1.24	15.99491488818942
1.25	15.994646877348266
1.26	15.993512051000357
1.27	15.991664077436424
1.28	15.986388928515021
1.29	15.865197918664231
1.3	14.995414532231743
1.31	14.997121881070006
1.32	14.997580774947792
1.33	14.99785820537271
1.34	14.997989120693374
1.35	14.99785969494564
1.36	14.994893776675056
1.37	14.995320797451459
1.3800000000000001	14.995725583450264
1.3900000000000001	14.995202941658212
1.4000000000000001	14.995048833781178
1.41	14.994721794171747
1.42	14.99460118185569
1.43	14.994534367730623
1.44	14.993839950744038
1.45	14.993498230220435
1.46	14.993491011914278
1.47	14.992850616045345
1.48	14.991476320891527
1.49	14.989955633352366
1.5	14.986984438717327
1.51	14.975179255868682
1.52	14.8312184504095
1.53	13.992605104665957
1.54	13.994861799629932
1.55	13.994328550066092
1.56	13.995012961154536
1.57	13.99508626447367
1.58	13.99459607604873
1.59	13.99561537535696
1.6	13.995477493646325
1.61	13.994505987657485
1.62	13.995056203375837
1.6300000000000001	13.99497558808452
1.6400000000000001	13.995275864790628
1.6500000000000001	13.995540205152684
1.6600000000000001	13.991499105338432
1.67	13.991780239477078
1.68	13.991100253879882
1.69	13.990096637200878
1.7	13.989378953326403
1.71	13.987815026993651
1.72	13.986593084382474
1.73	13.984614660903885
1.74	13.981245551965177
1.75	13.967773386766318
1.76	12.702422246224712
1.77	12.986111111575303
1.78	12.991903913686258
1.79	12.993296689909164
1.8	12.994071611881623
1.81	12.998405138780276
1.82	12.998049898828429
1.83	12.998561844445854
1.84	12.998618164143085
1.85	12.998302381101498
1.86	12.998388248363693
1.87	12.998541788219772
1.8800000000000001	12.99814503426784
1.8900000000000001	12.998379341499604
1.9000000000000001	12.998406671112752
1.9100000000000001	12.998366214183678
1.92	12.998124297451962
1.93	12.998535658280865
1.94	12.998663615133012
1.95	12.998444286826931
1.96	12.992096602614364
1.97	12.99080687429294
1.98	12.987926591853185
1.99	12.979059267927527
2.	11.090576121062767
2.0100000000000002	11.995882242049925
2.02	11.996249287040463
2.0300000000000002	11.995897030504985
2.04	11.996523822968294
2.05	11.996616694814186
2.06	11.995757082180159
2.07	11.99645333954493
2.08	11.99633421943196
2.09	11.996481224029008
2.1	11.99658902484831
2.11	11.99600181837843
2.12	11.996026195212263
2.13	11.995652100503243
2.14	11.995380504795236
2.15	11.995199218461043
2.16	11.995051327730572
2.17	11.994640066831545
2.18	11.994250404249787
2.19	11.993307862518817
2.2	11.992375407644046
2.21	11.99056072317101
2.22	11.987242868909703
2.23	11.977212817799055
2.24	11.819113782478114
2.25	10.995607604895666
2.2600000000000002	10.993625441764976
2.27	10.995003316174692
2.2800000000000002	10.99553641875374
2.29	10.995987228393187
2.3000000000000003	10.996091964338142
2.31	10.996037665195487
2.32	10.99618332509599
2.33	10.995922736190229
2.34	10.99551490776884
2.35	10.995421492938085
2.36	10.99505266185204
2.37	10.994993962126806
2.38	10.995064360155565
2.39	10.994827762934204
2.4	10.99410550993773
2.41	10.998889397827384
2.42	10.998951669515993
2.43	10.998630550074619
2.44	10.998605203140626
2.45	10.998601555746907
2.46	10.998725193221528
2.47	10.998335532373428
2.48	9.998801328243896
2.49	9.998827816013922
2.5	9.998764203558748
2.5100000000000002	9.99885769899244
2.52	9.998756818989463
2.5300000000000002	9.998620052893061
2.54	9.998804458818235
2.5500000000000003	9.998744308806971
2.56	9.995706164982346
2.57	9.995714030841718
2.58	9.995644163003371
2.59	9.995673271985693
2.6	9.995598150609606
2.61	9.995672721849516
2.62	9.995456671174708
2.63	9.995115909020136
2.64	9.995325916125363
2.65	9.994816705232802
2.66	9.994350339643242
2.67	9.993484387733446
2.68	9.992154907924162
2.69	9.989077264283232
2.7	9.978135739259617
2.71	8.97310520798134
2.72	8.9976721662942
2.73	8.997984430567525
2.74	8.997776790683389
2.75	8.997622373722727
2.7600000000000002	8.9976663713516
2.77	8.997453548010695
2.7800000000000002	8.997350602789744
2.79	8.9971308935669
2.8000000000000003	8.997004251491271
2.81	8.99694791317211
2.82	8.996649434247132
2.83	8.996463281046548
2.84	8.99620502667251
2.85	8.995633690569086
2.86	8.996229729798532
2.87	8.995782946057087
2.88	8.99509165685976
2.89	8.993628607592004
2.9	8.992168006643137
2.91	8.988990923600083
2.92	8.980684705761739
2.93	7.807658761882526
2.94	7.995141252647711
2.95	7.996577936169712
2.96	7.996617983693575
2.97	7.996674256123509
2.98	7.996489177673715
2.99	7.996179991809008
3.	7.996153055137136