0.	17.906984409911193
0.01	16.34549269738501
0.02	10.619328967431997
0.03	19.049329655585655
0.04	19.916623004329782
0.05	19.920718615440027
0.06	3.9125182372652896
0.07	19.295754956861916
0.08	20.926525864011648
0.09	21.133566465579158
0.1	21.076529453972892
0.11	20.83767015800637
0.12	20.158143804478755
0.13	11.980013985380909
0.14	19.355992779151347
0.15	20.4545293129411
0.16	20.420904651472597
0.17	20.473208107149762
0.18	20.47278059162265
0.19	20.429921253645656
0.2	20.32273211342065
0.21	20.09215231923347
0.22	19.459758911547212
0.23	5.751686428635623
0.24	19.615929197599304
0.25	19.95636220282205
0.26	19.959861245212924
0.27	19.909239627633376
0.28	19.83724419176787
0.29	19.776153234199477
0.3	19.73615904255005
0.31	19.167748146459957
0.32	19.056855073695417
0.33	18.884188062741686
0.34	18.546903071045197
0.35000000000000003	17.27988139672668
0.36	16.127687053520937
0.37	18.623566089387186
0.38	18.747786961423053
0.39	18.774708000113353
0.4	18.772914402158356
0.41000000000000003	18.765446026303707
0.42	18.760641367320527
0.43	18.756997136010945
0.44	18.766059048983273
0.45	18.772510761921282
0.46	18.28221180654424
0.47000000000000003	18.22003963214284
0.48	18.11527467167896
0.49	17.865098511324412
0.5	17.007391696542086
0.51	7.601276945355463
0.52	16.24254447423217
0.53	17.53070196875903
0.54	17.774614130669708
0.55	17.87433210567121
0.56	17.9223044611956
0.5700000000000001	17.948466026163665
0.58	17.95685109373075
0.59	17.955962276096813
0.6	17.94420368422906
0.61	18.287898068951126
0.62	18.2140487255232
0.63	18.115608609567687
0.64	17.97719787081356
0.65	17.758943510533552
0.66	17.364209712022625
0.67	16.236186752637465
0.68	12.550506982195236
0.6900000000000001	17.169402696229984
0.7000000000000001	17.42984934898691
0.71	17.495884008134905
0.72	17.524958773454394
0.73	17.53503492858062
0.74	17.537334323820122
0.75	17.536300796622776
0.76	17.243277700302155
0.77	17.224869595003696
0.78	17.20491835734181
0.79	17.18457807926738
0.8	17.16561704090136
0.81	17.139839248666622
0.8200000000000001	17.096584902682956
0.8300000000000001	17.02407159474801
0.84	16.859853777442076
0.85	16.483068535649373
0.86	15.20297868312331
0.87	3.4139973509770503
0.88	15.847385181904409
0.89	16.29136642260392
0.9	16.403322743871048
0.91	16.424615325542838
0.92	16.447090299334914
0.93	16.453797452008672
0.9400000000000001	16.455045783441424
0.9500000000000001	16.448027918397862
0.96	16.441776498221852
0.97	16.431164679000542
0.98	16.412421207013377
0.99	16.390096603552124
1.	16.365446989271444
1.01	16.328440430036366
1.02	16.291897016344056
1.03	16.229261844112372
1.04	16.147623199886723
1.05	16.01159125325536
1.06	15.516718738207882
1.07	10.281265566219904
1.08	14.871864678168595
1.09	15.502271577396705
1.1	15.589225053518001
1.11	15.613207357687156
1.12	15.622481891137987
1.1300000000000001	15.623937869283756
1.1400000000000001	15.622840737339072
1.1500000000000001	15.621606965374605
1.16	15.621538568753364
1.17	15.621405721277517
1.18	15.618673109020955
1.19	15.622605758304365
1.2	15.621104679818009
1.21	15.435581545547015
1.22	15.418615747118148
1.23	15.400953079842804
1.24	15.367718729385668
1.25	15.31655946025666
1.26	15.241081652078416
1.27	15.105933794488884
1.28	14.79232184542543
1.29	13.318128223699809
1.3	11.983047011658867
1.31	14.302537733187657
1.32	14.456929446486932
1.33	14.493546416200106
1.34	14.510626917012793
1.35	14.51693376633387
1.36	14.634326807328476
1.37	14.643617232515854
1.3800000000000001	14.654793202825163
1.3900000000000001	14.662122447102277
1.4000000000000001	14.664590009010672
1.41	14.668926692373821
1.42	14.669282611894515
1.43	14.658412689737016
1.44	14.644160278244424
1.45	14.624265457536515
1.46	14.585945034388487
1.47	14.540644697636298
1.48	14.469869895521438
1.49	14.3845340315765
1.5	14.26402422808062
1.51	14.033735705964919
1.52	12.884123021009973
1.53	11.888305103819757
1.54	13.629655465131238
1.55	13.745107798306458
1.56	13.773861111952405
1.57	13.781673219326741
1.58	13.782564667409632
1.59	13.782357015515506
1.6	13.778229101739004
1.61	13.77114268795043
1.62	13.765078023757168
1.6300000000000001	13.754942245638043
1.6400000000000001	13.748726353971874
1.6500000000000001	13.737896049606794
1.6600000000000001	13.772498563733157
1.67	13.760502135952033
1.68	13.738691042835429
1.69	13.702751549001245
1.7	13.657450491620251
1.71	13.60074147148036
1.72	13.52487557845498
1.73	13.43616209345178
1.74	13.315839917673907
1.75	13.048336046641689
1.76	9.423383158077339
1.77	12.655753347117454
1.78	12.741664639578449
1.79	12.75150094785016
1.8	12.753511945067922
1.81	12.610077287478637
1.82	12.602478992899576
1.83	12.596079336826664
1.84	12.584196582816915
1.85	12.568098980373794
1.86	12.559466435689572
1.87	12.536352591143178
1.8800000000000001	12.517549156973324
1.8900000000000001	12.500278151482643
1.9000000000000001	12.476187227558516
1.9100000000000001	12.449731969543485
1.92	12.418097228044543
1.93	12.390017434054828
1.94	12.357242254748813
1.95	12.317119036410924
1.96	12.5678265389845
1.97	12.460931301942386
1.98	12.300427380309529
1.99	11.936029941961353
2.	9.877090543531143
2.0100000000000002	10.595984914107719
2.02	11.588430312294962
2.0300000000000002	11.705444152550587
2.04	11.741514728817934
2.05	11.754933016683077
2.06	11.766589985846005
2.07	11.772328478417466
2.08	11.777136280489225
2.09	11.782790114163118
2.1	11.785804263902179
2.11	11.76933508330024
2.12	11.766017292086854
2.13	11.763042547763458
2.14	11.763137369787403
2.15	11.76515306744767
2.16	11.768269909537072
2.17	11.773409910133557
2.18	11.774999781440696
2.19	11.773854500120775
2.2	11.759885756608053
2.21	11.72774491249795
2.22	11.670052369682328
2.23	11.55722368121478
2.24	10.599007191723375
2.25	10.55694114357287
2.2600000000000002	10.79956214761192
2.27	10.809559625038466
2.2800000000000002	10.810542712174867
2.29	10.80947423339528
2.3000000000000003	10.80880145202114
2.31	10.80914212067494
2.32	10.80856969210522
2.33	10.812798577079455
2.34	10.818601573830223
2.35	10.822873075550905
2.36	10.827422237661171
2.37	10.82799478045447
2.38	10.828632588662703
2.39	10.821717444239281
2.4	10.81424903167671
2.41	10.708617672538619
2.42	10.691964423094229
2.43	10.656302152791136
2.44	10.601993776631971
2.45	10.507670858777633
2.46	10.361306295148404
2.47	10.046321915543755
2.48	8.74787405864313
2.49	7.3065254242751365
2.5	9.606461124475654
2.5100000000000002	9.71297046905134
2.52	9.739675404417028
2.5300000000000002	9.746714349591645
2.54	9.747775272940796
2.5500000000000003	9.749280700743366
2.56	9.808423108803067
2.57	9.800776171700612
2.58	9.79264129752774
2.59	9.784866210544468
2.6	9.780527304897207
2.61	9.780386024212088
2.62	9.780812104808994
2.63	9.785290194137122
2.64	9.788937559602681
2.65	9.788050382455575
2.66	9.777098219685058
2.67	9.743252098517877
2.68	9.675873882050121
2.69	9.554687712537067
2.7	9.284013739170055
2.71	7.8669681021669735
2.72	8.78617022047419
2.73	8.87163750684583
2.74	8.88517763045865
2.75	8.889831572373474
2.7600000000000002	8.889650507507115
2.77	8.888650367577878
2.7800000000000002	8.888465879082128
2.79	8.886236003297014
2.8000000000000003	8.882047340912075
2.81	8.879325686226796
2.82	8.875932096483629
2.83	8.87362433299143
2.84	8.872145580121801
2.85	8.872196413712652
2.86	8.763591327026308
2.87	8.736028388533875
2.88	8.71189123016458
2.89	8.689823446827264
2.9	8.666280533078357
2.91	8.64439132189526
2.92	8.636461827025308
2.93	6.739024134816075
2.94	7.736862123834243
2.95	7.853401711734101
2.96	7.868355732877562
2.97	7.870783636737551
2.98	7.868549245361985
2.99	7.865773512710928
3.	7.864248807143569