0.	20.895870087113323
0.01	19.992815310024724
0.02	20.72132020520772
0.03	22.85432126065408
0.04	22.953435810894277
0.05	22.503701094622283
0.06	144.11012753143328
0.07	22.16857711478609
0.08	22.460685473527572
0.09	22.48774552265755
0.1	22.449516824549818
0.11	22.35970643271432
0.12	22.127934659826128
0.13	16.919208152226368
0.14	21.566285435493075
0.15	21.72547627962954
0.16	21.64998702656234
0.17	21.645493681568894
0.18	21.642169785054346
0.19	21.637735381468623
0.2	21.622787701175337
0.21	21.56424578529391
0.22	21.349423109454534
0.23	10.404110349429445
0.24	20.74547418833345
0.25	20.799363544485853
0.26	20.808807856875326
0.27	20.801921524580198
0.28	20.794375392750812
0.29	20.78070214622035
0.3	20.765462239844645
0.31	20.809938803457626
0.32	20.77743342314747
0.33	20.716356804377586
0.34	20.588287987323184
0.35000000000000003	20.048370623980624
0.36	19.422735074918624
0.37	19.841577274835227
0.38	19.87724272035568
0.39	19.885522905228775
0.4	19.886704530909533
0.41000000000000003	19.88470358017503
0.42	19.881248420188737
0.43	19.87591021622306
0.44	19.86891854084703
0.45	19.857801502893633
0.46	19.889983901503147
0.47000000000000003	19.876804655386646
0.48	19.854822715151876
0.49	19.818800547939155
0.5	19.575071868276474
0.51	18.84820859866718
0.52	18.910617839703676
0.53	18.918102221963096
0.54	18.918259848137986
0.55	18.91471059871371
0.56	18.909814123076
0.5700000000000001	18.904044402644182
0.58	18.89791662861419
0.59	18.892532887833074
0.6	18.88928585794996
0.61	18.87970506389163
0.62	18.872523324887155
0.63	18.8659533460749
0.64	18.858685593974542
0.65	18.846116054440152
0.66	18.8086969123842
0.67	18.531357335680532
0.68	17.74630535749587
0.6900000000000001	17.90280618669253
0.7000000000000001	17.92179511197686
0.71	17.926814688373987
0.72	17.929371935085737
0.73	17.92966735408428
0.74	17.926971705500232
0.75	17.922826584395864
0.76	17.93573163265173
0.77	17.93491080513662
0.78	17.932909278035503
0.79	17.93002846425988
0.8	17.929492201995924
0.81	17.9240305835399
0.8200000000000001	17.917985477461386
0.8300000000000001	17.905869859701273
0.84	17.88425606187823
0.85	17.83479399824282
0.86	17.5520967795783
0.87	16.80236440192652
0.88	16.924918399201193
0.89	16.936399744021895
0.9	16.940275012150224
0.91	16.95140591265583
0.92	16.95183833205503
0.93	16.953358448731265
0.9400000000000001	16.953921067981703
0.9500000000000001	16.95446680455998
0.96	16.95357054349166
0.97	16.953048597567292
0.98	16.95310322712564
0.99	16.951258216442987
1.	16.95017412080798
1.01	16.948302014961282
1.02	16.94267571608914
1.03	16.933387737243834
1.04	16.918876898235446
1.05	16.89662542209773
1.06	16.806020370211375
1.07	15.723363763750871
1.08	15.897325659274175
1.09	15.946983564155357
1.1	15.953148145933486
1.11	15.956720469205475
1.12	15.956619763677313
1.1300000000000001	15.95667488447636
1.1400000000000001	15.956098188031623
1.1500000000000001	15.953742480421404
1.16	15.953621030629362
1.17	15.951798882570841
1.18	15.949273139787499
1.19	15.948248104231938
1.2	15.945278614804819
1.21	15.939017768852057
1.22	15.939859142826208
1.23	15.938226869132611
1.24	15.93544415736562
1.25	15.93429195852278
1.26	15.928178087778516
1.27	15.919003141868238
1.28	15.898888646303071
1.29	15.255998305544127
1.3	14.920271883817712
1.31	14.95192900764489
1.32	14.95857350344593
1.33	14.962834761082684
1.34	14.96218070164505
1.35	14.96210534610122
1.36	14.953129926824284
1.37	14.952299568170398
1.3800000000000001	14.954097984766765
1.3900000000000001	14.954315337394593
1.4000000000000001	14.954817182150796
1.41	14.957018007232584
1.42	14.95782754133253
1.43	14.957071263101604
1.44	14.95767082791572
1.45	14.957524344992079
1.46	14.953954535946398
1.47	14.94976974710449
1.48	14.94076614769516
1.49	14.925255780026966
1.5	14.903250931962857
1.51	14.856725960578054
1.52	14.316968903825968
1.53	13.919898114648195
1.54	13.958222144873265
1.55	13.964418595304082
1.56	13.967608881200476
1.57	13.96851016855228
1.58	13.968350320700132
1.59	13.967994319582603
1.6	13.965914908682182
1.61	13.963017037591163
1.62	13.9605564648014
1.6300000000000001	13.956990725112833
1.6400000000000001	13.953988206066617
1.6500000000000001	13.951209242201605
1.6600000000000001	13.944993913774505
1.67	13.943209252592451
1.68	13.942469475208476
1.69	13.941162957743531
1.7	13.939623439655504
1.71	13.93633683257341
1.72	13.930857170938204
1.73	13.920557734343
1.74	13.899823278049396
1.75	13.825613168441025
1.76	11.080537731553708
1.77	12.92648484509419
1.78	12.960168196899101
1.79	12.966228943173679
1.8	12.967632080277555
1.81	12.970554158045838
1.82	12.969934803365572
1.83	12.96986741893154
1.84	12.969872554841803
1.85	12.969220822189893
1.86	12.967966300465514
1.87	12.96963935291928
1.8800000000000001	12.967915878948512
1.8900000000000001	12.96812381199478
1.9000000000000001	12.968209241551708
1.9100000000000001	12.968235683773846
1.92	12.967585359231549
1.93	12.967216875722574
1.94	12.964614478459465
1.95	12.961331736774934
1.96	12.940978061452038
1.97	12.930126636527747
1.98	12.915785270247707
1.99	12.882088274728755
2.	11.580532098418296
2.0100000000000002	11.922220708939335
2.02	11.9637693665747
2.0300000000000002	11.971448506480556
2.04	11.972141075955692
2.05	11.972168570168773
2.06	11.973743596097787
2.07	11.972885105774715
2.08	11.972956515039444
2.09	11.973945855695908
2.1	11.974939855047003
2.11	11.972492519633771
2.12	11.970724971629574
2.13	11.967913743718297
2.14	11.965635574043585
2.15	11.963534821820035
2.16	11.962380639047996
2.17	11.96087036857331
2.18	11.959816191341458
2.19	11.957699387162366
2.2	11.953158820549383
2.21	11.945983369979498
2.22	11.935815746294951
2.23	11.912789125448834
2.24	11.318427373057114
2.25	10.964890956591455
2.2600000000000002	10.97677729433262
2.27	10.978613883500206
2.2800000000000002	10.978479899868315
2.29	10.978802261171298
2.3000000000000003	10.979021344447833
2.31	10.978650031965289
2.32	10.978276735882732
2.33	10.977535487092677
2.34	10.977263391650345
2.35	10.977301512129443
2.36	10.976755252790351
2.37	10.976647636406259
2.38	10.977306059731506
2.39	10.977014923992225
2.4	10.976447924199825
2.41	10.96623748624739
2.42	10.963182541317849
2.43	10.958928896439469
2.44	10.95196078178353
2.45	10.943174130935681
2.46	10.928884588981969
2.47	10.90579230849702
2.48	7.455584931833087
2.49	9.962404285331159
2.5	9.971290544957869
2.5100000000000002	9.972149621432054
2.52	9.971685221168137
2.5300000000000002	9.970148319342517
2.54	9.970816873654892
2.5500000000000003	9.970964817614874
2.56	9.983195304156538
2.57	9.983225513037487
2.58	9.983553498900621
2.59	9.983766999938016
2.6	9.984046427698505
2.61	9.984295742329415
2.62	9.984062906119267
2.63	9.983461764755491
2.64	9.98285897841669
2.65	9.980153154049876
2.66	9.975411560180206
2.67	9.967438598496356
2.68	9.954780468741887
2.69	9.938857832953737
2.7	9.90873072436425
2.71	5.751849482516537
2.72	8.982091806891383
2.73	8.985667984222937
2.74	8.986782584328742
2.75	8.986414697799049
2.7600000000000002	8.985200065496358
2.77	8.98411158471866
2.7800000000000002	8.983040298725525
2.79	8.982115607089302
2.8000000000000003	8.98074499708412
2.81	8.979836972205069
2.82	8.979394800194674
2.83	8.97855441727979
2.84	8.978413659674993
2.85	8.978553524940178
2.86	8.971444466943963
2.87	8.968640643017835
2.88	8.965477272881266
2.89	8.961204041696448
2.9	8.958592244212802
2.91	8.949706615210244
2.92	8.899601427230106
2.93	7.279226210565934
2.94	7.9780492034543276
2.95	7.982874428847321
2.96	7.983073029780403
2.97	7.983746605712561
2.98	7.983240595599307
2.99	7.982843858940477
3.	7.983536277452698