0.	0.1329489260242669
0.01	4.993105800649262
0.02	18.90905168349236
0.03	8.143195194464472
0.04	11.057233774453557
0.05	9.879633462327588
0.06	5.35556985191471
0.07	0.7678500668363142
0.08	12.739366371041779
0.09	14.45084440643801
0.1	14.886275040465561
0.11	14.903990970928517
0.12	14.044101389721925
0.13	5.836144536735629
0.14	5.458615266403015
0.15	14.924545102608727
0.16	16.231480889704645
0.17	16.593571451664033
0.18	16.80146338065853
0.19	16.902327731884757
0.2	16.79582103118192
0.21	16.307698402276085
0.22	14.484983884015698
0.23	5.557574768902344
0.24	10.185210539470031
0.25	16.608620153058077
0.26	17.326186004734303
0.27	17.511039791449054
0.28	17.5534188568486
0.29	17.534905671882818
0.3	17.489884081629153
0.31	19.12891273509672
0.32	19.036235669691905
0.33	18.755212559204818
0.34	18.099959919425004
0.35000000000000003	15.878779556206986
0.36	13.376405196818318
0.37	17.766430695385846
0.38	18.147693770572978
0.39	18.270074248800405
0.4	18.34075656469997
0.41000000000000003	18.397096946735566
0.42	18.447519542896384
0.43	18.48246982225885
0.44	18.50477372872849
0.45	18.48084977625967
0.46	16.93888215950159
0.47000000000000003	16.722054640244743
0.48	16.325368614257652
0.49	15.388559747959638
0.5	10.651967654765386
0.51	6.192407371839195
0.52	13.25514699393989
0.53	15.831305885263074
0.54	16.334506543838163
0.55	16.537907398593212
0.56	16.6573671435422
0.5700000000000001	16.730112771797085
0.58	16.785563263350014
0.59	16.815883151563252
0.6	16.824889737082877
0.61	16.813320895889188
0.62	16.751112167550684
0.63	16.635698963059337
0.64	16.41416931843146
0.65	15.998138795718166
0.66	15.090559875235472
0.67	11.959931892774222
0.68	12.510209669491932
0.6900000000000001	14.899662932585947
0.7000000000000001	15.913581569146803
0.71	16.13090555557035
0.72	16.22462021706531
0.73	16.2609176289824
0.74	16.282663842655335
0.75	16.29793009242638
0.76	16.94682910607116
0.77	16.918332433708485
0.78	16.897038058894935
0.79	16.888413347834927
0.8	16.880278990761557
0.81	16.87991233997099
0.8200000000000001	16.861890551205327
0.8300000000000001	16.776813580342576
0.84	16.482947674435678
0.85	15.756359944197952
0.86	13.43487138411291
0.87	4.837916704357782
0.88	15.165337585824219
0.89	15.88933562330385
0.9	16.078229155152755
0.91	14.669761780579575
0.92	14.9760963496969
0.93	15.139859923972944
0.9400000000000001	15.219322141962564
0.9500000000000001	15.2613947588158
0.96	15.275575302281341
0.97	15.254689824445128
0.98	15.237235958143398
0.99	15.19440854417444
1.	15.134281101473206
1.01	15.065975574432509
1.02	14.95220312927897
1.03	14.747845218241864
1.04	14.381836610498198
1.05	13.719274414175837
1.06	12.682170037218134
1.07	1.835818886726709
1.08	11.978901864346485
1.09	12.019250142535231
1.1	13.927433918086527
1.11	14.483554451825263
1.12	14.647491037776184
1.1300000000000001	14.718911511010841
1.1400000000000001	14.761796598657057
1.1500000000000001	14.773063431489154
1.16	14.792125248756642
1.17	14.792535849606827
1.18	14.783976765280523
1.19	14.77355232060288
1.2	14.741102133780679
1.21	15.242982928797902
1.22	15.26483235631604
1.23	15.313115596822717
1.24	15.387980244833226
1.25	15.416272201351335
1.26	15.236372632354232
1.27	14.682607772933888
1.28	13.52364423621062
1.29	5.827770374543665
1.3	10.442808670531067
1.31	13.940156310029495
1.32	14.23276742082776
1.33	14.315344142701282
1.34	14.344502108328777
1.35	14.365344096092029
1.36	13.894407255691894
1.37	13.879869122373325
1.3800000000000001	13.870959345642104
1.3900000000000001	13.848524295234114
1.4000000000000001	13.830574032603085
1.41	13.818809670279231
1.42	13.809205418424703
1.43	13.795198254060955
1.44	13.798561854720266
1.45	13.793777551685587
1.46	13.78556800301376
1.47	13.751879655233148
1.48	13.670940296390652
1.49	13.536863355730452
1.5	13.300785414317472
1.51	12.74536613379129
1.52	9.466611761809652
1.53	2.570454712934311
1.54	12.386009818341915
1.55	12.891448618287836
1.56	12.972257372900039
1.57	12.996733098571713
1.58	12.995640198500396
1.59	12.989976475318203
1.6	12.981298851036668
1.61	12.973761288828516
1.62	12.967935042231067
1.6300000000000001	12.960615362401706
1.6400000000000001	12.949763838361937
1.6500000000000001	12.933727041972599
1.6600000000000001	13.189233447143728
1.67	13.16072941485264
1.68	13.126501812923498
1.69	13.058570839352754
1.7	12.976099658086858
1.71	12.873227557818
1.72	12.724280105841101
1.73	12.515410846638458
1.74	12.149790607009225
1.75	11.239336847260432
1.76	7.212524008551726
1.77	7.550818076114579
1.78	11.740624204279905
1.79	12.149392989279402
1.8	12.237265603051444
1.81	12.638176353228136
1.82	12.642314475732716
1.83	12.646520214782742
1.84	12.639834700380415
1.85	12.647935279662802
1.86	12.648547673204085
1.87	12.646555711171356
1.8800000000000001	12.65949761717611
1.8900000000000001	12.663849714783098
1.9000000000000001	12.671391372021835
1.9100000000000001	12.682174348524072
1.92	12.676209097577361
1.93	12.672974442022177
1.94	12.647964163432464
1.95	12.59788135110134
1.96	11.871902983032747
1.97	11.795233351544544
1.98	11.692649108281593
1.99	11.494632316447715
2.	0.6694919222140239
2.0100000000000002	5.611347076105589
2.02	7.765197663378207
2.0300000000000002	11.062376800460086
2.04	11.327456236993132
2.05	11.376255115848856
2.06	11.38347675095042
2.07	11.378395158899734
2.08	11.364528846372428
2.09	11.34598183937987
2.1	11.330855203508522
2.11	11.278517123121288
2.12	11.260969613630012
2.13	11.24195418120528
2.14	11.217411787298897
2.15	11.189200926946292
2.16	11.154729972813774
2.17	11.114957424526583
2.18	11.06305575214261
2.19	10.992003975371754
2.2	10.902563900238833
2.21	10.769111013801254
2.22	10.567442635950215
2.23	10.134047763177453
2.24	6.625730989181335
2.25	9.296223475426729
2.2600000000000002	9.688438175570461
2.27	10.168477861976559
2.2800000000000002	10.256098838753335
2.29	10.283066031158283
2.3000000000000003	10.292762603636788
2.31	10.297520846016095
2.32	10.291283027838237
2.33	10.284094587899187
2.34	10.27273571817449
2.35	10.263147728629411
2.36	10.252212720318607
2.37	10.23963165202358
2.38	10.223089211004188
2.39	10.211095418984492
2.4	10.197892183818889
2.41	10.550469876967075
2.42	10.553690097257203
2.43	10.542186922851856
2.44	10.463882976897644
2.45	10.247070368586805
2.46	9.862047220122033
2.47	9.140857365922903
2.48	5.540427924039141
2.49	8.10211985447566
2.5	9.201883436397438
2.5100000000000002	9.398328452392525
2.52	9.47421989119669
2.5300000000000002	9.51906335267524
2.54	9.548394454047335
2.5500000000000003	9.5748577744498
2.56	9.35043502111212
2.57	9.3462785458847
2.58	9.333180685443587
2.59	9.30771365012083
2.6	9.273793052104999
2.61	9.23082617844331
2.62	9.181131848886134
2.63	9.133099256887348
2.64	9.086278304966253
2.65	9.044656281037426
2.66	8.998408209191997
2.67	8.94632930653988
2.68	8.87238494600404
2.69	8.74146105311824
2.7	8.486174681690661
2.71	5.4443382108601925
2.72	4.8227124389194405
2.73	8.25991609233124
2.74	8.438436513035805
2.75	8.478103940644413
2.7600000000000002	8.486094846806335
2.77	8.480036509295806
2.7800000000000002	8.46355178186174
2.79	8.442568462958587
2.8000000000000003	8.418581270532716
2.81	8.388001047732109
2.82	8.355673244757712
2.83	8.32266837610278
2.84	8.29193719009905
2.85	8.26666270158925
2.86	8.359065229606816
2.87	8.30528917589789
2.88	8.236897262706094
2.89	8.151104451300293
2.9	8.035066538937164
2.91	7.884421970770688
2.92	7.564282730029512
2.93	2.374559666483885
2.94	2.440225067320512
2.95	7.1023827888203765
2.96	7.354965394704396
2.97	7.413157812727346
2.98	7.436902189762891
2.99	7.447771191863075
3.	7.4499228539817945