0.	23.095893473705324
0.01	21.86701544988495
0.02	21.08588958178984
0.03	22.708482267357887
0.04	22.881794684557843
0.05	22.760000360580616
0.06	4.51327654862877
0.07	22.374298700542862
0.08	22.513386371252633
0.09	22.518905399455445
0.1	22.484076561680755
0.11	22.40598446521117
0.12	22.17300566856449
0.13	10.535062469376888
0.14	21.490816314474348
0.15	21.630745145625415
0.16	21.603977951828252
0.17	21.611049275861102
0.18	21.607991744550496
0.19	21.59638769718752
0.2	21.57316240567966
0.21	21.52753555522739
0.22	21.381449207708513
0.23	26.79098154051108
0.24	20.71066461567125
0.25	20.74772157452496
0.26	20.73776929710547
0.27	20.720363285394843
0.28	20.699400939698847
0.29	20.683727534886593
0.3	20.672473666252326
0.31	20.546431238444022
0.32	20.51036108077337
0.33	20.45349184324255
0.34	20.34717180070993
0.35000000000000003	19.865806487658155
0.36	19.504617711030626
0.37	19.689701957226216
0.38	19.703165228125002
0.39	19.705062197353282
0.4	19.702821510153193
0.41000000000000003	19.702500443745297
0.42	19.70566056594039
0.43	19.70900733314729
0.44	19.714803266491497
0.45	19.71339884889431
0.46	19.575362435542523
0.47000000000000003	19.54772406124285
0.48	19.498486170472226
0.49	19.35861427235754
0.5	18.610738416383136
0.51	17.381776677182174
0.52	18.611488209656173
0.53	18.707552055414023
0.54	18.73246092265976
0.55	18.74566616178602
0.56	18.751539582957353
0.5700000000000001	18.753911459540877
0.58	18.751603151417676
0.59	18.748191816639444
0.6	18.742767516066717
0.61	18.771191786980037
0.62	18.75080680682241
0.63	18.729881834579253
0.64	18.697345652319534
0.65	18.64226636692261
0.66	18.519994354721195
0.67	17.966784626056636
0.68	16.92975472729446
0.6900000000000001	17.710307103988406
0.7000000000000001	17.792466811550444
0.71	17.812833716176506
0.72	17.82291057924174
0.73	17.825182116038
0.74	17.822593980916878
0.75	17.820292506795283
0.76	17.8726193766361
0.77	17.872522096225744
0.78	17.869230454642608
0.79	17.861554603716915
0.8	17.848700922023852
0.81	17.831827858363948
0.8200000000000001	17.803870694759514
0.8300000000000001	17.769744155820494
0.84	17.716941733061038
0.85	17.622656429889332
0.86	17.212077431791286
0.87	16.70453080096544
0.88	16.883386806233478
0.89	16.900928387055593
0.9	16.904819712780135
0.91	16.916053693915757
0.92	16.915701684430253
0.93	16.91333986763226
0.9400000000000001	16.91000714966199
0.9500000000000001	16.90705487075281
0.96	16.903480420565895
0.97	16.899444822961083
0.98	16.895640700971253
0.99	16.891147173953453
1.	16.88650141832687
1.01	16.881801940722113
1.02	16.878175564676006
1.03	16.86934909648592
1.04	16.858177244661064
1.05	16.834033419032817
1.06	16.610300806923536
1.07	15.136454407589476
1.08	15.697300204045098
1.09	15.830397886547297
1.1	15.850766549102387
1.11	15.856880683213538
1.12	15.859800173407349
1.1300000000000001	15.862970554329584
1.1400000000000001	15.864155058389962
1.1500000000000001	15.86569545067355
1.16	15.86640145528196
1.17	15.867207844355622
1.18	15.867384649833896
1.19	15.868009406657391
1.2	15.866393989985442
1.21	15.88482311245984
1.22	15.881546662648729
1.23	15.87622864280965
1.24	15.866714729597028
1.25	15.85679829418708
1.26	15.841511417907547
1.27	15.819454068991288
1.28	15.759762934192237
1.29	14.402862845945519
1.3	14.807608822209371
1.31	14.887805403180423
1.32	14.903403390740873
1.33	14.912396328539032
1.34	14.91323424096249
1.35	14.91681110872456
1.36	14.934211786438903
1.37	14.934487529223588
1.3800000000000001	14.933798726936505
1.3900000000000001	14.932582683323925
1.4000000000000001	14.929363076314164
1.41	14.925212683075564
1.42	14.922624583303568
1.43	14.917530004910367
1.44	14.912405210459287
1.45	14.906647177669376
1.46	14.899216381539162
1.47	14.891968497034727
1.48	14.878749015878597
1.49	14.859417336854644
1.5	14.826349593041545
1.51	14.741063496523665
1.52	13.89935496763137
1.53	13.834829165097648
1.54	13.935040496909467
1.55	13.947253531447164
1.56	13.950888001534993
1.57	13.95120137456005
1.58	13.95046967005618
1.59	13.950433606484955
1.6	13.949143663880436
1.61	13.946721203108513
1.62	13.94533041011838
1.6300000000000001	13.942249123781435
1.6400000000000001	13.941516479306312
1.6500000000000001	13.938815445220678
1.6600000000000001	13.901022091978518
1.67	13.89605348241956
1.68	13.888733580882596
1.69	13.875895460535084
1.7	13.861473975082165
1.71	13.839647003584613
1.72	13.813522965282784
1.73	13.78028256312269
1.74	13.73034533802094
1.75	13.605768736466416
1.76	9.888526942243896
1.77	12.82171517146213
1.78	12.898338593741524
1.79	12.906044961500278
1.8	12.907677818359133
1.81	12.926758894186655
1.82	12.928037700988803
1.83	12.927551451038166
1.84	12.927965789285189
1.85	12.928764886319783
1.86	12.92948368425671
1.87	12.931835856812778
1.8800000000000001	12.931737138708268
1.8900000000000001	12.93204007224446
1.9000000000000001	12.932153161317485
1.9100000000000001	12.932078057136968
1.92	12.930942234669269
1.93	12.926521014630456
1.94	12.918068730217428
1.95	12.906371062329644
1.96	12.865039457111555
1.97	12.8403674129594
1.98	12.807616929909049
1.99	12.730529440729349
2.	11.221537753157397
2.0100000000000002	11.889167526726242
2.02	11.943671385350203
2.0300000000000002	11.95422258058981
2.04	11.958461749439554
2.05	11.959298854187749
2.06	11.959858766331424
2.07	11.960692874198424
2.08	11.961880512283846
2.09	11.96130463349857
2.1	11.961347116036146
2.11	11.916163552196176
2.12	11.914381370044335
2.13	11.912985384038755
2.14	11.910329029898616
2.15	11.907211497180384
2.16	11.902506171608389
2.17	11.897456313387158
2.18	11.891872152111615
2.19	11.884507586291793
2.2	11.871352739953112
2.21	11.855740231347227
2.22	11.824554705548229
2.23	11.73588271489907
2.24	10.824824324708892
2.25	10.749632034863973
2.2600000000000002	10.943132497000777
2.27	10.948976329632796
2.2800000000000002	10.951417149169256
2.29	10.95299769996735
2.3000000000000003	10.954833640903464
2.31	10.95524687525721
2.32	10.957172926448566
2.33	10.95802865498056
2.34	10.957764327377022
2.35	10.95661247005674
2.36	10.954990211031468
2.37	10.952932934461714
2.38	10.95055733235512
2.39	10.946611365503172
2.4	10.941537282535243
2.41	10.94192123948457
2.42	10.935286859651667
2.43	10.923517987659604
2.44	10.907863757693043
2.45	10.882300248397147
2.46	10.836313660184612
2.47	10.722414417090185
2.48	12.205141249307017
2.49	9.924123701541465
2.5	9.951073070954761
2.5100000000000002	9.95699319146767
2.52	9.95822289185473
2.5300000000000002	9.95771522481578
2.54	9.957004121905847
2.5500000000000003	9.955946471015615
2.56	9.963050076068425
2.57	9.963809013355048
2.58	9.964894310479746
2.59	9.966283705559686
2.6	9.966460042800877
2.61	9.964518702661495
2.62	9.96168321288155
2.63	9.956677648538648
2.64	9.94722191628666
2.65	9.936524314991718
2.66	9.921194058434635
2.67	9.906477009540488
2.68	9.894920526821203
2.69	9.88789506981738
2.7	9.872854603885637
2.71	5.948286315261964
2.72	8.901007836674513
2.73	8.939366404731024
2.74	8.944444607129373
2.75	8.944856226480079
2.7600000000000002	8.944431121089693
2.77	8.94459940653125
2.7800000000000002	8.94333264697533
2.79	8.942577577488306
2.8000000000000003	8.942497195374832
2.81	8.942306371634082
2.82	8.940991890424243
2.83	8.941292683406832
2.84	8.940331621334433
2.85	8.938864102715725
2.86	8.972055180252477
2.87	8.97145082647875
2.88	8.968655884226436
2.89	8.96278767750022
2.9	8.95139439047053
2.91	8.933172124791554
2.92	8.886557497280041
2.93	4.135687257915291
2.94	7.953447425429652
2.95	7.972318161134202
2.96	7.976366896442657
2.97	7.977438307324678
2.98	7.977852243065087
2.99	7.977549194988288
3.	7.976528528188799