0.	23.928041828505858
0.01	23.62199387766206
0.02	23.477776634980472
0.03	23.67666999470914
0.04	23.564981398459935
0.05	23.21940742892774
0.06	21.642370310300812
0.07	22.777973368768695
0.08	22.800843844715974
0.09	22.804927662131576
0.1	22.796864015155844
0.11	22.765860379493073
0.12	22.662273346975418
0.13	15.335188811002995
0.14	21.866401101942724
0.15	21.88291831346168
0.16	21.839573623848263
0.17	21.834290614014122
0.18	21.821786736097632
0.19	21.801595062656528
0.2	21.771126029836655
0.21	21.723767963956366
0.22	21.616661635564054
0.23	34.69933033407257
0.24	20.839604246716373
0.25	20.875791814386716
0.26	20.884267939909975
0.27	20.88604872469409
0.28	20.88538774495921
0.29	20.88190507625544
0.3	20.873414295533284
0.31	20.940712655028747
0.32	20.937378953627334
0.33	20.930058264796564
0.34	20.910781654193848
0.35000000000000003	20.808443599887923
0.36	19.922963013049515
0.37	19.949149260671874
0.38	19.95265155014392
0.39	19.95214138260118
0.4	19.950352292688198
0.41000000000000003	19.94673652662455
0.42	19.943359174149542
0.43	19.94022907086734
0.44	19.93731181872581
0.45	19.934870393380347
0.46	19.87813840674535
0.47000000000000003	19.87119739531591
0.48	19.855736287375983
0.49	19.804916780290863
0.5	19.398721435200105
0.51	18.822713714474105
0.52	18.90014757707321
0.53	18.911506708279113
0.54	18.913648418374937
0.55	18.914610684540857
0.56	18.91520635364469
0.5700000000000001	18.91519439786303
0.58	18.91408320050898
0.59	18.91277541738244
0.6	18.91335322235746
0.61	18.90989698312697
0.62	18.907257843919048
0.63	18.898586865281807
0.64	18.880603650658244
0.65	18.84951530242044
0.66	18.793058184140744
0.67	18.536306912913425
0.68	17.83259790027855
0.6900000000000001	17.92767011938022
0.7000000000000001	17.93774690584468
0.71	17.94044166516723
0.72	17.94139469217416
0.73	17.941670453589506
0.74	17.941907352575548
0.75	17.939807139999395
0.76	17.9682878397868
0.77	17.96782287225336
0.78	17.966945169488504
0.79	17.965334491647504
0.8	17.96360349266292
0.81	17.961010200750714
0.8200000000000001	17.95779646508983
0.8300000000000001	17.952436276294886
0.84	17.9457691336704
0.85	17.933303695883115
0.86	17.849040330660223
0.87	16.962050346749404
0.88	16.974531869626563
0.89	16.976147711221984
0.9	16.976598169822232
0.91	16.9608775130103
0.92	16.960726038316913
0.93	16.95969226511485
0.9400000000000001	16.95876393273159
0.9500000000000001	16.958856610935314
0.96	16.958550255175055
0.97	16.958404482266804
0.98	16.958819115473894
0.99	16.958111172914826
1.	16.957465265897163
1.01	16.955681543567938
1.02	16.952891665519942
1.03	16.946703376182654
1.04	16.937313980274627
1.05	16.92187496014875
1.06	16.91954666593093
1.07	16.24223241947544
1.08	15.956936215080214
1.09	15.974266585639397
1.1	15.979039779691824
1.11	15.981353093115702
1.12	15.982353508683547
1.1300000000000001	15.982803787759824
1.1400000000000001	15.982743811753853
1.1500000000000001	15.982455439354247
1.16	15.98231094652321
1.17	15.981846734160039
1.18	15.980741733380459
1.19	15.980105367806573
1.2	15.979606284049497
1.21	15.951853252945813
1.22	15.949193300511366
1.23	15.948665479702127
1.24	15.944011363640833
1.25	15.937445323107674
1.26	15.928416514090689
1.27	15.914552465562029
1.28	15.878702644858727
1.29	15.060675672793144
1.3	14.912085271555906
1.31	14.949849579362144
1.32	14.95761712905949
1.33	14.958534236076641
1.34	14.959842585753035
1.35	14.960142503821162
1.36	14.975950303510423
1.37	14.975198995420437
1.3800000000000001	14.975623505482067
1.3900000000000001	14.974890741588103
1.4000000000000001	14.97404716733468
1.41	14.973438580173356
1.42	14.97309879287642
1.43	14.97178890291237
1.44	14.970675513343034
1.45	14.968936681676325
1.46	14.96682273164212
1.47	14.963591714047425
1.48	14.958018956191122
1.49	14.950589738542948
1.5	14.939944481045597
1.51	14.92814299253487
1.52	14.680765769014819
1.53	13.96622251450892
1.54	13.980401191462805
1.55	13.983880421509308
1.56	13.985236677764117
1.57	13.985866271372474
1.58	13.986398252609744
1.59	13.986731770256776
1.6	13.986882526272389
1.61	13.986725898654084
1.62	13.986428414603264
1.6300000000000001	13.986692507348891
1.6400000000000001	13.98585898729285
1.6500000000000001	13.986235618440372
1.6600000000000001	13.970512120170708
1.67	13.967619714341685
1.68	13.96655624160724
1.69	13.96325968791956
1.7	13.957586554513291
1.71	13.948932246142247
1.72	13.935150257687042
1.73	13.91523993204817
1.74	13.89152129342002
1.75	13.84608400136369
1.76	12.71467899196257
1.77	12.964843697711784
1.78	12.972787015901295
1.79	12.974297178662269
1.8	12.974453551049846
1.81	12.983353192982394
1.82	12.98348134891519
1.83	12.983216896746274
1.84	12.982995397689404
1.85	12.982652809400156
1.86	12.981742933760579
1.87	12.981629327695227
1.8800000000000001	12.980861661771891
1.8900000000000001	12.98040638278656
1.9000000000000001	12.97972667540567
1.9100000000000001	12.979652956612362
1.92	12.978889266406396
1.93	12.979151649815991
1.94	12.978269228104038
1.95	12.977392442031864
1.96	12.955067654358317
1.97	12.94469232803506
1.98	12.93022941156054
1.99	12.905610203366082
2.	11.625085716221939
2.0100000000000002	11.939857369418867
2.02	11.968311977047176
2.0300000000000002	11.972819463578482
2.04	11.974748165449578
2.05	11.975063997555301
2.06	11.974440793535273
2.07	11.973880961973881
2.08	11.973309549766235
2.09	11.971119477865864
2.1	11.971584648914071
2.11	11.987755394509495
2.12	11.987973741731127
2.13	11.987363238264862
2.14	11.986471201412904
2.15	11.98574116382049
2.16	11.984956939144526
2.17	11.984114412862665
2.18	11.983977961830123
2.19	11.98279642336287
2.2	11.979813122798127
2.21	11.974817313917306
2.22	11.966039913240747
2.23	11.950404800152423
2.24	11.652630707523436
2.25	10.976387323090327
2.2600000000000002	10.976880218588995
2.27	10.978310819615984
2.2800000000000002	10.97877006739913
2.29	10.978345091681872
2.3000000000000003	10.978646175260222
2.31	10.978302998992403
2.32	10.97807593437785
2.33	10.978551297405682
2.34	10.978166331738711
2.35	10.97763163637095
2.36	10.977335306205031
2.37	10.977254707182762
2.38	10.97630086612002
2.39	10.976051699628622
2.4	10.976319765370205
2.41	10.98519009959832
2.42	10.984881805495815
2.43	10.983899739497904
2.44	10.982532398024452
2.45	10.981339630797645
2.46	10.97841215900229
2.47	10.956252473398436
2.48	9.648268080379239
2.49	9.989134253971159
2.5	9.990719410660535
2.5100000000000002	9.990951065967225
2.52	9.990922536720943
2.5300000000000002	9.99034919346816
2.54	9.990439958385688
2.5500000000000003	9.990864874539824
2.56	9.98419667865828
2.57	9.98404245256248
2.58	9.984373301516493
2.59	9.984586022116357
2.6	9.983756050753865
2.61	9.983035400858565
2.62	9.982886752039915
2.63	9.982024645104122
2.64	9.981340948159367
2.65	9.979852822094209
2.66	9.977169739176544
2.67	9.972785735796345
2.68	9.967618528400633
2.69	9.961318054622993
2.7	9.94311965113684
2.71	8.77796396332526
2.72	8.99149433754541
2.73	8.99359011215416
2.74	8.993928924751936
2.75	8.993794892069348
2.7600000000000002	8.993917918078239
2.77	8.993559090661579
2.7800000000000002	8.993510838318489
2.79	8.993346779626341
2.8000000000000003	8.992781527708225
2.81	8.992430852550871
2.82	8.99174010910036
2.83	8.990936091899176
2.84	8.99017720241389
2.85	8.98949687001357
2.86	8.986092939767461
2.87	8.98502209328636
2.88	8.982908852408958
2.89	8.978665218554816
2.9	8.972726839375568
2.91	8.96527557153724
2.92	8.953460874223534
2.93	7.2217600821371235
2.94	7.9821288058508095
2.95	7.9872914096754295
2.96	7.98800511466663
2.97	7.98860831443648
2.98	7.988766347494719
2.99	7.98826368959373
3.	7.988195740602068