-2.	0.0017249161419289449
-1.99	0.010101572302477543
-1.98	0.01787823862627137
-1.97	0.017808361531853882
-1.96	0.024191747694715608
-1.95	0.02307938267649534
-1.94	0.030444114184695958
-1.93	0.027856074164555145
-1.92	0.029163223053536056
-1.91	0.03429254487759119
-1.9	0.036976555028897726
-1.89	0.036801547278512495
-1.88	0.04613396389390883
-1.87	0.049826553038625446
-1.8599999999999999	0.04874394919407625
-1.85	0.057535468114389185
-1.84	0.054067768139587406
-1.83	0.0600931406162519
-1.82	0.06888529285224645
-1.81	0.07267014790333579
-1.8	0.08610875566322101
-1.79	0.09457216196391531
-1.78	0.08977907239255578
-1.77	0.10594269729508499
-1.76	0.10354294706656197
-1.75	0.12077568736624052
-1.74	0.11931963417563299
-1.73	0.13083820412341549
-1.72	0.13599668588465755
-1.71	0.1313497230875756
-1.7	0.16126352870741828
-1.69	0.14572478818826146
-1.68	0.15500582896944548
-1.67	0.16342320011500258
-1.66	0.17624281172216935
-1.65	0.18054152992715722
-1.6400000000000001	0.1756578905100822
-1.63	0.2014329728560434
-1.62	0.20854133154061014
-1.6099999999999999	0.2063639794453405
-1.6	0.21238510264160546
-1.5899999999999999	0.23503445505717163
-1.58	0.21991193713785137
-1.57	0.23506178702490257
-1.56	0.24127759100107535
-1.55	0.2582530807830752
-1.54	0.25747300110251287
-1.53	0.26048064622092443
-1.52	0.28475573440388147
-1.51	0.28121330497932684
-1.5	0.26540970381302015
-1.49	0.28220976551432764
-1.48	0.2984769519192699
-1.47	0.28863057018484234
-1.46	0.2940119503294612
-1.45	0.30775100292139257
-1.44	0.30202365986621577
-1.43	0.3070410569733777
-1.42	0.31213479812295564
-1.4100000000000001	0.3028700284914404
-1.4	0.3213414052542007
-1.3900000000000001	0.3298304828015654
-1.38	0.30879255204426737
-1.37	0.3302520250964147
-1.3599999999999999	0.3407887705107939
-1.35	0.34628619784718273
-1.3399999999999999	0.3581094401045301
-1.33	0.3571616314240672
-1.3199999999999998	0.3544781463529821
-1.31	0.34998148318988415
-1.2999999999999998	0.35630702159356475
-1.29	0.35092801920558053
-1.28	0.36877995028285493
-1.27	0.3746932170743581
-1.26	0.37086817637554953
-1.25	0.3914561432594692
-1.24	0.36671567243296727
-1.23	0.3765207852762443
-1.22	0.37249166890033114
-1.21	0.3804414256231579
-1.2	0.37967384610845695
-1.19	0.3882887149100361
-1.18	0.38434416768601787
-1.17	0.395845767576394
-1.1600000000000001	0.4085355099992173
-1.15	0.39176384866308417
-1.1400000000000001	0.42000787987601257
-1.13	0.4143473304737075
-1.12	0.41133713843310693
-1.1099999999999999	0.4189807094044169
-1.1	0.41459147369007204
-1.0899999999999999	0.4001812447050021
-1.08	0.411893771722442
-1.0699999999999998	0.422705725318542
-1.06	0.4139952747464281
-1.0499999999999998	0.43366999061155287
-1.04	0.42991360506108434
-1.03	0.4425098708861269
-1.02	0.4356506843874308
-1.01	0.444033340448828
-1.	0.4391508073282868
-0.99	0.4447793101261487
-0.98	0.44243307063126625
-0.97	0.4486668521911649
-0.96	0.44499397879677816
-0.95	0.45176898352608114
-0.94	0.4734633460306998
-0.9299999999999999	0.4602426532454728
-0.9199999999999999	0.4481554632419429
-0.9099999999999999	0.45174573733382095
-0.8999999999999999	0.4622681497862578
-0.8899999999999999	0.46233229518410474
-0.8799999999999999	0.46898345041014466
-0.8699999999999999	0.4557042904545942
-0.8599999999999999	0.45462833018807247
-0.8499999999999999	0.4543157914446385
-0.8400000000000001	0.46804030672508523
-0.8300000000000001	0.470596829960246
-0.8200000000000001	0.45518649351500295
-0.81	0.47142486158204294
-0.8	0.4725686109577061
-0.79	0.47509680869862914
-0.78	0.4616490176183351
-0.77	0.470743473759909
-0.76	0.4597940132572739
-0.75	0.4614257984063884
-0.74	0.48575876185120553
-0.73	0.4817000817738257
-0.72	0.4871696464280141
-0.71	0.5020628147086568
-0.7	0.4847288255635915
-0.69	0.47630924379995304
-0.6799999999999999	0.48183997930507927
-0.6699999999999999	0.48375474358256704
-0.6599999999999999	0.47471245806562057
-0.6499999999999999	0.4846224609407916
-0.6399999999999999	0.48592182124475747
-0.6299999999999999	0.4907859502517252
-0.6199999999999999	0.5059685725725217
-0.6099999999999999	0.5080340159904213
-0.5999999999999999	0.5073446701844674
-0.5900000000000001	0.4992505866113336
-0.5800000000000001	0.5015081183773021
-0.5700000000000001	0.5069593495715355
-0.56	0.48932093749543537
-0.55	0.4979003872352242
-0.54	0.506509397959888
-0.53	0.5063762093500966
-0.52	0.5060457410271467
-0.51	0.4982607464003632
-0.5	0.5009058641760427
-0.49	0.5017807542393938
-0.48	0.5094198419911709
-0.47	0.508021061504191
-0.45999999999999996	0.5085868260767256
-0.44999999999999996	0.5235820808944709
-0.43999999999999995	0.5166749316982596
-0.42999999999999994	0.5138370703319183
-0.41999999999999993	0.501007136148283
-0.4099999999999999	0.521619650174464
-0.3999999999999999	0.51843648939289
-0.3899999999999999	0.5236444740292977
-0.3799999999999999	0.5060775438744856
-0.3699999999999999	0.5316471700481075
-0.3599999999999999	0.5143711011661674
-0.34999999999999987	0.5078378129491089
-0.33999999999999986	0.5127485632870808
-0.33000000000000007	0.5155981393507512
-0.32000000000000006	0.5164877247386485
-0.31000000000000005	0.5251072946072619
-0.30000000000000004	0.5191956263436257
-0.29000000000000004	0.5340256954632125
-0.28	0.5250512938975476
-0.27	0.5287646714733442
-0.26	0.5238502909875503
-0.25	0.5309346245531197
-0.24	0.5269376567544645
-0.22999999999999998	0.5234675521844776
-0.21999999999999997	0.5335992788959217
-0.20999999999999996	0.5286039820301626
-0.19999999999999996	0.5367552881841517
-0.18999999999999995	0.5304429286328199
-0.17999999999999994	0.5374632712455009
-0.16999999999999993	0.5411106576385323
-0.15999999999999992	0.5381142431486599
-0.1499999999999999	0.5262861446441305
-0.1399999999999999	0.538831998933795
-0.1299999999999999	0.5281974658878
-0.11999999999999988	0.5343486609912066
-0.10999999999999988	0.5261711657121713
-0.09999999999999987	0.5323146279711589
-0.08999999999999986	0.5145881911000677
-0.08000000000000007	0.5317485498038828
-0.07000000000000006	0.5073065100904054
-0.06000000000000005	0.5327961582336118
-0.050000000000000044	0.529891732842817
-0.040000000000000036	0.5167784463588052
-0.030000000000000027	0.5179656899153396
-0.020000000000000018	0.5369589848048013
-0.010000000000000009	0.5225299029083929
0.	0.5291424622750983
0.010000000000000231	0.5281823011797848
0.020000000000000018	0.5311014494117452
0.03000000000000025	0.5286000752709474
0.040000000000000036	0.5506571943897706
0.04999999999999982	0.5539754855784944
0.06000000000000005	0.5640018957537829
0.06999999999999984	0.585692698440507
0.08000000000000007	0.5853411218418392
0.08999999999999986	0.5811487988172348
0.10000000000000009	0.5676206967335473
0.10999999999999988	0.5575561423244261
0.1200000000000001	0.5552303027322819
0.1299999999999999	0.5430832555314605
0.14000000000000012	0.5383679379273831
0.1499999999999999	0.5360188202352215
0.16000000000000014	0.5500662039993456
0.16999999999999993	0.5405336851316904
0.18000000000000016	0.5470320181483844
0.18999999999999995	0.537115021460788
0.20000000000000018	0.5458423280316242
0.20999999999999996	0.5428530894327565
0.2200000000000002	0.5386828634538344
0.22999999999999998	0.5389610591464841
0.2400000000000002	0.5338486799791
0.25	0.5541559022677811
0.26000000000000023	0.5369344721031678
0.27	0.5365034777241305
0.28000000000000025	0.5367352683248187
0.29000000000000004	0.5404093602411171
0.30000000000000027	0.5476906963474046
0.31000000000000005	0.538930804379657
0.31999999999999984	0.5481948623261588
0.33000000000000007	0.5489382171724384
0.33999999999999986	0.5401373897056101
0.3500000000000001	0.5265034162842688
0.3599999999999999	0.5371203027852387
0.3700000000000001	0.5246789314584052
0.3799999999999999	0.5278138592295673
0.3900000000000001	0.5189754166777247
0.3999999999999999	0.5246148977442712
0.41000000000000014	0.5313530700577052
0.41999999999999993	0.5316482390052074
0.43000000000000016	0.5230760472522502
0.43999999999999995	0.5251539984226584
0.4500000000000002	0.5206458708423504
0.45999999999999996	0.5255017054109358
0.4700000000000002	0.5119468645309254
0.48	0.5276847774718558
0.4900000000000002	0.5123167895903087
0.5	0.5161602367231418
0.5100000000000002	0.5220545343740075
0.52	0.5204555060862077
0.5300000000000002	0.5177422764850979
0.54	0.5337015196020288
0.5500000000000003	0.5247073177653663
0.56	0.5230511476715045
0.5699999999999998	0.5292313073120105
0.5800000000000001	0.5215277841869667
0.5899999999999999	0.5140561353482147
0.6000000000000001	0.5233791350069179
0.6099999999999999	0.5211620316909357
0.6200000000000001	0.5113258757930184
0.6299999999999999	0.5106355314294558
0.6400000000000001	0.5291713360739595
0.6499999999999999	0.4985970898235702
0.6600000000000001	0.5065975269091352
0.6699999999999999	0.5258062742413854
0.6800000000000002	0.49278114427880454
0.69	0.5123689239111161
0.7000000000000002	0.5075880869521253
0.71	0.5041288402565551
0.7200000000000002	0.5161140937787877
0.73	0.5096785211893679
0.7400000000000002	0.4973199542214334
0.75	0.5076572535876214
0.7600000000000002	0.4959901364789391
0.77	0.5009909843570476
0.7800000000000002	0.5087398220570951
0.79	0.49430138865177786
0.8000000000000003	0.5054551198664357
0.81	0.5075390854644516
0.8199999999999998	0.498330781753756
0.8300000000000001	0.49651674921317446
0.8399999999999999	0.4824130618261726
0.8500000000000001	0.48877651786044907
0.8599999999999999	0.4908574232338209
0.8700000000000001	0.47901487485993777
0.8799999999999999	0.50319651460915
0.8900000000000001	0.4911488859431098
0.8999999999999999	0.4819370545891572
0.9100000000000001	0.46683096484860076
0.9199999999999999	0.47699083719087715
0.9300000000000002	0.4558432796247114
0.94	0.4615325506973406
0.9500000000000002	0.4669507411532849
0.96	0.4591218180615867
0.9700000000000002	0.456969026359649
0.98	0.4775728716299864
0.9900000000000002	0.4784417588382106
1.	0.4672255539573456
1.0100000000000002	0.45194310505333796
1.02	0.45849325260898793
1.0300000000000002	0.46972031377342655
1.04	0.4564206502716404
1.0500000000000003	0.4545741136905024
1.06	0.45469924655816574
1.0700000000000003	0.4654711537486976
1.08	0.4489155481879235
1.0899999999999999	0.44629516819539966
1.1	0.44175040093525675
1.1099999999999999	0.4428093059182877
1.12	0.45526330988876024
1.13	0.44016224035791823
1.1400000000000001	0.4456165731919172
1.15	0.43124296391515027
1.1600000000000001	0.42568538046074345
1.17	0.43380852188049496
1.1800000000000002	0.42734411047641846
1.19	0.42605914178630555
1.2000000000000002	0.4246023604741382
1.21	0.42504881769747727
1.2200000000000002	0.41681263237503047
1.23	0.43846843481691034
1.2400000000000002	0.43396055339921485
1.25	0.4055218201517971
1.2600000000000002	0.4066397748120801
1.27	0.3991917011717098
1.2800000000000002	0.4063921979488765
1.29	0.4024765872364552
1.3000000000000003	0.39592719110716235
1.31	0.3857412101826342
1.3200000000000003	0.3826664351538458
1.33	0.3938976200389726
1.3399999999999999	0.3799489049970989
1.35	0.3770747377790962
1.3599999999999999	0.37434095574538945
1.37	0.375031506323157
1.38	0.37937962873838615
1.3900000000000001	0.37228060294561444
1.4	0.36032827590783567
1.4100000000000001	0.3588260900538895
1.42	0.3563196851251996
1.4300000000000002	0.35878789990812004
1.44	0.3476946082334436
1.4500000000000002	0.35178834671886056
1.46	0.35011202429006283
1.4700000000000002	0.3442511218469903
1.48	0.3426034952838445
1.4900000000000002	0.3319428459603517
1.5	0.33006179087848403
1.5100000000000002	0.3097169488001095
1.52	0.30150668338123243
1.5300000000000002	0.30985565328599746
1.54	0.3092784212301992
1.5500000000000003	0.3124209626999799
1.56	0.2951004268755631
1.5700000000000003	0.2986051770294246
1.58	0.29024139916905434
1.5899999999999999	0.28973780253500064
1.6	0.2743043599227115
1.6099999999999999	0.2838819353991172
1.62	0.26272765266311476
1.63	0.2673496996999511
1.6400000000000001	0.2734017608956925
1.65	0.2501842045878097
1.6600000000000001	0.2540774220160329
1.67	0.24170884521821764
1.6800000000000002	0.2478777265305522
1.69	0.2455757146339515
1.7000000000000002	0.213999874977771
1.71	0.21734029859137677
1.7200000000000002	0.2204668080039305
1.73	0.21988476022485132
1.7400000000000002	0.21018407619287355
1.75	0.19663228430311797
1.7600000000000002	0.17778260754687716
1.77	0.18839315533511156
1.7800000000000002	0.17015681839709765
1.79	0.16218263797901675
1.8000000000000003	0.16650382561293478
1.81	0.15296746255572577
1.8200000000000003	0.14416876180064253
1.83	0.13109671535311718
1.8399999999999999	0.1222526870129281
1.85	0.10927922958072017
1.8599999999999999	0.12214672481463311
1.87	0.10326263443660451
1.88	0.09424641761523239
1.8900000000000001	0.0944855044719618
1.9	0.07986285002772904
1.9100000000000001	0.0834274683090816
1.92	0.06885450976110502
1.9300000000000002	0.06321112516415058
1.94	0.05056532762217004
1.9500000000000002	0.04629448056949933
1.96	0.04239529823704713
1.9700000000000002	0.03403605765704675
1.98	0.02675170088089232
1.9900000000000002	0.02017553812387613
2.	0.007692651255372013