-2.	0.001273632317507327
-1.99	0.00685140091564905
-1.98	0.010382756984026997
-1.97	0.015179513601472003
-1.96	0.01746688031170951
-1.95	0.017600668116747143
-1.94	0.024710318176083157
-1.93	0.022691521420406133
-1.92	0.02112557186520595
-1.91	0.02569308934813391
-1.9	0.026347291127441035
-1.89	0.032852696363780194
-1.88	0.029027487486667888
-1.87	0.030481234541959765
-1.8599999999999999	0.032826526181023066
-1.85	0.032529519906287954
-1.84	0.043323291683295705
-1.83	0.04324243803943179
-1.82	0.04547335371795559
-1.81	0.05381705846139735
-1.8	0.06120547473812482
-1.79	0.06258470559525743
-1.78	0.06812972664078999
-1.77	0.0746282053750951
-1.76	0.07747214744256552
-1.75	0.08817414384567294
-1.74	0.0877010254657999
-1.73	0.09410904967993519
-1.72	0.09567343423270598
-1.71	0.11020152869496454
-1.7	0.11558363448564771
-1.69	0.12080639562202135
-1.68	0.12807430182464657
-1.67	0.1388897559930144
-1.66	0.1421394866148754
-1.65	0.13454969767210076
-1.6400000000000001	0.14160844223844754
-1.63	0.15620546154480985
-1.62	0.16731156006371156
-1.6099999999999999	0.15515271341425274
-1.6	0.17292206931750645
-1.5899999999999999	0.17554041027801628
-1.58	0.18917211364451486
-1.57	0.18241370477828037
-1.56	0.19450986127978914
-1.55	0.1919662801311216
-1.54	0.20075888748746853
-1.53	0.20350524176311757
-1.52	0.2094961752210844
-1.51	0.2228345420240452
-1.5	0.22035387741028287
-1.49	0.22318448987239747
-1.48	0.23137615931008157
-1.47	0.24533141298379837
-1.46	0.25085874317417706
-1.45	0.25203959924394187
-1.44	0.2476016588245141
-1.43	0.24966100544043726
-1.42	0.268189191691848
-1.4100000000000001	0.26586629433566494
-1.4	0.26058883853352305
-1.3900000000000001	0.27032305270858503
-1.38	0.26287825635211376
-1.37	0.2588212258947003
-1.3599999999999999	0.2857616627006023
-1.35	0.2955646555923922
-1.3399999999999999	0.28731018216531706
-1.33	0.29441499776342905
-1.3199999999999998	0.29662361398661297
-1.31	0.3024800843414905
-1.2999999999999998	0.31108367012783333
-1.29	0.2960676689083891
-1.28	0.30957931668274374
-1.27	0.30091257082826994
-1.26	0.3246694586216374
-1.25	0.3110711361383397
-1.24	0.32247590581726526
-1.23	0.3188281950805727
-1.22	0.33410540502557623
-1.21	0.3296192665684825
-1.2	0.3364870862537197
-1.19	0.34227547430915467
-1.18	0.3339803273112925
-1.17	0.3499590044665635
-1.1600000000000001	0.3554511190861902
-1.15	0.3579708697763349
-1.1400000000000001	0.35837041155500127
-1.13	0.36276899062392354
-1.12	0.3623192721754373
-1.1099999999999999	0.3671418522453594
-1.1	0.38923837388761934
-1.0899999999999999	0.38974212214610465
-1.08	0.3831637283215367
-1.0699999999999998	0.3891389174204066
-1.06	0.3869839404712769
-1.0499999999999998	0.37608651942356874
-1.04	0.37051775000421333
-1.03	0.39506869900360203
-1.02	0.3732617557791091
-1.01	0.3711167109639551
-1.	0.3634979307751846
-0.99	0.3732734107220235
-0.98	0.37628357515561994
-0.97	0.3879020875192278
-0.96	0.39653551031825224
-0.95	0.4118432995679332
-0.94	0.4043049713785815
-0.9299999999999999	0.4042378117729621
-0.9199999999999999	0.39845767832270607
-0.9099999999999999	0.4093233896451371
-0.8999999999999999	0.4001122582043913
-0.8899999999999999	0.40063325655438425
-0.8799999999999999	0.413971101773198
-0.8699999999999999	0.4021924779506127
-0.8599999999999999	0.40730937599909983
-0.8499999999999999	0.4077083504191562
-0.8400000000000001	0.41785082688493774
-0.8300000000000001	0.4220630300516482
-0.8200000000000001	0.41285081591500306
-0.81	0.4266529698656616
-0.8	0.4248730026406966
-0.79	0.4293258344002079
-0.78	0.4267489010627279
-0.77	0.43321638869128515
-0.76	0.4270232898385723
-0.75	0.4311361393737328
-0.74	0.43930782034932464
-0.73	0.4178686425363998
-0.72	0.4451919839299131
-0.71	0.45652434523702085
-0.7	0.4391612778724659
-0.69	0.4447596939846459
-0.6799999999999999	0.45065510816533116
-0.6699999999999999	0.45312089553846624
-0.6599999999999999	0.4551230241417769
-0.6499999999999999	0.4593639742169441
-0.6399999999999999	0.47189292168667174
-0.6299999999999999	0.444109834765575
-0.6199999999999999	0.44941587856453347
-0.6099999999999999	0.4444227627434725
-0.5999999999999999	0.45400819265413644
-0.5900000000000001	0.46003692952099323
-0.5800000000000001	0.45533680659987963
-0.5700000000000001	0.46784504115339104
-0.56	0.45278525201465836
-0.55	0.4611826223489119
-0.54	0.4563074270012076
-0.53	0.4518584464524118
-0.52	0.4530432090100402
-0.51	0.45785783567056715
-0.5	0.458349787754649
-0.49	0.4701871433594339
-0.48	0.47529302528607514
-0.47	0.47187032698080145
-0.45999999999999996	0.46060385944586574
-0.44999999999999996	0.47343116098294924
-0.43999999999999995	0.4674971347374139
-0.42999999999999994	0.46137962129321225
-0.41999999999999993	0.4857202467064773
-0.4099999999999999	0.4759630173856693
-0.3999999999999999	0.4865086626022102
-0.3899999999999999	0.47600121434908044
-0.3799999999999999	0.4659085414102143
-0.3699999999999999	0.4653355057215255
-0.3599999999999999	0.4656381584571493
-0.34999999999999987	0.4775219741978434
-0.33999999999999986	0.47250941609778513
-0.33000000000000007	0.4967961935157797
-0.32000000000000006	0.48131280953999533
-0.31000000000000005	0.4898290735843708
-0.30000000000000004	0.4719847781538791
-0.29000000000000004	0.49478787412540726
-0.28	0.4955079756017201
-0.27	0.4792555827630126
-0.26	0.4833441167341521
-0.25	0.4751871274061348
-0.24	0.48879239963392535
-0.22999999999999998	0.4937341791013453
-0.21999999999999997	0.4955541456836132
-0.20999999999999996	0.4850980044109758
-0.19999999999999996	0.48973520947566435
-0.18999999999999995	0.4978290193734714
-0.17999999999999994	0.4751144575820691
-0.16999999999999993	0.5001335158170553
-0.15999999999999992	0.5001190994262877
-0.1499999999999999	0.48006568342576167
-0.1399999999999999	0.501990542586936
-0.1299999999999999	0.4854110546719878
-0.11999999999999988	0.487367152617325
-0.10999999999999988	0.4837641991292367
-0.09999999999999987	0.48985871512617796
-0.08999999999999986	0.4900689400717348
-0.08000000000000007	0.49558715509675927
-0.07000000000000006	0.4842940707366803
-0.06000000000000005	0.47841127109539766
-0.050000000000000044	0.4847511714833831
-0.040000000000000036	0.4813421650451168
-0.030000000000000027	0.4873319847712089
-0.020000000000000018	0.4821541769748417
-0.010000000000000009	0.4865367753735854
0.	0.49029942314370634
0.010000000000000231	0.49352479995422394
0.020000000000000018	0.5077474687957074
0.03000000000000025	0.49342572652857436
0.040000000000000036	0.510767922975779
0.04999999999999982	0.5070534346679603
0.06000000000000005	0.5180533955892449
0.06999999999999984	0.5244878406309071
0.08000000000000007	0.5397602073125378
0.08999999999999986	0.5186519112646256
0.10000000000000009	0.522151158703895
0.10999999999999988	0.5271080541633307
0.1200000000000001	0.5236933809319153
0.1299999999999999	0.5281940796700717
0.14000000000000012	0.5017658285363443
0.1499999999999999	0.5093098370848576
0.16000000000000014	0.5162978802645937
0.16999999999999993	0.49700407768681
0.18000000000000016	0.5075080886234394
0.18999999999999995	0.49646428847002744
0.20000000000000018	0.49841795873871036
0.20999999999999996	0.5105263292968565
0.2200000000000002	0.5016224486712412
0.22999999999999998	0.5080546838447879
0.2400000000000002	0.5022246564510419
0.25	0.5054826774952472
0.26000000000000023	0.5037959395001597
0.27	0.49462443042765974
0.28000000000000025	0.49950330851813624
0.29000000000000004	0.510995580413333
0.30000000000000027	0.5027528208499626
0.31000000000000005	0.5052660017038947
0.31999999999999984	0.4823653180280006
0.33000000000000007	0.4974975181349125
0.33999999999999986	0.5004526242755719
0.3500000000000001	0.5060004693381552
0.3599999999999999	0.4881820775052482
0.3700000000000001	0.49690874350662156
0.3799999999999999	0.4917892582969257
0.3900000000000001	0.49388414994483837
0.3999999999999999	0.4959679738733169
0.41000000000000014	0.48824345174950157
0.41999999999999993	0.47201242447247627
0.43000000000000016	0.4690863693538453
0.43999999999999995	0.4839452257688375
0.4500000000000002	0.4879750940387031
0.45999999999999996	0.497746911875483
0.4700000000000002	0.4878857325509018
0.48	0.49643436730651086
0.4900000000000002	0.4806655021843445
0.5	0.48297811040243993
0.5100000000000002	0.4812992648917396
0.52	0.4710551768851971
0.5300000000000002	0.47531327153907776
0.54	0.48479623543338823
0.5500000000000003	0.48065497008025876
0.56	0.48717543594754736
0.5699999999999998	0.47599597309914804
0.5800000000000001	0.48419134608686554
0.5899999999999999	0.47877951121246337
0.6000000000000001	0.4747536551715771
0.6099999999999999	0.4629466954626276
0.6200000000000001	0.4719376018658763
0.6299999999999999	0.46889473216053434
0.6400000000000001	0.47399278743339623
0.6499999999999999	0.47738574330612943
0.6600000000000001	0.4698304712340637
0.6699999999999999	0.466781509341781
0.6800000000000002	0.4597599861875143
0.69	0.46239467054168354
0.7000000000000002	0.4630575442056495
0.71	0.4692688902607212
0.7200000000000002	0.4639417152286546
0.73	0.4670004728540248
0.7400000000000002	0.4632615409589706
0.75	0.46291236434857935
0.7600000000000002	0.4608137583396153
0.77	0.4597624093604264
0.7800000000000002	0.4659389989301294
0.79	0.44494862947616504
0.8000000000000003	0.45040669225136765
0.81	0.44693599960697644
0.8199999999999998	0.4511816254802412
0.8300000000000001	0.44401552394116867
0.8399999999999999	0.45654120031410095
0.8500000000000001	0.45517911341091666
0.8599999999999999	0.43431758843953855
0.8700000000000001	0.4404618816614125
0.8799999999999999	0.4387842065383467
0.8900000000000001	0.44219939461858615
0.8999999999999999	0.44413081912772884
0.9100000000000001	0.4391307270520939
0.9199999999999999	0.4302465315451259
0.9300000000000002	0.431399550421555
0.94	0.4282592037094536
0.9500000000000002	0.4546523002738301
0.96	0.4412585380091144
0.9700000000000002	0.4217285438723417
0.98	0.43701324748413684
0.9900000000000002	0.42951124386543027
1.	0.4232712534572745
1.0100000000000002	0.4175747379142828
1.02	0.4268257377373448
1.0300000000000002	0.42534066100016676
1.04	0.4119846535925103
1.0500000000000003	0.4016847571432163
1.06	0.41439371019470905
1.0700000000000003	0.4118797877215733
1.08	0.414815424266009
1.0899999999999999	0.40334130023377535
1.1	0.4083867138066424
1.1099999999999999	0.4125117748492181
1.12	0.39640475132390013
1.13	0.39120967652759864
1.1400000000000001	0.38499021647175263
1.15	0.39437557215482355
1.1600000000000001	0.4069414254040856
1.17	0.39296959135427334
1.1800000000000002	0.3871634543631838
1.19	0.3994340731441737
1.2000000000000002	0.37853377780078684
1.21	0.38599881814728154
1.2200000000000002	0.37994123350836345
1.23	0.3816785240074283
1.2400000000000002	0.37380004209982826
1.25	0.3804524528828473
1.2600000000000002	0.36650823452291015
1.27	0.37440765088314915
1.2800000000000002	0.3569022828390166
1.29	0.3501004222197221
1.3000000000000003	0.3588592913669938
1.31	0.3610150395650681
1.3200000000000003	0.348420399103913
1.33	0.3600621966974705
1.3399999999999999	0.34856615706405353
1.35	0.3330424010151669
1.3599999999999999	0.345678138064389
1.37	0.3328173935082963
1.38	0.34633679473727214
1.3900000000000001	0.342613458545164
1.4	0.33290947607997706
1.4100000000000001	0.32241571573830774
1.42	0.3109766084245452
1.4300000000000002	0.31472183171096163
1.44	0.31043051914780573
1.4500000000000002	0.30401580547798274
1.46	0.3047040708787658
1.4700000000000002	0.3081153122937674
1.48	0.2935151535517596
1.4900000000000002	0.2974908106995272
1.5	0.297890345448587
1.5100000000000002	0.29708714861796637
1.52	0.2842497977029013
1.5300000000000002	0.2853962394678549
1.54	0.2716823618694116
1.5500000000000003	0.2750969324964202
1.56	0.2698380874470145
1.5700000000000003	0.26329454398749624
1.58	0.24894411782629494
1.5899999999999999	0.24590606550420685
1.6	0.25927417533385766
1.6099999999999999	0.24691775089470855
1.62	0.23274816513949775
1.63	0.234745221934122
1.6400000000000001	0.23198733037849376
1.65	0.2233043774506715
1.6600000000000001	0.21635355557367694
1.67	0.20063879140445057
1.6800000000000002	0.20219663493028722
1.69	0.19986272390360568
1.7000000000000002	0.20279535962982093
1.71	0.19225947149687023
1.7200000000000002	0.18182004665842316
1.73	0.1662086220200633
1.7400000000000002	0.16557361163736709
1.75	0.14557852561221882
1.7600000000000002	0.16015714734337178
1.77	0.16429829013013209
1.7800000000000002	0.15950349966836525
1.79	0.13648651320249353
1.8000000000000003	0.1386226047796784
1.81	0.13804134275871013
1.8200000000000003	0.13357067408294918
1.83	0.11996877735266626
1.8399999999999999	0.11780665401358335
1.85	0.10116958124952266
1.8599999999999999	0.10505974393156012
1.87	0.0829358610294878
1.88	0.09467421132176324
1.8900000000000001	0.08966694519712912
1.9	0.07233701616637069
1.9100000000000001	0.060187464276540224
1.92	0.055620644873979073
1.9300000000000002	0.05239217409811136
1.94	0.04840353437715602
1.9500000000000002	0.040036301757896325
1.96	0.03782310351044723
1.9700000000000002	0.031945531226137185
1.98	0.028317203104390416
1.9900000000000002	0.019055754498000115
2.	0.011861112698463724