-2.	0.0005820236340281979
-1.99	0.00361190681933549
-1.98	0.004494347253382517
-1.97	0.009514300946364318
-1.96	0.010016284843217965
-1.95	0.01225216610241012
-1.94	0.01279401647579322
-1.93	0.01451247980961456
-1.92	0.017378107574474392
-1.91	0.01735560854862114
-1.9	0.017434822453645846
-1.89	0.02101973300332154
-1.88	0.020115924369174004
-1.87	0.02415463608078362
-1.8599999999999999	0.022682522619124713
-1.85	0.02376371319413956
-1.84	0.02374121197837176
-1.83	0.02746828769686298
-1.82	0.027208837086100012
-1.81	0.0297396047486351
-1.8	0.03293431753485523
-1.79	0.034069218015507476
-1.78	0.039434351475187465
-1.77	0.03801927251169563
-1.76	0.038454563858038825
-1.75	0.049003107461044325
-1.74	0.051132114856877735
-1.73	0.05590924248613919
-1.72	0.06467616121582134
-1.71	0.06537184996746956
-1.7	0.07096110529467119
-1.69	0.06918586900365659
-1.68	0.07705300634624579
-1.67	0.08034580305787203
-1.66	0.07603270038227672
-1.65	0.09033192557688415
-1.6400000000000001	0.09483655532415217
-1.63	0.09617908559728798
-1.62	0.10368698887979874
-1.6099999999999999	0.10361896940555704
-1.6	0.1181124077315996
-1.5899999999999999	0.11605205320861858
-1.58	0.11280161086165894
-1.57	0.11972859166657131
-1.56	0.13146210608456968
-1.55	0.13632884155847663
-1.54	0.12609998699666572
-1.53	0.12782184397575902
-1.52	0.14894980998642166
-1.51	0.16256573704496474
-1.5	0.1610328627404696
-1.49	0.16430959285146243
-1.48	0.16595552879447284
-1.47	0.16901701385639337
-1.46	0.17488401354005947
-1.45	0.18570134523742335
-1.44	0.18455091187920364
-1.43	0.1858456717539907
-1.42	0.19247639931926502
-1.4100000000000001	0.18712989988659598
-1.4	0.19616579887200106
-1.3900000000000001	0.18608268143049236
-1.38	0.1940606076419719
-1.37	0.20724677882921505
-1.3599999999999999	0.20736262765485702
-1.35	0.2038144646735398
-1.3399999999999999	0.22004158661808823
-1.33	0.21516268348218093
-1.3199999999999998	0.22733045821818224
-1.31	0.23491658425057452
-1.2999999999999998	0.23749592178135703
-1.29	0.23443943488874355
-1.28	0.2389353478874174
-1.27	0.25671402132557863
-1.26	0.25188058964548216
-1.25	0.24872452946733384
-1.24	0.2615196483273144
-1.23	0.23728186368850407
-1.22	0.2633128611172195
-1.21	0.24847161986410737
-1.2	0.2654720980083706
-1.19	0.2631376158700986
-1.18	0.26561381183747157
-1.17	0.2716475346801678
-1.1600000000000001	0.2621133893163975
-1.15	0.2736115026522485
-1.1400000000000001	0.2947907864940342
-1.13	0.2867033210398655
-1.12	0.2969093030405935
-1.1099999999999999	0.2920844776389558
-1.1	0.29460894933647364
-1.0899999999999999	0.3058096281469626
-1.08	0.31091093075155873
-1.0699999999999998	0.2960103496030529
-1.06	0.31744737942213475
-1.0499999999999998	0.3144944463134548
-1.04	0.31544270390048307
-1.03	0.31204782619834964
-1.02	0.3212443745689549
-1.01	0.312794322094012
-1.	0.3112867783409665
-0.99	0.32935064598394026
-0.98	0.323781188309054
-0.97	0.31782527508490055
-0.96	0.32185085799150376
-0.95	0.3262418863753304
-0.94	0.3456915999855058
-0.9299999999999999	0.35829693798397044
-0.9199999999999999	0.35601856917918273
-0.9099999999999999	0.34386333888649834
-0.8999999999999999	0.3512282720669927
-0.8899999999999999	0.33822439102793406
-0.8799999999999999	0.34869390179431775
-0.8699999999999999	0.3512695349311303
-0.8599999999999999	0.367332404895583
-0.8499999999999999	0.36415605667908957
-0.8400000000000001	0.36387680605932654
-0.8300000000000001	0.3524741865074795
-0.8200000000000001	0.34679343448787975
-0.81	0.3570251002709365
-0.8	0.34901677894544614
-0.79	0.35833461811146355
-0.78	0.34981769790965367
-0.77	0.36990521993445047
-0.76	0.3663688024382768
-0.75	0.3616513625959486
-0.74	0.37167605160862127
-0.73	0.3744195056752483
-0.72	0.3618294381420976
-0.71	0.3791645194479044
-0.7	0.3844020393330698
-0.69	0.3778195845648927
-0.6799999999999999	0.3757129736479952
-0.6699999999999999	0.3758274055744071
-0.6599999999999999	0.38745058616196276
-0.6499999999999999	0.3944713325512579
-0.6399999999999999	0.3710274477840789
-0.6299999999999999	0.3869663962671393
-0.6199999999999999	0.3887939837717686
-0.6099999999999999	0.3941444701785772
-0.5999999999999999	0.39618957207328787
-0.5900000000000001	0.3964058987567828
-0.5800000000000001	0.4048548132426173
-0.5700000000000001	0.39651292864515353
-0.56	0.39674232635315376
-0.55	0.3945164995475842
-0.54	0.4007760244707732
-0.53	0.39935149405993936
-0.52	0.39620882376146677
-0.51	0.3897706421232009
-0.5	0.3953978457257251
-0.49	0.4061944567697973
-0.48	0.3964358969966893
-0.47	0.39115006765825266
-0.45999999999999996	0.40092243768336366
-0.44999999999999996	0.40618698812950743
-0.43999999999999995	0.40052258418803205
-0.42999999999999994	0.40243228326291614
-0.41999999999999993	0.39142773991980995
-0.4099999999999999	0.4049775606635442
-0.3999999999999999	0.409080268606657
-0.3899999999999999	0.4142737978039286
-0.3799999999999999	0.4217201959403244
-0.3699999999999999	0.4103994875792854
-0.3599999999999999	0.4190472348637746
-0.34999999999999987	0.40963801304924885
-0.33999999999999986	0.41596231385195664
-0.33000000000000007	0.41163313243348393
-0.32000000000000006	0.40462386832378494
-0.31000000000000005	0.4113432492109289
-0.30000000000000004	0.4201534272056625
-0.29000000000000004	0.40874414976454976
-0.28	0.41133769442439605
-0.27	0.41829056606547904
-0.26	0.40581724111032896
-0.25	0.4171634420649247
-0.24	0.4151113814956427
-0.22999999999999998	0.42112727631530006
-0.21999999999999997	0.42426415611248885
-0.20999999999999996	0.4235897478331908
-0.19999999999999996	0.4077969008126308
-0.18999999999999995	0.41777932814997815
-0.17999999999999994	0.41875712554011557
-0.16999999999999993	0.41079759564574214
-0.15999999999999992	0.4137396337975221
-0.1499999999999999	0.4202766006739198
-0.1399999999999999	0.4269511572376653
-0.1299999999999999	0.424394839395294
-0.11999999999999988	0.41569091477112863
-0.10999999999999988	0.42885885250417244
-0.09999999999999987	0.4113820244941246
-0.08999999999999986	0.4284697688529427
-0.08000000000000007	0.41850465449381624
-0.07000000000000006	0.42730238971567597
-0.06000000000000005	0.43208383018002394
-0.050000000000000044	0.4180640259633246
-0.040000000000000036	0.43142762321088496
-0.030000000000000027	0.4098483838657453
-0.020000000000000018	0.4265451924054695
-0.010000000000000009	0.41470814958317526
0.	0.42477792449610235
0.010000000000000231	0.4256038692541876
0.020000000000000018	0.4442566595026091
0.03000000000000025	0.43711305586510824
0.040000000000000036	0.4278217813494441
0.04999999999999982	0.42606969066222417
0.06000000000000005	0.4402052234049545
0.06999999999999984	0.4464806999599247
0.08000000000000007	0.4486882520777245
0.08999999999999986	0.45509835620068473
0.10000000000000009	0.470035447836162
0.10999999999999988	0.48021707918956813
0.1200000000000001	0.4672055623845073
0.1299999999999999	0.460360306402533
0.14000000000000012	0.46653736400640583
0.1499999999999999	0.4466264418742528
0.16000000000000014	0.458105997977418
0.16999999999999993	0.4538808472263053
0.18000000000000016	0.4535708725414518
0.18999999999999995	0.4434176984794892
0.20000000000000018	0.4451807889982433
0.20999999999999996	0.4478687862747787
0.2200000000000002	0.45244183005849437
0.22999999999999998	0.4429524519032781
0.2400000000000002	0.4439375025100618
0.25	0.4340856681201541
0.26000000000000023	0.43708784718323723
0.27	0.44421259968490756
0.28000000000000025	0.42978480396925495
0.29000000000000004	0.4278774887047795
0.30000000000000027	0.42625246162599956
0.31000000000000005	0.44009594853182743
0.31999999999999984	0.41538842296723966
0.33000000000000007	0.4230887170937697
0.33999999999999986	0.41128181977541506
0.3500000000000001	0.4331993923916621
0.3599999999999999	0.42511612978765206
0.3700000000000001	0.4113877020842201
0.3799999999999999	0.4253765527836018
0.3900000000000001	0.4294162494586334
0.3999999999999999	0.4284677375783131
0.41000000000000014	0.41478904121923904
0.41999999999999993	0.42709056325788125
0.43000000000000016	0.4226822631760998
0.43999999999999995	0.41375093216595815
0.4500000000000002	0.4207367122990361
0.45999999999999996	0.416126484096122
0.4700000000000002	0.4175657713547636
0.48	0.42328469858129225
0.4900000000000002	0.41561893532380545
0.5	0.4328475844681537
0.5100000000000002	0.4306779131185557
0.52	0.4383324713790221
0.5300000000000002	0.4254207044355768
0.54	0.41343316189298196
0.5500000000000003	0.41715118105862486
0.56	0.42846379125299017
0.5699999999999998	0.4170300577999351
0.5800000000000001	0.41021945511445407
0.5899999999999999	0.4187071676421421
0.6000000000000001	0.4053421660309299
0.6099999999999999	0.3968297617422218
0.6200000000000001	0.4139489568586084
0.6299999999999999	0.3990756153231055
0.6400000000000001	0.3966394761596351
0.6499999999999999	0.4077134053576116
0.6600000000000001	0.3931608648214371
0.6699999999999999	0.39961549360047965
0.6800000000000002	0.40392356276858626
0.69	0.40261860285412443
0.7000000000000002	0.4013711204177523
0.71	0.41247958524930584
0.7200000000000002	0.4069166142027983
0.73	0.4059299376174763
0.7400000000000002	0.40939478225275866
0.75	0.4053018167024876
0.7600000000000002	0.39971059591009067
0.77	0.41864914477459697
0.7800000000000002	0.40734346170705726
0.79	0.4198375606860093
0.8000000000000003	0.4092252050828534
0.81	0.39550721708266123
0.8199999999999998	0.4017315976794001
0.8300000000000001	0.40105132780462227
0.8399999999999999	0.37198715492180523
0.8500000000000001	0.39353944778347183
0.8599999999999999	0.382303245229087
0.8700000000000001	0.3929425228354349
0.8799999999999999	0.39129386713617476
0.8900000000000001	0.39334235636551845
0.8999999999999999	0.3861760633612106
0.9100000000000001	0.37579672799717684
0.9199999999999999	0.3853281452902685
0.9300000000000002	0.38459171692802807
0.94	0.38790791422574394
0.9500000000000002	0.363971107185576
0.96	0.34802808372190763
0.9700000000000002	0.3736047360180261
0.98	0.36786322260581644
0.9900000000000002	0.3740801481200202
1.	0.3786286292753253
1.0100000000000002	0.3569784926661325
1.02	0.3638722955331108
1.0300000000000002	0.36461948589347365
1.04	0.35147200806420326
1.0500000000000003	0.3429578917220639
1.06	0.34455360064692864
1.0700000000000003	0.35706040404031547
1.08	0.34515295847631233
1.0899999999999999	0.36126552204598034
1.1	0.3469359053644757
1.1099999999999999	0.34556731656545137
1.12	0.35241657997074854
1.13	0.36153289163180513
1.1400000000000001	0.34408361914617897
1.15	0.3442727500620636
1.1600000000000001	0.3406747047917222
1.17	0.3225034482393787
1.1800000000000002	0.32984456107161864
1.19	0.32361574549227734
1.2000000000000002	0.3181673879855319
1.21	0.3078944005051716
1.2200000000000002	0.30458291800071796
1.23	0.3199738340682043
1.2400000000000002	0.3122926641447119
1.25	0.3066764842567902
1.2600000000000002	0.30875430700752754
1.27	0.3042610313950726
1.2800000000000002	0.3069425716366985
1.29	0.29718941549435474
1.3000000000000003	0.3036406410982059
1.31	0.32110478232087564
1.3200000000000003	0.30040665631613067
1.33	0.2799850013118071
1.3399999999999999	0.2951858238883555
1.35	0.28565293220260685
1.3599999999999999	0.2973638187180181
1.37	0.29258753916407954
1.38	0.2836432045353372
1.3900000000000001	0.27595506706121165
1.4	0.26461769883632874
1.4100000000000001	0.2737161183724807
1.42	0.2667750138723245
1.4300000000000002	0.2693220945311432
1.44	0.26733473654914974
1.4500000000000002	0.2509301833671466
1.46	0.2624016263568982
1.4700000000000002	0.24337748853552046
1.48	0.2582311700762307
1.4900000000000002	0.24617974744157492
1.5	0.2364376995065747
1.5100000000000002	0.24287281541757455
1.52	0.241755307308203
1.5300000000000002	0.24541920822569782
1.54	0.22188717018631457
1.5500000000000003	0.22680442936706613
1.56	0.20597237235615826
1.5700000000000003	0.2122634783335933
1.58	0.20328308680606874
1.5899999999999999	0.21108722861987975
1.6	0.2027761511008767
1.6099999999999999	0.19657134788379385
1.62	0.19937854409369943
1.63	0.187331689728629
1.6400000000000001	0.19027595262478503
1.65	0.1812711072415035
1.6600000000000001	0.17010712678787512
1.67	0.1851736839043138
1.6800000000000002	0.16828429262634598
1.69	0.16352404169750076
1.7000000000000002	0.16006999103363784
1.71	0.14876043076382406
1.7200000000000002	0.15706297157902507
1.73	0.14549257736262336
1.7400000000000002	0.1466963940159631
1.75	0.12814327805626227
1.7600000000000002	0.1336252866667246
1.77	0.13219724143211278
1.7800000000000002	0.13335807660863463
1.79	0.12157537066019022
1.8000000000000003	0.1107792260742053
1.81	0.10400412654572697
1.8200000000000003	0.10460448635920794
1.83	0.10488455080876645
1.8399999999999999	0.09018191439498772
1.85	0.08128252557334667
1.8599999999999999	0.09349259746789855
1.87	0.07509181909221699
1.88	0.06590658941932089
1.8900000000000001	0.06564580525089384
1.9	0.055760446464985194
1.9100000000000001	0.0605209166478802
1.92	0.05372424260561508
1.9300000000000002	0.04809316908126639
1.94	0.03830870443178798
1.9500000000000002	0.04035886102567579
1.96	0.03219513646971117
1.9700000000000002	0.03047145850120119
1.98	0.025913858691118258
1.9900000000000002	0.020359176592828727
2.	0.012783937478359512