-2.	0.018367264535957786
-1.99	0.06904517488433995
-1.98	0.08378373265407182
-1.97	0.0992232337575216
-1.96	0.11988726771243187
-1.95	0.14797282895063646
-1.94	0.16030682035987479
-1.93	0.18128269267798033
-1.92	0.20579037872697828
-1.91	0.23500135126229976
-1.9	0.25277342536989256
-1.89	0.2673558302602709
-1.88	0.29929538455255295
-1.87	0.30429033959751456
-1.8599999999999999	0.31590567060754643
-1.85	0.33699612363088033
-1.84	0.3500279929055076
-1.83	0.35875716810583513
-1.82	0.3900713863133534
-1.81	0.40301325449100606
-1.8	0.4099886189693801
-1.79	0.4322811322993408
-1.78	0.44866549571067776
-1.77	0.4450004112143106
-1.76	0.45917853192687064
-1.75	0.47117611671335224
-1.74	0.47638910986872335
-1.73	0.4867318649527822
-1.72	0.5099960601246875
-1.71	0.5118796896950658
-1.7	0.5200222521858554
-1.69	0.5263808776892076
-1.68	0.5274282717478885
-1.67	0.5437406382658307
-1.66	0.5473701043289941
-1.65	0.5580268646477073
-1.6400000000000001	0.5587181875481518
-1.63	0.5734193062670689
-1.62	0.5784366649141648
-1.6099999999999999	0.5951645683466982
-1.6	0.5928844190298287
-1.5899999999999999	0.5762506170297526
-1.58	0.6040446197086576
-1.57	0.5974672913045852
-1.56	0.6063598020070192
-1.55	0.6059483981886596
-1.54	0.6137822451779749
-1.53	0.6131450589729994
-1.52	0.6338089787011585
-1.51	0.63398210145735
-1.5	0.6451504907073611
-1.49	0.630549437294867
-1.48	0.6384221407865246
-1.47	0.6470111915796221
-1.46	0.6485778447483479
-1.45	0.6462498433714452
-1.44	0.6614076790345992
-1.43	0.6609464867289635
-1.42	0.6651803708828028
-1.4100000000000001	0.6851348965702089
-1.4	0.6682349008473817
-1.3900000000000001	0.6779061447000515
-1.38	0.6874381160949775
-1.37	0.6874276969921268
-1.3599999999999999	0.6852189660280773
-1.35	0.6892472362890231
-1.3399999999999999	0.6822398578505622
-1.33	0.6895127514887092
-1.3199999999999998	0.687170710111252
-1.31	0.701585762809207
-1.2999999999999998	0.6945939639940146
-1.29	0.6981999971389126
-1.28	0.705682883175572
-1.27	0.7106666897278285
-1.26	0.711046236142678
-1.25	0.7106596711978062
-1.24	0.7067562793318939
-1.23	0.7140543169716004
-1.22	0.7265875890019174
-1.21	0.7246964176073797
-1.2	0.7281198447828242
-1.19	0.7309719217250372
-1.18	0.7330740236398787
-1.17	0.7283123780606389
-1.1600000000000001	0.7219078123492629
-1.15	0.7349169024978485
-1.1400000000000001	0.7320745764532859
-1.13	0.7439058953788533
-1.12	0.7379096157241716
-1.1099999999999999	0.74146609886074
-1.1	0.7368354256116788
-1.0899999999999999	0.7376645403586936
-1.08	0.7425635523252347
-1.0699999999999998	0.7444247886113071
-1.06	0.7488159780074216
-1.0499999999999998	0.7449752877300455
-1.04	0.7469979693303743
-1.03	0.7522543536761223
-1.02	0.7442444322265754
-1.01	0.7582287684500718
-1.	0.7487889521492442
-0.99	0.7552568772171485
-0.98	0.7544822756261262
-0.97	0.7692158934791853
-0.96	0.7625397325113309
-0.95	0.7658572976537967
-0.94	0.7632856617928724
-0.9299999999999999	0.7618865460742686
-0.9199999999999999	0.755147346080621
-0.9099999999999999	0.7660238159987985
-0.8999999999999999	0.7688782328226633
-0.8899999999999999	0.7633517062163386
-0.8799999999999999	0.7635223871424739
-0.8699999999999999	0.7629863609129586
-0.8599999999999999	0.7698968724223323
-0.8499999999999999	0.7744830476753366
-0.8400000000000001	0.7677508451054762
-0.8300000000000001	0.7729938684758914
-0.8200000000000001	0.7747008613334929
-0.81	0.7734647581645235
-0.8	0.7729187696811735
-0.79	0.7815770911758133
-0.78	0.7858202743947268
-0.77	0.7868927540061694
-0.76	0.7863178310288245
-0.75	0.782722155729728
-0.74	0.7831694912413926
-0.73	0.7780711245674039
-0.72	0.7875156946700926
-0.71	0.7796912801587419
-0.7	0.7866604685265418
-0.69	0.785967908461357
-0.6799999999999999	0.7887267187860892
-0.6699999999999999	0.7903756093423562
-0.6599999999999999	0.788219666004397
-0.6499999999999999	0.7926510548768619
-0.6399999999999999	0.7843706006612119
-0.6299999999999999	0.782725330973185
-0.6199999999999999	0.7876396718602309
-0.6099999999999999	0.7776221722910912
-0.5999999999999999	0.7852198344946898
-0.5900000000000001	0.7962527041461932
-0.5800000000000001	0.7882285164503746
-0.5700000000000001	0.7972668919205168
-0.56	0.7939014958866099
-0.55	0.7941165296909282
-0.54	0.7909309029562003
-0.53	0.789128952304985
-0.52	0.7969599287982071
-0.51	0.7969279146275465
-0.5	0.7959763144862553
-0.49	0.7942259304058426
-0.48	0.7907246118053779
-0.47	0.7903767637918745
-0.45999999999999996	0.7893451869401881
-0.44999999999999996	0.7961822616646964
-0.43999999999999995	0.7994055455110319
-0.42999999999999994	0.8008168028304717
-0.41999999999999993	0.7959808192998931
-0.4099999999999999	0.7998224946660941
-0.3999999999999999	0.8003988578623545
-0.3899999999999999	0.7973846194412282
-0.3799999999999999	0.8034952150928975
-0.3699999999999999	0.8025501416416664
-0.3599999999999999	0.8038351312648183
-0.34999999999999987	0.8008317371761576
-0.33999999999999986	0.7987404630787737
-0.33000000000000007	0.7980034226674919
-0.32000000000000006	0.7950164706918644
-0.31000000000000005	0.7952249183317222
-0.30000000000000004	0.7929760583558336
-0.29000000000000004	0.791948299246435
-0.28	0.7944694433629025
-0.27	0.7910923413411555
-0.26	0.8056095816245434
-0.25	0.7967140874764266
-0.24	0.8062232287728021
-0.22999999999999998	0.7993367788906801
-0.21999999999999997	0.7958780914725486
-0.20999999999999996	0.8023746517716374
-0.19999999999999996	0.7949599753573454
-0.18999999999999995	0.8049351838034159
-0.17999999999999994	0.8015427793741507
-0.16999999999999993	0.7997260560963466
-0.15999999999999992	0.7994898312975672
-0.1499999999999999	0.7983111075679805
-0.1399999999999999	0.8077018773720757
-0.1299999999999999	0.8008496933301912
-0.11999999999999988	0.8013097214363306
-0.10999999999999988	0.801687667390461
-0.09999999999999987	0.8073300247750659
-0.08999999999999986	0.8006587957869933
-0.08000000000000007	0.8046555692016638
-0.07000000000000006	0.802710067993793
-0.06000000000000005	0.802372223284244
-0.050000000000000044	0.8091435156232942
-0.040000000000000036	0.8052837753984962
-0.030000000000000027	0.8067840588984057
-0.020000000000000018	0.8012517187140593
-0.010000000000000009	0.8022492243560229
0.	0.8033516738032311
0.010000000000000231	0.8060787341026572
0.020000000000000018	0.8171982435721145
0.03000000000000025	0.8176118481207518
0.040000000000000036	0.8096582302420909
0.04999999999999982	0.8093346624656381
0.06000000000000005	0.8061708123374556
0.06999999999999984	0.8117461764665187
0.08000000000000007	0.8099177590260699
0.08999999999999986	0.8085286623146424
0.10000000000000009	0.812121954782779
0.10999999999999988	0.8036336715067055
0.1200000000000001	0.8077672058805782
0.1299999999999999	0.8071014639154339
0.14000000000000012	0.8139890830842049
0.1499999999999999	0.8052147568424607
0.16000000000000014	0.8154960310172783
0.16999999999999993	0.8081449598253989
0.18000000000000016	0.8096230827393892
0.18999999999999995	0.8079140533698613
0.20000000000000018	0.8098977022198143
0.20999999999999996	0.8059107401651007
0.2200000000000002	0.8009228369430094
0.22999999999999998	0.8083720945460745
0.2400000000000002	0.8080088623280292
0.25	0.8037357590227564
0.26000000000000023	0.799828585872039
0.27	0.8061597477615767
0.28000000000000025	0.7973219155972238
0.29000000000000004	0.7946437838639522
0.30000000000000027	0.7963935094920487
0.31000000000000005	0.7993658187780117
0.31999999999999984	0.7951186026699145
0.33000000000000007	0.800445258470623
0.33999999999999986	0.8009060853483261
0.3500000000000001	0.8046234003993422
0.3599999999999999	0.801356973814697
0.3700000000000001	0.8018945431044678
0.3799999999999999	0.7979794949885293
0.3900000000000001	0.8068171998774292
0.3999999999999999	0.8071232301902413
0.41000000000000014	0.8058217176938968
0.41999999999999993	0.8031566217405122
0.43000000000000016	0.802621274584817
0.43999999999999995	0.8028451481857344
0.4500000000000002	0.7996992242108174
0.45999999999999996	0.7972084953612728
0.4700000000000002	0.7981745596587109
0.48	0.7989578167906536
0.4900000000000002	0.7944295049879089
0.5	0.7942965245123841
0.5100000000000002	0.8058295810584447
0.52	0.7845684680131422
0.5300000000000002	0.7924760439817675
0.54	0.7869103703544308
0.5500000000000003	0.7887561433233052
0.56	0.7880890007426888
0.5699999999999998	0.7886471925829147
0.5800000000000001	0.7968917118107283
0.5899999999999999	0.7964461386241874
0.6000000000000001	0.7905295650156935
0.6099999999999999	0.7923032450898851
0.6200000000000001	0.7946591563720908
0.6299999999999999	0.7962568676397143
0.6400000000000001	0.7870946052687545
0.6499999999999999	0.7819241775961012
0.6600000000000001	0.7825441206160613
0.6699999999999999	0.7839218950765967
0.6800000000000002	0.7816396025141682
0.69	0.7852412355620959
0.7000000000000002	0.7757793145621302
0.71	0.7829556072375885
0.7200000000000002	0.7756925896600025
0.73	0.7920770487747091
0.7400000000000002	0.7779271542202207
0.75	0.7783321658053144
0.7600000000000002	0.7818851056843973
0.77	0.7797665676960963
0.7800000000000002	0.7802684847440492
0.79	0.7780326054180814
0.8000000000000003	0.7804994312339109
0.81	0.7828187108221327
0.8199999999999998	0.7852226213876567
0.8300000000000001	0.7912196636252535
0.8399999999999999	0.7827031747599013
0.8500000000000001	0.7837895901572213
0.8599999999999999	0.7731675197408895
0.8700000000000001	0.7682288897844285
0.8799999999999999	0.7710611785972378
0.8900000000000001	0.7704052755993124
0.8999999999999999	0.7644819929744021
0.9100000000000001	0.7721717180376404
0.9199999999999999	0.7662423133449788
0.9300000000000002	0.763911429365862
0.94	0.7643624484974191
0.9500000000000002	0.7620429133101959
0.96	0.7669798984038585
0.9700000000000002	0.7621072757132882
0.98	0.7621832111732939
0.9900000000000002	0.7591192236911108
1.	0.7596607377815721
1.0100000000000002	0.7623392807900866
1.02	0.7569029272136493
1.0300000000000002	0.7616102045556786
1.04	0.7499717882630997
1.0500000000000003	0.7516978777103416
1.06	0.7370341549890166
1.0700000000000003	0.7492926614634061
1.08	0.7460760701946642
1.0899999999999999	0.7332433499854931
1.1	0.7394733095161098
1.1099999999999999	0.7440176338315978
1.12	0.7439030699542063
1.13	0.7428604939435479
1.1400000000000001	0.7412085877177158
1.15	0.7385018027713515
1.1600000000000001	0.7398350614465926
1.17	0.7411934446372579
1.1800000000000002	0.735619268505106
1.19	0.732311833686787
1.2000000000000002	0.7237333165122406
1.21	0.7248682194149851
1.2200000000000002	0.7234111880222662
1.23	0.7316065082256578
1.2400000000000002	0.723918039672507
1.25	0.7202806691826233
1.2600000000000002	0.7205694541490016
1.27	0.7096405660737288
1.2800000000000002	0.7106292886752715
1.29	0.7162317085896317
1.3000000000000003	0.7020223764707251
1.31	0.705298232519898
1.3200000000000003	0.6971488726062539
1.33	0.6986226430678412
1.3399999999999999	0.6945473744249934
1.35	0.6988871217784017
1.3599999999999999	0.6981962091943399
1.37	0.6889776034591836
1.38	0.6923709485118474
1.3900000000000001	0.6857105933931709
1.4	0.68921914805575
1.4100000000000001	0.6851924579170062
1.42	0.6800216678561769
1.4300000000000002	0.6782253827694753
1.44	0.6748008989975884
1.4500000000000002	0.6739895177136446
1.46	0.6783825115423014
1.4700000000000002	0.6657912101349284
1.48	0.661071635711958
1.4900000000000002	0.6582364102203478
1.5	0.6403825764439945
1.5100000000000002	0.6462691749209221
1.52	0.6354919255982637
1.5300000000000002	0.638791194227689
1.54	0.6287760890702265
1.5500000000000003	0.6266113046178369
1.56	0.6102912324624238
1.5700000000000003	0.6145522999835973
1.58	0.6124371015641782
1.5899999999999999	0.6036898776819726
1.6	0.6017757950436458
1.6099999999999999	0.5957435486039522
1.62	0.5975310295418629
1.63	0.5813740629224579
1.6400000000000001	0.5742478503653469
1.65	0.578081846134514
1.6600000000000001	0.5757878218868304
1.67	0.5632389982295986
1.6800000000000002	0.5609480868450117
1.69	0.5393049586470074
1.7000000000000002	0.5493284282768579
1.71	0.5382264313781591
1.7200000000000002	0.518602258604441
1.73	0.5056165221084177
1.7400000000000002	0.5129693961467277
1.75	0.49450283678334583
1.7600000000000002	0.49429530841985175
1.77	0.4866220343410612
1.7800000000000002	0.4805794801494263
1.79	0.4599799817741331
1.8000000000000003	0.4430323643556646
1.81	0.43261711526792446
1.8200000000000003	0.4083363467889444
1.83	0.4020685418640454
1.8399999999999999	0.38509091602113665
1.85	0.3852635888475925
1.8599999999999999	0.3576541215285072
1.87	0.3404847327328332
1.88	0.3350265707637233
1.8900000000000001	0.32533296603669626
1.9	0.2935210350474116
1.9100000000000001	0.26233574499333434
1.92	0.24164371954568342
1.9300000000000002	0.22334946481599938
1.94	0.20655018662856542
1.9500000000000002	0.1815064318485933
1.96	0.14560003686712228
1.9700000000000002	0.1295134131280013
1.98	0.09900688578899512
1.9900000000000002	0.07582884505574575
2.	0.016225282884883806