-2.	0.010490111129157513
-1.99	0.048816662637120915
-1.98	0.0599597955245424
-1.97	0.054882317730344674
-1.96	0.06752418662122225
-1.95	0.06558769225336197
-1.94	0.08148824517064153
-1.93	0.10018696723426637
-1.92	0.10651189505156694
-1.91	0.1293904402612071
-1.9	0.14126270052159295
-1.89	0.1625426295474045
-1.88	0.17445147531963948
-1.87	0.1875230987672493
-1.8599999999999999	0.22035586147732777
-1.85	0.23504104462254627
-1.84	0.23092100805051405
-1.83	0.2572316982483934
-1.82	0.2760294412607201
-1.81	0.2934699027878668
-1.8	0.2979755713009057
-1.79	0.2990170363626015
-1.78	0.3177788839257686
-1.77	0.3347529244315167
-1.76	0.34759817990436354
-1.75	0.3489682117049236
-1.74	0.36801813904601616
-1.73	0.3708391718574072
-1.72	0.3725887290833773
-1.71	0.37026833619930416
-1.7	0.39356143160197676
-1.69	0.41981998394518566
-1.68	0.42049863733346543
-1.67	0.4251024963411115
-1.66	0.43185350512260084
-1.65	0.43765160285190174
-1.6400000000000001	0.44839241919923073
-1.63	0.4517225113806814
-1.62	0.4537955145835376
-1.6099999999999999	0.45889117655913275
-1.6	0.4777184969425535
-1.5899999999999999	0.4711150254551635
-1.58	0.4829131473029131
-1.57	0.48985076565883096
-1.56	0.5006619691155998
-1.55	0.4935541733342395
-1.54	0.5134013146876081
-1.53	0.5169949857576375
-1.52	0.5179909744592364
-1.51	0.5258799023871568
-1.5	0.5370964715620196
-1.49	0.5370976353742676
-1.48	0.5378906950869985
-1.47	0.5650613800366983
-1.46	0.5479692579441033
-1.45	0.5603904034823748
-1.44	0.5538091783180952
-1.43	0.5534850565785068
-1.42	0.5637632745960851
-1.4100000000000001	0.5645083455745058
-1.4	0.57202451938593
-1.3900000000000001	0.5750940221903419
-1.38	0.5716742199856809
-1.37	0.5735225632771218
-1.3599999999999999	0.5842635807392325
-1.35	0.59151570037801
-1.3399999999999999	0.5963135495797253
-1.33	0.5999163510129332
-1.3199999999999998	0.6061586900814273
-1.31	0.6100901304914673
-1.2999999999999998	0.5973224284062769
-1.29	0.597150519833862
-1.28	0.5991942167692659
-1.27	0.6010188415141764
-1.26	0.6154637273184171
-1.25	0.6191445265293353
-1.24	0.6046481619048629
-1.23	0.6254853997646629
-1.22	0.6207136685604757
-1.21	0.6245685297336008
-1.2	0.615850866946065
-1.19	0.6355101341490502
-1.18	0.6363134368394874
-1.17	0.638017266848188
-1.1600000000000001	0.6401090365224066
-1.15	0.632971742570694
-1.1400000000000001	0.6363137160017257
-1.13	0.6446403052523283
-1.12	0.6462394183632314
-1.1099999999999999	0.6517414847395258
-1.1	0.650929798818057
-1.0899999999999999	0.6658268045685541
-1.08	0.6557180411766829
-1.0699999999999998	0.6651803487034968
-1.06	0.6686136919626683
-1.0499999999999998	0.6632664994009161
-1.04	0.6755393738816435
-1.03	0.6699486784295218
-1.02	0.6661399807871162
-1.01	0.6695441591441691
-1.	0.6597634405061528
-0.99	0.665134032298454
-0.98	0.6548336013553023
-0.97	0.6630434190582039
-0.96	0.6696285607931889
-0.95	0.6682737796496608
-0.94	0.6715493700632675
-0.9299999999999999	0.6868385922750981
-0.9199999999999999	0.6701574515644357
-0.9099999999999999	0.6747829084481022
-0.8999999999999999	0.6798360991143814
-0.8899999999999999	0.6924628248494741
-0.8799999999999999	0.6892665580174336
-0.8699999999999999	0.6918026710690176
-0.8599999999999999	0.6918573054202354
-0.8499999999999999	0.6928256830778063
-0.8400000000000001	0.6940325102524485
-0.8300000000000001	0.6892892482169221
-0.8200000000000001	0.7048932500689249
-0.81	0.7026982978603731
-0.8	0.7021935196416975
-0.79	0.7006245422497182
-0.78	0.6993928825139701
-0.77	0.6835247332734866
-0.76	0.7085126745169765
-0.75	0.7030253532560805
-0.74	0.7003086774203214
-0.73	0.7024390400127503
-0.72	0.71015512283288
-0.71	0.7083106185333354
-0.7	0.7114629113047801
-0.69	0.712809193337741
-0.6799999999999999	0.7119477213076106
-0.6699999999999999	0.7140991440124662
-0.6599999999999999	0.7094395106652044
-0.6499999999999999	0.7091717270988064
-0.6399999999999999	0.7122524034993767
-0.6299999999999999	0.7136917757471231
-0.6199999999999999	0.7177605036482586
-0.6099999999999999	0.7028160908139154
-0.5999999999999999	0.7136579631510872
-0.5900000000000001	0.7102159018394512
-0.5800000000000001	0.7086797901728569
-0.5700000000000001	0.720484586930557
-0.56	0.714764846101979
-0.55	0.7176835893659618
-0.54	0.7248392893602453
-0.53	0.7136558438128937
-0.52	0.7209505908404908
-0.51	0.7168704875246892
-0.5	0.7049439890912869
-0.49	0.7176647755312959
-0.48	0.7156302362787551
-0.47	0.7282465028205893
-0.45999999999999996	0.7194309341465491
-0.44999999999999996	0.7175168422927889
-0.43999999999999995	0.7129424066873002
-0.42999999999999994	0.7224499316944398
-0.41999999999999993	0.7307069319412788
-0.4099999999999999	0.7207562360514869
-0.3999999999999999	0.7334407697822745
-0.3899999999999999	0.7284626288785769
-0.3799999999999999	0.7282135584422609
-0.3699999999999999	0.7268154666147136
-0.3599999999999999	0.7199234720171648
-0.34999999999999987	0.7293993182855729
-0.33999999999999986	0.7302290593364215
-0.33000000000000007	0.7244588057952989
-0.32000000000000006	0.7239611240712349
-0.31000000000000005	0.7350983373077952
-0.30000000000000004	0.7293082720807607
-0.29000000000000004	0.7313288751067354
-0.28	0.7355930370750307
-0.27	0.7246202493813921
-0.26	0.7306254217127631
-0.25	0.7321157396952273
-0.24	0.7330756700791191
-0.22999999999999998	0.7331637586233389
-0.21999999999999997	0.7286052918217161
-0.20999999999999996	0.7394667993912902
-0.19999999999999996	0.7389377188423825
-0.18999999999999995	0.7410866306524296
-0.17999999999999994	0.7279585284271928
-0.16999999999999993	0.7346651277494561
-0.15999999999999992	0.7280749669667652
-0.1499999999999999	0.7327375757063417
-0.1399999999999999	0.7325046184249356
-0.1299999999999999	0.7261991537872516
-0.11999999999999988	0.727155817050392
-0.10999999999999988	0.7431352918146774
-0.09999999999999987	0.7306145680087102
-0.08999999999999986	0.7448129681178732
-0.08000000000000007	0.7400966058690217
-0.07000000000000006	0.7358967459153837
-0.06000000000000005	0.7387531748114009
-0.050000000000000044	0.7283145544083943
-0.040000000000000036	0.7360245960204086
-0.030000000000000027	0.7302811306153515
-0.020000000000000018	0.7341529285992234
-0.010000000000000009	0.7314238293140572
0.	0.7296438177680012
0.010000000000000231	0.7402086185968575
0.020000000000000018	0.7450039092109583
0.03000000000000025	0.7621761263249839
0.040000000000000036	0.7514599639418666
0.04999999999999982	0.7555736471299367
0.06000000000000005	0.7401418854986085
0.06999999999999984	0.7502698175903884
0.08000000000000007	0.7446597588386653
0.08999999999999986	0.7437124207819216
0.10000000000000009	0.7378723331837123
0.10999999999999988	0.7392895761427242
0.1200000000000001	0.7396224687699311
0.1299999999999999	0.7415040787969667
0.14000000000000012	0.7412078973890102
0.1499999999999999	0.7356643497869743
0.16000000000000014	0.7491829059176298
0.16999999999999993	0.7428973867680607
0.18000000000000016	0.7360775453485932
0.18999999999999995	0.7438044206787797
0.20000000000000018	0.7324818925290227
0.20999999999999996	0.7500916453004888
0.2200000000000002	0.7368115388917997
0.22999999999999998	0.743559329408524
0.2400000000000002	0.7467806203318625
0.25	0.74216786960893
0.26000000000000023	0.7336187738940985
0.27	0.7253832679645085
0.28000000000000025	0.7314363520590729
0.29000000000000004	0.7336270447433533
0.30000000000000027	0.7383627152356244
0.31000000000000005	0.7345454156639489
0.31999999999999984	0.7361288381407476
0.33000000000000007	0.7428493741612403
0.33999999999999986	0.7363992050597622
0.3500000000000001	0.7352852759257175
0.3599999999999999	0.7300281492940324
0.3700000000000001	0.7339179441499021
0.3799999999999999	0.7281476781488282
0.3900000000000001	0.7293449921966474
0.3999999999999999	0.7237284410685895
0.41000000000000014	0.7276483503442543
0.41999999999999993	0.7229030274494246
0.43000000000000016	0.7203182906084076
0.43999999999999995	0.7293382440625069
0.4500000000000002	0.7354968086825319
0.45999999999999996	0.7389851782258686
0.4700000000000002	0.7253728389270612
0.48	0.7226838228231092
0.4900000000000002	0.7358669775472588
0.5	0.7242252938728458
0.5100000000000002	0.7331953374967132
0.52	0.7324843313784438
0.5300000000000002	0.7157496168235989
0.54	0.725126163810662
0.5500000000000003	0.7049119646842157
0.56	0.7230242005865605
0.5699999999999998	0.710528534207039
0.5800000000000001	0.7254880858473647
0.5899999999999999	0.7193095687259826
0.6000000000000001	0.7182619652342899
0.6099999999999999	0.7247910762879538
0.6200000000000001	0.7180336399769128
0.6299999999999999	0.7151091412549165
0.6400000000000001	0.7122334548144971
0.6499999999999999	0.7143715784341641
0.6600000000000001	0.7347305522262857
0.6699999999999999	0.7118948852971833
0.6800000000000002	0.7116359578655984
0.69	0.7107091710583563
0.7000000000000002	0.7083515777949398
0.71	0.708303279135017
0.7200000000000002	0.7063787814974917
0.73	0.7237501827087238
0.7400000000000002	0.7136814343643487
0.75	0.704268210955623
0.7600000000000002	0.7026326162866212
0.77	0.7031959679279992
0.7800000000000002	0.7043735515556742
0.79	0.7027773233758464
0.8000000000000003	0.7005117582617114
0.81	0.7027650116326937
0.8199999999999998	0.7012059964942065
0.8300000000000001	0.707094507315418
0.8399999999999999	0.7020241812062309
0.8500000000000001	0.6992130912149942
0.8599999999999999	0.7002226413619235
0.8700000000000001	0.6944911106757736
0.8799999999999999	0.691475586693417
0.8900000000000001	0.6949267419443274
0.8999999999999999	0.6934330364899463
0.9100000000000001	0.6971536816024825
0.9199999999999999	0.6944145864526808
0.9300000000000002	0.6847619050487949
0.94	0.6819604029875559
0.9500000000000002	0.6809085447608625
0.96	0.6742204397784488
0.9700000000000002	0.6870121885598135
0.98	0.6803723573010232
0.9900000000000002	0.6888736774888798
1.	0.6793115892420719
1.0100000000000002	0.6859125665316269
1.02	0.6817321506447644
1.0300000000000002	0.674658054370771
1.04	0.6719912754538055
1.0500000000000003	0.6782142627229069
1.06	0.6607232627821288
1.0700000000000003	0.6696707212071428
1.08	0.6674922904675022
1.0899999999999999	0.6642301527569543
1.1	0.6654955095239321
1.1099999999999999	0.6687319239794095
1.12	0.6586579667127219
1.13	0.6699387296160592
1.1400000000000001	0.6558348976416775
1.15	0.6552553049355206
1.1600000000000001	0.656590112526318
1.17	0.6487527387685372
1.1800000000000002	0.654671771909265
1.19	0.6475999561730508
1.2000000000000002	0.637357394387224
1.21	0.640720498590418
1.2200000000000002	0.6396133901378706
1.23	0.6427499364947837
1.2400000000000002	0.6389035020757592
1.25	0.6356767730799656
1.2600000000000002	0.6277102788994507
1.27	0.6332012389638679
1.2800000000000002	0.6242876641329794
1.29	0.6186124622269629
1.3000000000000003	0.6165350036137962
1.31	0.6259421752053245
1.3200000000000003	0.6124731157618429
1.33	0.6093153476211894
1.3399999999999999	0.5943433978059172
1.35	0.603317062423445
1.3599999999999999	0.5931882144441121
1.37	0.5921468258924203
1.38	0.5848052424094167
1.3900000000000001	0.5935331499000399
1.4	0.5969885832617068
1.4100000000000001	0.5932724110103332
1.42	0.5790331725259443
1.4300000000000002	0.5745472995807803
1.44	0.5591379728527848
1.4500000000000002	0.5681474243084921
1.46	0.565389173611265
1.4700000000000002	0.5620278091747798
1.48	0.5581238922284799
1.4900000000000002	0.557448461777465
1.5	0.5557425545902503
1.5100000000000002	0.5476568725084089
1.52	0.5479424214448932
1.5300000000000002	0.548807373520682
1.54	0.534168187896006
1.5500000000000003	0.5417142354928001
1.56	0.5164243919549099
1.5700000000000003	0.5160733957300542
1.58	0.5048297480753766
1.5899999999999999	0.5080998506114046
1.6	0.49760922519206996
1.6099999999999999	0.48843331942658985
1.62	0.49017972370101154
1.63	0.48653039923224456
1.6400000000000001	0.4727147685665597
1.65	0.4788887121970405
1.6600000000000001	0.4579533686959778
1.67	0.4494720170199385
1.6800000000000002	0.45053215680901293
1.69	0.4391907988465096
1.7000000000000002	0.4345514304423397
1.71	0.43268882455791763
1.7200000000000002	0.40463982931436837
1.73	0.39519160250188645
1.7400000000000002	0.3954251508855907
1.75	0.396313686428846
1.7600000000000002	0.3768789896783834
1.77	0.36707057156827705
1.7800000000000002	0.36070038423400835
1.79	0.3658012904616783
1.8000000000000003	0.3370118107426447
1.81	0.3309006390502868
1.8200000000000003	0.3157084510962677
1.83	0.3170775735563161
1.8399999999999999	0.28248706385211536
1.85	0.2799563557440496
1.8599999999999999	0.26721808689742516
1.87	0.25312488515628184
1.88	0.23853186133396412
1.8900000000000001	0.2294942441646736
1.9	0.20577795837810092
1.9100000000000001	0.18978607931280686
1.92	0.17002041095083548
1.9300000000000002	0.141586989317975
1.94	0.14481644825827172
1.9500000000000002	0.12975343312662968
1.96	0.09761002509035031
1.9700000000000002	0.08745040610457715
1.98	0.06537540199115657
1.9900000000000002	0.05224105954976939
2.	0.01052891538550418