0.	2.1173388875916235
0.01	1.8174399509485837
0.02	1.5182275323550598
0.03	1.5105096608444024
0.04	1.543306435499636
0.05	1.6138564488056613
0.06	1.7962216862235
0.07	2.6070522560398306
0.08	5.378836903665637
0.09	3.293588007269418
0.1	2.2124234251319
0.11	1.9548262440360826
0.12	1.9238991449649723
0.13	2.0550961333839024
0.14	2.0229468098833046
0.15	2.127347409515811
0.16	2.2119905621488614
0.17	2.311581825347532
0.18	2.369629678029976
0.19	2.326831104732254
0.2	2.2951361781296393
0.21	2.1931318889257856
0.22	2.2041693791266637
0.23	2.127348298195862
0.24	2.1423830626560503
0.25	1.9325414210483334
0.26	1.8148234637712093
0.27	1.7746240905410746
0.28	1.5768221418723423
0.29	1.4106347445958396
0.3	1.2756999845430737
0.31	1.4685296763078837
0.32	2.5073298901867984
0.33	1.836476884474398
0.34	1.6324171266354008
0.35000000000000003	1.8281901132933922
0.36	1.8657022364304188
0.37	2.0260556031865455
0.38	2.1045381556753027
0.39	2.221564771358464
0.4	2.3764692604686855
0.41000000000000003	2.4643913291421797
0.42	2.507887992987595
0.43	2.6099570883351144
0.44	2.6812525383841828
0.45	2.6975136696112667
0.46	2.7098553516529558
0.47000000000000003	2.68480076000771
0.48	2.7248746674506856
0.49	2.8310225888810816
0.5	2.7867168775203406
0.51	2.778737503378772
0.52	2.7443143505645975
0.53	2.794127649442921
0.54	2.687055771269476
0.55	2.630045427865315
0.56	2.663115853004457
0.5700000000000001	2.6470719422653666
0.58	2.5667023497093933
0.59	2.507116892532411
0.6	2.5383759219246183
0.61	2.4576114672762426
0.62	2.2719320798948437
0.63	2.145959240019226
0.64	2.058814720734515
0.65	1.9588446471192418
0.66	1.6947068279926243
0.67	1.5564828593161106
0.68	1.302708289606288
0.6900000000000001	2.0102878880108466
0.7000000000000001	1.5535392428098358
0.71	1.62576678608765
0.72	1.6360473905627155
0.73	1.6794512055291717
0.74	1.8226224812577194
0.75	2.0503175592402156
0.76	2.1037099684375336
0.77	2.1930752441027637
0.78	2.2238811119296735
0.79	2.31773378712579
0.8	2.3358174700171226
0.81	2.47479313880287
0.8200000000000001	2.4708702127948583
0.8300000000000001	2.5135283266280974
0.84	2.5601277789876176
0.85	2.6119216220642327
0.86	2.693583669598827
0.87	2.621490803054722
0.88	2.656332196840791
0.89	2.666163593100313
0.9	2.7249652571076712
0.91	2.7000303862837427
0.92	2.680137259701382
0.93	2.719653112131859
0.9400000000000001	2.686894097844866
0.9500000000000001	2.7020434774845596
0.96	2.707930987062652
0.97	2.7340453312604462
0.98	2.6966169925571797
0.99	2.660935252556044
1.	2.710649902073098
1.01	2.6759426530653347
1.02	2.6540451496131396
1.03	2.5246661761693185
1.04	2.5211151114608663
1.05	2.5602358501235996
1.06	2.5475122776368857
1.07	2.458032430553104
1.08	2.393213285636951
1.09	2.3430082368805007
1.1	2.304938634402147
1.11	2.2485542929384486
1.12	2.1006387448910044
1.1300000000000001	1.9210785875409278
1.1400000000000001	1.7604252912917067
1.1500000000000001	1.498718230172122
1.16	1.320223045658472
1.17	1.5791263517139131
1.18	1.416427116329919
1.19	1.4318572734210646
1.2	1.4883282470905226
1.21	1.4721448782962787
1.22	1.5694951917784477
1.23	1.6929539738564996
1.24	1.7658738183163298
1.25	1.9117755110995147
1.26	1.9707140527722031
1.27	1.9716629888217354
1.28	2.1276837829705815
1.29	2.1389653914818947
1.3	2.1501826406361033
1.31	2.2146598493418286
1.32	2.2310821916583636
1.33	2.258653707473712
1.34	2.3367264379055586
1.35	2.3581751683855665
1.36	2.365589312339588
1.37	2.3908968266412702
1.3800000000000001	2.4086938947503884
1.3900000000000001	2.370774925465505
1.4000000000000001	2.5011977648395276
1.41	2.5250189896296678
1.42	2.4537310628111886
1.43	2.456536569174327
1.44	2.427066564364667
1.45	2.4687720783746134
1.46	2.526796104217666
1.47	2.470746342608242
1.48	2.4463814487107145
1.49	2.4298043910399407
1.5	2.4709709361299965
1.51	2.4606544599369955
1.52	2.4991157339121783
1.53	2.5131586136802935
1.54	2.4813422713507305
1.55	2.3657173088172225
1.56	2.3052108156756703
1.57	2.3921619973577237
1.58	2.425663882811891
1.59	2.3499129831384
1.6	2.267150252503666
1.61	2.2201366939427927
1.62	2.216757475888469
1.6300000000000001	2.1884271717577075
1.6400000000000001	2.1962254680538265
1.6500000000000001	2.146046881865451
1.6600000000000001	2.041180933269564
1.67	1.9471254710984636
1.68	1.725989239013565
1.69	1.5606750581405753
1.7	1.3730319291278537
1.71	1.1103375693663797
1.72	1.3087273554535332
1.73	1.2413587137108664
1.74	1.286322122150226
1.75	1.2621436704000049
1.76	1.3477089943610179
1.77	1.475260718526703
1.78	1.5238743160923585
1.79	1.4869598945093339
1.8	1.562730669807561
1.81	1.6706304890665036
1.82	1.7329472819818206
1.83	1.822128194042914
1.84	1.809627840077785
1.85	1.820414881465655
1.86	1.8713622787677913
1.87	1.867768417101736
1.8800000000000001	1.95358106863684
1.8900000000000001	2.019661457002107
1.9000000000000001	1.9659635320242494
1.9100000000000001	2.034564208770362
1.92	1.9887732073458424
1.93	2.008967457548429
1.94	2.0688513150671617
1.95	2.0873691714400646
1.96	2.081590918834837
1.97	2.0664710500902808
1.98	2.0702803115388653
1.99	2.075204489098398
2.	2.1219665923064865