0.	4.436976619437899
0.01	3.4788699288749343
0.02	3.5385814965011297
0.03	3.7580577752701196
0.04	3.779572687778603
0.05	4.066000754271774
0.06	4.809268216406255
0.07	5.86667839097017
0.08	10.72438329938444
0.09	6.816343302048227
0.1	4.528082844759098
0.11	3.3418716680488956
0.12	2.3091564996824343
0.13	1.7584497393500538
0.14	1.3819190992377397
0.15	1.1773293532432119
0.16	0.9856053154424707
0.17	0.9906035414958487
0.18	0.945824405748823
0.19	0.9326688389722014
0.2	0.8682775124802157
0.21	0.8870303734717369
0.22	0.865205105824395
0.23	0.8406678102094662
0.24	0.8368649774570371
0.25	0.8450890998463776
0.26	0.871318927497795
0.27	0.938747799130558
0.28	0.9292993902368216
0.29	1.1603751119203647
0.3	1.5451030736829663
0.31	2.461144274486684
0.32	4.043664222142458
0.33	2.8584758529952228
0.34	2.357770127129701
0.35000000000000003	1.435660268739236
0.36	1.224261281813975
0.37	1.164147584365408
0.38	1.1497987635576201
0.39	1.1460007295822705
0.4	1.1699546536896155
0.41000000000000003	1.20381042335321
0.42	1.3135554048949707
0.43	1.3687043254447215
0.44	1.409057909757703
0.45	1.4073439018481952
0.46	1.4294735950815538
0.47000000000000003	1.4362987966672722
0.48	1.535460774801847
0.49	1.5963625379400812
0.5	1.6529056547165926
0.51	1.680214837018982
0.52	1.7256731944240224
0.53	1.785911565897416
0.54	1.7763113412598892
0.55	1.714012127524557
0.56	1.6507359479028685
0.5700000000000001	1.5754107334690268
0.58	1.5371547995256278
0.59	1.5244067319518388
0.6	1.5573025990949594
0.61	1.5670215064244246
0.62	1.558434227318024
0.63	1.4827122159235322
0.64	1.4016238397036989
0.65	1.2506125100929077
0.66	1.1057825679567375
0.67	1.0089597336113392
0.68	0.9946520386800282
0.6900000000000001	2.5356013448175623
0.7000000000000001	2.244236509217665
0.71	1.5184429137940358
0.72	1.2350749823044525
0.73	1.245541892939155
0.74	1.2481838057916852
0.75	1.327445730079126
0.76	1.3813952541316628
0.77	1.5665503218197308
0.78	1.5433947328090643
0.79	1.5211456137957742
0.8	1.5940113534529978
0.81	1.706181092423693
0.8200000000000001	1.7861153815210116
0.8300000000000001	1.8324582600621895
0.84	1.9356513225036045
0.85	1.9772918358090936
0.86	1.976376822018472
0.87	2.074081110928423
0.88	2.1217693681450136
0.89	2.1083946146428105
0.9	2.1494097567633794
0.91	2.163054545950999
0.92	2.184707943011264
0.93	2.1090104662461373
0.9400000000000001	2.10652673567995
0.9500000000000001	2.1907731823311387
0.96	2.1912469663314664
0.97	2.1900512203462625
0.98	2.2308020179500163
0.99	2.270974937077056
1.	2.256857091193623
1.01	2.205755104342039
1.02	2.246625686620315
1.03	2.203507509660545
1.04	2.1152988775073753
1.05	2.042283972193122
1.06	2.0349130613545956
1.07	2.0301172718368
1.08	2.0321076473407604
1.09	1.975308033308458
1.1	1.9950450847240837
1.11	1.9399063444321547
1.12	1.8093548551131835
1.1300000000000001	1.6629737153912145
1.1400000000000001	1.47098756668247
1.1500000000000001	1.1501714176227462
1.16	1.0699970877059066
1.17	1.4360422158187038
1.18	1.28375673224885
1.19	1.2615973505826592
1.2	1.2426179970233018
1.21	1.3821998585930073
1.22	1.502979296595098
1.23	1.4908334644623862
1.24	1.5193330564269576
1.25	1.5106592163106578
1.26	1.5283444005042117
1.27	1.5316775595554821
1.28	1.6921064539713928
1.29	1.7625652931074354
1.3	1.7263566532198333
1.31	1.921132454352828
1.32	2.0101584199524125
1.33	2.107142091903761
1.34	2.057545385644801
1.35	2.0469979569157903
1.36	2.1313220044678287
1.37	2.119663854311665
1.3800000000000001	2.046253853202487
1.3900000000000001	2.010744286917292
1.4000000000000001	2.0578134713906153
1.41	2.1053965558430976
1.42	2.1752551845751147
1.43	2.277227751934522
1.44	2.3974771509519672
1.45	2.368591827701112
1.46	2.29255268968794
1.47	2.265706162082888
1.48	2.257726698702698
1.49	2.2061735478334783
1.5	2.1664520359933026
1.51	2.1385255640178
1.52	2.135843577808191
1.53	2.1907247757643713
1.54	2.2161125657401026
1.55	2.309919108333473
1.56	2.4128871935769753
1.57	2.4283611706062156
1.58	2.335971484657952
1.59	2.1913259793007303
1.6	2.1259300863870876
1.61	2.0372026102312137
1.62	1.956019181294306
1.6300000000000001	1.917024534628232
1.6400000000000001	1.9093942384182538
1.6500000000000001	1.8958725223732693
1.6600000000000001	1.9270433493704606
1.67	1.902500494659526
1.68	1.8160599744260844
1.69	1.6106093944427087
1.7	1.3164796761625503
1.71	1.0253188600779104
1.72	1.2972357900445979
1.73	1.1803701243916203
1.74	1.1619555557602794
1.75	1.1983322190729704
1.76	1.2542149909841322
1.77	1.4017776393843335
1.78	1.3992886398791342
1.79	1.4472249924285134
1.8	1.431973705230813
1.81	1.4602870073478469
1.82	1.5753172338988224
1.83	1.4696364460769127
1.84	1.4984758361967385
1.85	1.5272070355907488
1.86	1.6318466896436603
1.87	1.673315569758766
1.8800000000000001	1.750271107493919
1.8900000000000001	1.843482394673978
1.9000000000000001	1.8494202328903457
1.9100000000000001	1.8895339367307167
1.92	1.9927343928372465
1.93	1.8771910258473752
1.94	1.8909740072760288
1.95	1.838814131452816
1.96	1.814460539555373
1.97	1.8650176497459794
1.98	1.9303251069478427
1.99	1.9948720265432758
2.	1.9739221934965736
2.0100000000000002	2.0136999027025007
2.02	2.050534186469609
2.0300000000000002	2.0702568381052218
2.04	2.0491102379507833
2.05	1.99655624051643
2.06	1.979555379836758
2.07	1.9639378403017702
2.08	1.9499719811107121
2.09	1.9215465282365347
2.1	1.9541124650283437
2.11	2.08333921899374
2.12	2.0193810998678536
2.13	2.021427267536873
2.14	1.9944324133903597
2.15	1.9315825099321204
2.16	1.8982026080385683
2.17	1.923334010219187
2.18	1.9101144866486985
2.19	1.946867877224009
2.2	1.8782580799115676
2.21	1.7343628995003406
2.22	1.751242581777958
2.23	1.7870322858130112
2.24	1.5912956305762924
2.25	1.4248633728577713
2.2600000000000002	1.308251621121895
2.27	1.1380518168400406
2.2800000000000002	0.9268099565511424
2.29	1.2277274727290717
2.3000000000000003	1.13782380797052
2.31	1.087597172997191
2.32	1.114598195250718
2.33	1.1292641242223331
2.34	1.0653449902052996
2.35	1.0505579054784981
2.36	1.0853236615199182
2.37	1.1210431738248963
2.38	1.2696328685371276
2.39	1.2947707093551244
2.4	1.2998296647374419
2.41	1.3657843396093137
2.42	1.3607645913553688
2.43	1.4621112445930537
2.44	1.3935562900362177
2.45	1.2998950366995632
2.46	1.366700914023805
2.47	1.4230636122041296
2.48	1.4437529927083579
2.49	1.539447740483218
2.5	1.6352351038932225
2.5100000000000002	1.6196363931353601
2.52	1.6046680707194585
2.5300000000000002	1.5490698031447292
2.54	1.5539310410751943
2.5500000000000003	1.5900001449139498
2.56	1.5457504014567156
2.57	1.5617069499532403
2.58	1.652446964428405
2.59	1.7294948461230775
2.6	1.6076241191025886
2.61	1.6179145337662664
2.62	1.654250324783504
2.63	1.6273623564242756
2.64	1.571889058196727
2.65	1.5822712343942107
2.66	1.6468187482943002
2.67	1.679614476156987
2.68	1.6236555100008758
2.69	1.6283078282987873
2.7	1.6706348558624566
2.71	1.5201817751767484
2.72	1.4861546402307457
2.73	1.5220728470727363
2.74	1.5069482338623772
2.75	1.4964308566796785
2.7600000000000002	1.4771146000354878
2.77	1.5300000359220491
2.7800000000000002	1.4984301393727986
2.79	1.3326371942272075
2.8000000000000003	1.1942132814296753
2.81	0.9835945208181218
2.82	0.798919579153216
2.83	1.1131932636234558
2.84	1.114368692792077
2.85	1.1393726602429783
2.86	1.0722112086205138
2.87	0.9772981708939048
2.88	0.9270316484118619
2.89	0.9156746990324636
2.9	0.8758472614765737
2.91	0.8630692828217107
2.92	0.8758121885115261
2.93	0.8705764324435415
2.94	0.9033443887987858
2.95	1.0019826516193293
2.96	0.996578383406877
2.97	1.0227834618449012
2.98	1.0815435156406972
2.99	1.0810977062392226
3.	0.9728355211321701