0.	2.3291091498779224
0.01	1.8624166957036243
0.02	1.83687594714831
0.03	1.739339878250547
0.04	1.7629591187948628
0.05	1.9576783236739561
0.06	2.39458304701472
0.07	3.1059691198932766
0.08	7.189935584806746
0.09	3.0152837547463434
0.1	1.5617763489384355
0.11	1.0800526807988766
0.12	1.0638448423821418
0.13	1.1100999267870975
0.14	1.1323576826727142
0.15	1.289891525369859
0.16	1.3472460961840989
0.17	1.3987713718997075
0.18	1.4686094049697096
0.19	1.4709210698371258
0.2	1.4186103658821576
0.21	1.436154697441715
0.22	1.3053824753756254
0.23	1.2780122036650305
0.24	1.2353045760257744
0.25	1.259337481847938
0.26	1.1878555180593855
0.27	1.163800355464154
0.28	1.103518581648635
0.29	1.0710140466235234
0.3	1.082484176402475
0.31	1.5715823511221414
0.32	2.630307923845365
0.33	1.7023965228386908
0.34	1.2602372043889607
0.35000000000000003	1.2676665996982635
0.36	1.3698530837867031
0.37	1.3791750903594147
0.38	1.5955188554955009
0.39	1.789618016456144
0.4	1.8887019842654678
0.41000000000000003	1.9699982912795906
0.42	2.044818266771047
0.43	2.0855788246680693
0.44	2.110587102940763
0.45	2.1574052142627678
0.46	2.2113164642674836
0.47000000000000003	2.1998049723220454
0.48	2.2870779003635437
0.49	2.331630900246639
0.5	2.359646555572802
0.51	2.311035863228953
0.52	2.273573043963822
0.53	2.3298028351067632
0.54	2.429978388444308
0.55	2.3632340969678967
0.56	2.2942850105053085
0.5700000000000001	2.281571503575681
0.58	2.2770993625741185
0.59	2.1730181113132776
0.6	2.092510839155718
0.61	2.057941791079803
0.62	2.0502182466986767
0.63	2.030748375836827
0.64	1.9108853979694935
0.65	1.709675954094884
0.66	1.619781869029892
0.67	1.4843676898238265
0.68	1.249216251039263
0.6900000000000001	2.210789477656276
0.7000000000000001	1.6454107382969034
0.71	1.2988991894808208
0.72	1.4829669746080854
0.73	1.606030371139318
0.74	1.6376537017035566
0.75	1.6519872596687597
0.76	1.855721161645832
0.77	2.187000721288369
0.78	2.1431055869836113
0.79	2.006276278515591
0.8	2.062374577004434
0.81	2.1804854558922218
0.8200000000000001	2.287766419857763
0.8300000000000001	2.322520201061989
0.84	2.4123998181091473
0.85	2.460230719713463
0.86	2.4462343532500213
0.87	2.577233843880369
0.88	2.60607441471835
0.89	2.5377224111374086
0.9	2.557824526554462
0.91	2.6305206822500486
0.92	2.5991129240390634
0.93	2.5493799232093655
0.9400000000000001	2.5118448931074395
0.9500000000000001	2.5642883290133343
0.96	2.602069917446461
0.97	2.6257818591101785
0.98	2.712572152922847
0.99	2.730902773952595
1.	2.591843966735289
1.01	2.5486539227408405
1.02	2.600329614331666
1.03	2.601048919974708
1.04	2.4763620685781493
1.05	2.425300659316952
1.06	2.3645107183716663
1.07	2.4076910632237185
1.08	2.4394242354940983
1.09	2.4510185185552236
1.1	2.429836442665512
1.11	2.2925935263742905
1.12	2.1009564955080533
1.1300000000000001	1.9593540981085118
1.1400000000000001	1.836724410622531
1.1500000000000001	1.4703784220564189
1.16	1.2575680873689112
1.17	1.3098402569419556
1.18	1.318300669898353
1.19	1.2941332037697708
1.2	1.409238493429944
1.21	1.680747237402569
1.22	1.7895254631975195
1.23	1.6935153635655968
1.24	1.8182599403633182
1.25	1.9118961784677808
1.26	1.8800109541436536
1.27	1.9478038874577737
1.28	2.063137473566488
1.29	2.0332482416972066
1.3	2.0703664327371682
1.31	2.308225427272783
1.32	2.4448996260678793
1.33	2.4824577684526177
1.34	2.3572958831669233
1.35	2.357245047618923
1.36	2.4674553535835457
1.37	2.472037322011789
1.3800000000000001	2.368936605834588
1.3900000000000001	2.386039625244935
1.4000000000000001	2.3977366690462545
1.41	2.3527866393110686
1.42	2.4668845264769264
1.43	2.6333435581090323
1.44	2.714687743479455
1.45	2.652785645614506
1.46	2.5646299238481625
1.47	2.505075745789638
1.48	2.5221287927141787
1.49	2.46212341562446
1.5	2.489035608168535
1.51	2.4678247060584546
1.52	2.4469417697775326
1.53	2.416855787548157
1.54	2.48191612610462
1.55	2.6146539500450516
1.56	2.6837141964067337
1.57	2.605982916388922
1.58	2.510568865277653
1.59	2.4411119337125426
1.6	2.396283794659949
1.61	2.309162159006111
1.62	2.2763465633520106
1.6300000000000001	2.2628825300712196
1.6400000000000001	2.2339430491464567
1.6500000000000001	2.1506120006949057
1.6600000000000001	2.163200325454065
1.67	2.1822311135126187
1.68	2.0931463236295
1.69	1.8576272930773046
1.7	1.5312199709669068
1.71	1.1579813001760255
1.72	1.2716591165856133
1.73	1.206357978695246
1.74	1.2104620006998017
1.75	1.3263542436416844
1.76	1.5089513013494418
1.77	1.6357759606697269
1.78	1.5540632224998796
1.79	1.7267073914341409
1.8	1.7226863011092521
1.81	1.7459483966543183
1.82	1.773296577429815
1.83	1.7342327362182823
1.84	1.806139887913742
1.85	1.83898705882868
1.86	1.9805013803238438
1.87	1.9768518468695222
1.8800000000000001	2.0392780457102493
1.8900000000000001	2.039426762081302
1.9000000000000001	2.061532553988386
1.9100000000000001	2.1886983398792705
1.92	2.2395873851046098
1.93	2.1931836830717315
1.94	2.1189151811244527
1.95	2.0656730172344844
1.96	2.0790807056755565
1.97	2.124983070482777
1.98	2.223974807027002
1.99	2.3084094877023777
2.	2.2277744011458434
2.0100000000000002	2.1947697186850945
2.02	2.2453811566220763
2.0300000000000002	2.2816406384293875
2.04	2.2925137552815094
2.05	2.2205643436031766
2.06	2.1807504525304946
2.07	2.1456814924707235
2.08	2.1806050977386193
2.09	2.168329983900365
2.1	2.235396509399172
2.11	2.360656400242388
2.12	2.268418567163839
2.13	2.142054896520134
2.14	2.164733531070656
2.15	2.203979865661214
2.16	2.1812767503839603
2.17	2.125592708019617
2.18	2.126164307810301
2.19	2.098581543416713
2.2	2.09108189563933
2.21	2.038436701963379
2.22	1.9775497876844446
2.23	2.0382019584796285
2.24	1.828041577831417
2.25	1.6488672876064725
2.2600000000000002	1.543319387544883
2.27	1.3259235594471253
2.2800000000000002	1.032146646882482
2.29	1.1589963246961943
2.3000000000000003	1.0349715110013042
2.31	1.0960320300486424
2.32	1.2461505047070136
2.33	1.271795126103855
2.34	1.2954087449559888
2.35	1.234489176429684
2.36	1.2071598736028493
2.37	1.2829710976453859
2.38	1.4931160081422439
2.39	1.494819636790853
2.4	1.4998574089142036
2.41	1.658102272516822
2.42	1.578493800358724
2.43	1.6141199134448145
2.44	1.6253915881485863
2.45	1.6100554980430457
2.46	1.6110736719371186
2.47	1.6717612122472874
2.48	1.611214691351304
2.49	1.706449881596811
2.5	1.8461392398727647
2.5100000000000002	1.864678404020014
2.52	1.841612790488752
2.5300000000000002	1.7195960408553872
2.54	1.6622170971971895
2.5500000000000003	1.75270478913991
2.56	1.7853237145854148
2.57	1.7738991004185187
2.58	1.833971577868952
2.59	1.878604012921269
2.6	1.776526454431931
2.61	1.8401687665204944
2.62	1.9037895359468635
2.63	1.8483553005299056
2.64	1.8104058769660307
2.65	1.767422627028025
2.66	1.777108995076543
2.67	1.862681771387073
2.68	1.782836664305139
2.69	1.7635819131378259
2.7	1.7715903205345551
2.71	1.7012656152013264
2.72	1.7343876236179292
2.73	1.809069093254134
2.74	1.781020617691622
2.75	1.7340574294383677
2.7600000000000002	1.6583603966178702
2.77	1.6194942601664581
2.7800000000000002	1.60221209530612
2.79	1.4752903608047774
2.8000000000000003	1.3213444700153798
2.81	1.1354053292292536
2.82	0.9043410802814376
2.83	0.9436991908057439
2.84	1.0367582771991795
2.85	1.203283099370519
2.86	1.0640942338734263
2.87	0.9231040180501873
2.88	0.983879819334156
2.89	1.0188779035218056
2.9	0.9378813426149314
2.91	0.8404813543824627
2.92	0.9113539641005788
2.93	1.0182601170028929
2.94	1.1583686551531598
2.95	1.3526464526742337
2.96	1.3153407569860749
2.97	1.158217670241864
2.98	1.1377247064166316
2.99	1.1644148177614708
3.	1.1485480274030695