0.	6.49515135022155
0.01	5.698699217653619
0.02	7.0958475992799075
0.03	5.957809843020451
0.04	6.35225800533104
0.05	7.544199145479342
0.06	8.200157626041024
0.07	8.029982955588645
0.08	7.230657483684818
0.09	5.02422661943246
0.1	7.420335663341615
0.11	9.197732715902102
0.12	10.242845676701359
0.13	10.768179964722183
0.14	10.875565054380324
0.15	10.97097531964496
0.16	11.135266951203308
0.17	11.033179265139909
0.18	10.500272279831268
0.19	9.465827854209074
0.2	7.611861929859114
0.21	9.68367582670457
0.22	10.67158203146027
0.23	11.199313553199529
0.24	11.369039912939991
0.25	11.590241482927595
0.26	11.908415361532398
0.27	12.073816225410063
0.28	12.096940592415287
0.29	12.064406983443117
0.3	11.862217060199598
0.31	11.585459328016446
0.32	11.493951594831861
0.33	11.307062230077848
0.34	10.65781105433
0.35000000000000003	9.156614074357776
0.36	10.280828640599058
0.37	10.756840202631134
0.38	11.156200936267666
0.39	11.634126498335123
0.4	11.939051222402215
0.41000000000000003	12.051456755648687
0.42	12.131882299007362
0.43	12.177462451188187
0.44	12.125482939172732
0.45	11.92924298624691
0.46	12.017980567678503
0.47000000000000003	12.0839926326177
0.48	12.098107626564921
0.49	12.025010376038434
0.5	11.913123312123608
0.51	11.626425900549753
0.52	11.18760234520686
0.53	10.077139042646166
0.54	9.942649604702456
0.55	10.739322497342934
0.56	11.185699990423451
0.5700000000000001	11.43672344835009
0.58	11.569799487308194
0.59	11.683600437827733
0.6	11.706781563855468
0.61	11.649116989918936
0.62	11.672901881323352
0.63	11.825766983853226
0.64	11.907135243727689
0.65	11.971893127012583
0.66	11.975655728695163
0.67	11.938668371839862
0.68	11.903907579169527
0.6900000000000001	11.798870450225458
0.7000000000000001	11.596704317927399
0.71	11.381293769417539
0.72	11.404398944346559
0.73	11.304257228820482
0.74	11.064844577575565
0.75	10.383863617029457
0.76	10.124758280134314
0.77	10.534505330925539
0.78	10.74798328932639
0.79	10.862462318492234
0.8	10.812276784231294
0.81	11.015810162245504
0.8200000000000001	11.240606722980685
0.8300000000000001	11.351279070325877
0.84	11.41366762810687
0.85	11.483881981725853
0.86	11.491254977975458
0.87	11.483563729472385
0.88	11.4797524829756
0.89	11.415796126812406
0.9	11.223637456314245
0.91	11.174526371412442
0.92	11.290195839943454
0.93	11.318169218371132
0.9400000000000001	11.298541982639069
0.9500000000000001	11.272964119689641
0.96	11.189863268098641
0.97	11.050579815200638
0.98	10.83075372601947
0.99	10.433964340261566
1.	8.858964991346737
1.01	9.44513511790029
1.02	9.95632505783143
1.03	10.328661460313102
1.04	10.509391952506407
1.05	10.60201774249636
1.06	10.692880546474088
1.07	10.738440750136082
1.08	10.754769678056306
1.09	10.803377821292058
1.1	10.760032571702245
1.11	10.66231917568162
1.12	10.5856760204072
1.1300000000000001	10.713336784680711
1.1400000000000001	10.816322253121873
1.1500000000000001	10.853200456120549
1.16	10.844504105677052
1.17	10.862999036838783
1.18	10.851664417359252
1.19	10.793958634155963
1.2	10.747547649891647
1.21	10.658938428423921
1.22	10.51413638408361
1.23	10.238447525731903
1.24	10.230247777206655
1.25	10.158892446745138
1.26	9.938018564331003
1.27	8.907089817613514
1.28	9.409955614653251
1.29	9.645017086193873
1.3	9.726052404811625
1.31	9.803897168112924
1.32	9.87051591739133
1.33	9.853141688064513
1.34	9.767533708495082
1.35	9.831018640401956
1.36	9.98428107809307
1.37	10.101524397538926
1.3800000000000001	10.146098969751328
1.3900000000000001	10.155987550219189
1.4000000000000001	10.186638844191494
1.41	10.197967864537505
1.42	10.183706323735935
1.43	10.158281987872618
1.44	10.108425071427694
1.45	10.048777918673457
1.46	9.852575530822383
1.47	9.85862029432025
1.48	9.94304968017087
1.49	9.975920702494559
1.5	9.954366601899572
1.51	9.906852264376452
1.52	9.823493091800572
1.53	9.711533913552254
1.54	9.49999651461878
1.55	9.0586000957858
1.56	8.375259293153539
1.57	8.587480708631176
1.58	8.59793960643935
1.59	8.85617443596473
1.6	9.063629779431784
1.61	9.212602648464953
1.62	9.27257428631625
1.6300000000000001	9.315587891597412
1.6400000000000001	9.341111357251224
1.6500000000000001	9.37885737415452
1.6600000000000001	9.37853643079257
1.67	9.36525944546882
1.68	9.3637929617925
1.69	9.312078160094014
1.7	9.13871212642201
1.71	9.177258574122034
1.72	9.282538470427367
1.73	9.336176152845937
1.74	9.362783295011704
1.75	9.35324414855246
1.76	9.34615709905042
1.77	9.32439271020296
1.78	9.28645646784688
1.79	9.224585084647234
1.8	9.159804337730893
1.81	9.019099671561685
1.82	8.739533066746997
1.83	8.559496663914196
1.84	8.487539788184154
1.85	7.776707143923481
1.86	7.9792281522538175
1.87	8.169347078933585
1.8800000000000001	8.257720620029788
1.8900000000000001	8.352760921167498
1.9000000000000001	8.411004428533948
1.9100000000000001	8.408336788897001
1.92	8.458927534220141
1.93	8.40417337901366
1.94	8.336764945885012
1.95	8.27808479051878
1.96	8.415884429865558
1.97	8.527844468378612
1.98	8.568034126512574
1.99	8.59368822011487
2.	8.594943239688623
2.0100000000000002	8.599972060267312
2.02	8.594270133209909
2.0300000000000002	8.562146015795348
2.04	8.54335463763278
2.05	8.49237799991349
2.06	8.416950110690507
2.07	8.219495066151884
2.08	8.231310651140925
2.09	8.318102261052081
2.1	8.320923772343548
2.11	8.288154800418454
2.12	8.200401107059571
2.13	8.065573076099861
2.14	7.839550225159316
2.15	6.892042493097147
2.16	7.164120260640518
2.17	7.262222099119984
2.18	7.244697608123729
2.19	7.2112367598773695
2.2	7.299432628993388
2.21	7.508551012553533
2.22	7.604213873496427
2.23	7.6744353513418
2.24	7.704186103770331
2.25	7.7139526398849725
2.2600000000000002	7.725813396530791
2.27	7.720376797514417
2.2800000000000002	7.709683280565686
2.29	7.703572531993299
2.3000000000000003	7.637194243670995
2.31	7.51211699644155
2.32	7.441832408284783
2.33	7.5705556307988084
2.34	7.633614448235812
2.35	7.652331023885017
2.36	7.644934216325262
2.37	7.6260276050207905
2.38	7.614306686956036
2.39	7.568012030337061
2.4	7.490099155228022
2.41	7.430340925333706
2.42	7.256350938938779
2.43	6.939422652502229
2.44	6.4778033187085455
2.45	6.080560309797501
2.46	6.385161215007804
2.47	6.564368708469306
2.48	6.645001115131359
2.49	6.685003311267102