0.	7.409311030672822
0.01	6.621361282255685
0.02	5.542372790782819
0.03	8.918364386752383
0.04	10.58741878793172
0.05	11.299890484264644
0.06	11.45373605893207
0.07	11.14397671020938
0.08	10.570560920756938
0.09	8.430614901301341
0.1	11.362335102277905
0.11	12.284902070411961
0.12	12.817084183826783
0.13	13.07134127431585
0.14	12.994080715785836
0.15	12.987063049426688
0.16	13.000768798118482
0.17	12.987786974657979
0.18	12.725551863384041
0.19	11.97158543372655
0.2	10.78916207044554
0.21	12.25168032459998
0.22	12.90117733660298
0.23	13.164998884957612
0.24	13.221135274559279
0.25	13.23930619754507
0.26	13.373777976039177
0.27	13.460340990827119
0.28	13.538295029608072
0.29	13.532468973570289
0.3	13.395592018499782
0.31	13.1737908271753
0.32	13.073730228978652
0.33	12.955726977232157
0.34	12.548495168584072
0.35000000000000003	11.702682381103372
0.36	12.411562885183335
0.37	12.699627696877199
0.38	12.801183915728856
0.39	13.007327180851018
0.4	13.187785070143615
0.41000000000000003	13.271524930027658
0.42	13.341709508299362
0.43	13.340552836303958
0.44	13.335656278084876
0.45	13.16249111745559
0.46	13.154779375083521
0.47000000000000003	13.207891105471498
0.48	13.236185925562847
0.49	13.217165436357902
0.5	13.114374215919218
0.51	12.998574818778216
0.52	12.737616693051523
0.53	11.98830802950727
0.54	11.710830990210354
0.55	12.250254593229124
0.56	12.46180579768501
0.5700000000000001	12.631141843829221
0.58	12.723405496500641
0.59	12.807254606569542
0.6	12.81176293847806
0.61	12.768050934858405
0.62	12.71044494607928
0.63	12.769054027506048
0.64	12.822516384998952
0.65	12.857280489356155
0.66	12.886951626794986
0.67	12.871389423732923
0.68	12.841768119178644
0.6900000000000001	12.82947527620805
0.7000000000000001	12.677609274516014
0.71	12.512902170075206
0.72	12.437717184068502
0.73	12.407070623951029
0.74	12.233571996773378
0.75	11.779415838667468
0.76	11.540242813727824
0.77	11.77105567231155
0.78	11.96201137794757
0.79	12.014639028164126
0.8	11.990500536636258
0.81	12.016818307530508
0.8200000000000001	12.133434190290457
0.8300000000000001	12.209775577130397
0.84	12.25673617220373
0.85	12.303376704465682
0.86	12.312127281505704
0.87	12.298904557390735
0.88	12.310539798604147
0.89	12.270102084449405
0.9	12.161969582588176
0.91	12.06677723407479
0.92	12.10103344178824
0.93	12.145092526422664
0.9400000000000001	12.142278964988796
0.9500000000000001	12.125106511242372
0.96	12.080781539069994
0.97	11.975754853627244
0.98	11.82282937828201
0.99	11.576943120133963
1.	10.344684900931362
1.01	10.807624466054605
1.02	11.061230105265414
1.03	11.278863329755406
1.04	11.39960363307997
1.05	11.452764685750466
1.06	11.510983294149828
1.07	11.551489089038107
1.08	11.554968195239747
1.09	11.565221969404165
1.1	11.580638309287444
1.11	11.515227918373096
1.12	11.424379477063209
1.1300000000000001	11.440028092970094
1.1400000000000001	11.504859089606548
1.1500000000000001	11.537976875848505
1.16	11.552993314027404
1.17	11.557731591818728
1.18	11.536536800662084
1.19	11.517633117123504
1.2	11.495288213522517
1.21	11.446924178446277
1.22	11.349800948536569
1.23	11.183144934705599
1.24	11.08451555351402
1.25	11.035068762651996
1.26	10.851085161529964
1.27	10.06170493553677
1.28	10.357925757902848
1.29	10.505366264584694
1.3	10.606992140248009
1.31	10.620539231155599
1.32	10.684229715253053
1.33	10.684573211716648
1.34	10.631047386374014
1.35	10.595703349705989
1.36	10.684112869271521
1.37	10.753846039799988
1.3800000000000001	10.785780795857105
1.3900000000000001	10.818339843608152
1.4000000000000001	10.820823791518613
1.41	10.823549829608593
1.42	10.805274308375678
1.43	10.790850660776568
1.44	10.7916482799092
1.45	10.740603231959843
1.46	10.62346409567659
1.47	10.567844092831816
1.48	10.616779196155711
1.49	10.624446250728454
1.5	10.61829411649445
1.51	10.582628532923977
1.52	10.52526527972678
1.53	10.433437026912285
1.54	10.281039472876106
1.55	9.934451994381044
1.56	9.422678746305353
1.57	9.569586371027784
1.58	9.583779482196519
1.59	9.649025777991161
1.6	9.779484131025534
1.61	9.8651935646631
1.62	9.914874838798925
1.6300000000000001	9.946749314660112
1.6400000000000001	9.95981081179556
1.6500000000000001	9.979202786739393
1.6600000000000001	9.983248014001125
1.67	9.976904889927603
1.68	9.980410497460403
1.69	9.940315375559443
1.7	9.855830757376564
1.71	9.808217817745845
1.72	9.86907627021269
1.73	9.90610131322989
1.74	9.928049948131601
1.75	9.92632926018785
1.76	9.916181471345713
1.77	9.896709375796638
1.78	9.875447012935984
1.79	9.837672207393187
1.8	9.799017366644085
1.81	9.728841986605657
1.82	9.573509553848146
1.83	9.392907695973747
1.84	9.227726456390858
1.85	8.64567918506861
1.86	8.76455850774435
1.87	8.8909887513758
1.8800000000000001	8.934779579432584
1.8900000000000001	8.979908423349436
1.9000000000000001	9.032148421641235
1.9100000000000001	9.04353984831947
1.92	9.05086052191093
1.93	9.060107332100626
1.94	9.00986924757088
1.95	8.957775190092386
1.96	8.991281459544455
1.97	9.059619872759292
1.98	9.100444468230455
1.99	9.108887768006449
2.	9.109574681226068
2.0100000000000002	9.117802625739467
2.02	9.101858022215445
2.0300000000000002	9.104908104589954
2.04	9.087969487930081
2.05	9.075145429721356
2.06	9.013804494440555
2.07	8.902621099895407
2.08	8.847262925076281
2.09	8.88117403557677
2.1	8.888944026447593
2.11	8.85423912484658
2.12	8.790520452249549
2.13	8.698285856413424
2.14	8.50263585760261
2.15	7.725030789559998
2.16	7.877310464723647
2.17	7.986335191216151
2.18	8.015377064328513
2.19	7.986785375569322
2.2	7.9939429157932755
2.21	8.082562613984688
2.22	8.150476381610876
2.23	8.20110302512525
2.24	8.219228249040246
2.25	8.232095141919
2.2600000000000002	8.234328294293569
2.27	8.239515237428382
2.2800000000000002	8.22181368039984
2.29	8.216161298611723
2.3000000000000003	8.19570025497549
2.31	8.134120503804906
2.32	8.066808912837685
2.33	8.07762799996193
2.34	8.13174051941915
2.35	8.14573126021236
2.36	8.142862599220951
2.37	8.129954987689862
2.38	8.114364899673127
2.39	8.074752282433508
2.4	8.031708843633675
2.41	7.976202378623851
2.42	7.885222296753042
2.43	7.687247536551263
2.44	7.306783443388459
2.45	6.795731383461091
2.46	7.029789713099836
2.47	7.153032013704331
2.48	7.2187875623994575
2.49	7.245444392652585