0.	5.0322077148080755
0.01	5.560897152802973
0.02	9.370089511846187
0.03	7.0929809140156665
0.04	4.166784939887777
0.05	3.8649564174820017
0.06	4.027887818302244
0.07	3.870332470326824
0.08	3.4247133169232473
0.09	4.642666857348161
0.1	3.754792030104165
0.11	4.740855969493623
0.12	6.061964346122403
0.13	6.791962299176677
0.14	7.255150652911252
0.15	7.448529694736689
0.16	7.552571352853408
0.17	7.533345969315229
0.18	7.029644506887528
0.19	5.8616228635030465
0.2	3.8996524138508684
0.21	5.782078664434508
0.22	7.0864745307057575
0.23	7.944184027863189
0.24	8.370825711519602
0.25	8.694986560245914
0.26	9.041239037974517
0.27	9.285298162696382
0.28	9.393289165709557
0.29	9.485902435034092
0.3	9.322010356321588
0.31	9.11095177644924
0.32	8.881348227340625
0.33	8.536424875072065
0.34	7.836283130329761
0.35000000000000003	5.9730314500034885
0.36	7.4039829135572335
0.37	8.071405551964972
0.38	8.57300419668714
0.39	9.101645376723978
0.4	9.465523687745192
0.41000000000000003	9.743517946420162
0.42	9.92401854625785
0.43	10.024750901748593
0.44	9.99865709265314
0.45	9.952634127231462
0.46	9.913658105196106
0.47000000000000003	9.98736450089917
0.48	9.989224516918316
0.49	9.94233245758375
0.5	9.819081498196136
0.51	9.519388247390772
0.52	9.035768854265553
0.53	7.78655845709673
0.54	7.263909299608142
0.55	8.359343803301805
0.56	8.921292647691638
0.5700000000000001	9.331785368375193
0.58	9.621083132668613
0.59	9.797226254735355
0.6	9.89261385426121
0.61	9.91318788128108
0.62	9.888742332667837
0.63	9.97920439051541
0.64	10.128818117128757
0.65	10.216478790979776
0.66	10.258180328039169
0.67	10.249647579508402
0.68	10.216426808428697
0.6900000000000001	10.1428469627501
0.7000000000000001	9.959957334231785
0.71	9.764485170056858
0.72	9.56013909958583
0.73	9.434587949932546
0.74	9.14013066583159
0.75	8.290317834164668
0.76	8.124055357802922
0.77	8.552070097431294
0.78	8.919102026097462
0.79	9.102027625718303
0.8	9.192048950894847
0.81	9.303676275920811
0.8200000000000001	9.542465220296275
0.8300000000000001	9.764709522196084
0.84	9.881762827334965
0.85	9.964564962511634
0.86	10.0477407503892
0.87	10.051214814246315
0.88	10.04709227221927
0.89	9.993426580591956
0.9	9.892798301459143
0.91	9.76115158915478
0.92	9.75878069627422
0.93	9.822821088705311
0.9400000000000001	9.843854040969745
0.9500000000000001	9.803989875240134
0.96	9.714034311661669
0.97	9.60310877470371
0.98	9.313086901267353
0.99	8.886281404833127
1.	6.912474221676603
1.01	7.824217728482027
1.02	8.197098426439357
1.03	8.628396702683895
1.04	9.007714024752831
1.05	9.17341614022909
1.06	9.296240886435774
1.07	9.414332060324368
1.08	9.478026946255081
1.09	9.500316671020945
1.1	9.502285322783258
1.11	9.444218740607825
1.12	9.372126786266923
1.1300000000000001	9.368273147130976
1.1400000000000001	9.48464075491666
1.1500000000000001	9.584833177625711
1.16	9.62666295247109
1.17	9.647438524055346
1.18	9.634412130170931
1.19	9.620342157611368
1.2	9.554017137392531
1.21	9.460924140348245
1.22	9.256668296144973
1.23	9.058587251303297
1.24	8.840624621253648
1.25	8.721587203021786
1.26	8.44675325554253
1.27	7.295334217132853
1.28	7.962008397760949
1.29	8.23220672511631
1.3	8.425799073533586
1.31	8.542034211042711
1.32	8.635921073422397
1.33	8.679414669593102
1.34	8.672432821491537
1.35	8.63400315507737
1.36	8.734392308455345
1.37	8.927970911242204
1.3800000000000001	9.02816999396827
1.3900000000000001	9.096063495721923
1.4000000000000001	9.103527154490274
1.41	9.14833766297958
1.42	9.151899008457539
1.43	9.108897922286808
1.44	9.083552956727642
1.45	9.006812464746746
1.46	8.876157067319935
1.47	8.753614296020288
1.48	8.772906131977887
1.49	8.848197837386257
1.5	8.874359942099359
1.51	8.800325989064484
1.52	8.706940288822407
1.53	8.576315358815435
1.54	8.357163645039467
1.55	7.822851240244072
1.56	7.142771425433985
1.57	7.318484309315373
1.58	7.447855156175506
1.59	7.5856833969911115
1.6	7.840094153416862
1.61	8.052532464059668
1.62	8.213352663324045
1.6300000000000001	8.307454038029027
1.6400000000000001	8.354678086158843
1.6500000000000001	8.392103648867856
1.6600000000000001	8.430024531397072
1.67	8.420924593091588
1.68	8.424645146198575
1.69	8.370638096824345
1.7	8.296694910853297
1.71	8.18265917987206
1.72	8.25047933448623
1.73	8.35905405977028
1.74	8.41818367960215
1.75	8.41468877812977
1.76	8.409565946613435
1.77	8.393903452770951
1.78	8.378014590922692
1.79	8.306279797682539
1.8	8.21000684717576
1.81	8.091721811645899
1.82	7.826186552911847
1.83	7.554174028762669
1.84	7.263458227547525
1.85	6.420090399181718
1.86	6.764926019693983
1.87	7.088117910727992
1.8800000000000001	7.252602742432546
1.8900000000000001	7.354001976158001
1.9000000000000001	7.441813945034668
1.9100000000000001	7.508406079171848
1.92	7.514176865636616
1.93	7.547495108953187
1.94	7.423071088541077
1.95	7.432569037673224
1.96	7.434509191420695
1.97	7.592609636039439
1.98	7.69117621211478
1.99	7.756336700117692
2.	7.778336487555357
2.0100000000000002	7.780561580493801
2.02	7.775393562359823
2.0300000000000002	7.772004282741446
2.04	7.732685934126121
2.05	7.680069879505477
2.06	7.5911937299634715
2.07	7.446140349406289
2.08	7.325588814649493
2.09	7.344969776198135
2.1	7.384351646027335
2.11	7.400305980816301
2.12	7.32510669262349
2.13	7.1657442650606145
2.14	6.890069052671818
2.15	5.8521758102565276
2.16	6.181159797672658
2.17	6.325261668959631
2.18	6.38613357837853
2.19	6.3532250187190895
2.2	6.407630515857198
2.21	6.5348366360076495
2.22	6.7162846977316475
2.23	6.8387823293740535
2.24	6.919408486068816
2.25	6.952159846797999
2.2600000000000002	6.968401174880414
2.27	6.993836180379688
2.2800000000000002	6.993376957213518
2.29	6.955773661826611
2.3000000000000003	6.946054744662046
2.31	6.8105803691804185
2.32	6.7343340033322
2.33	6.7107367546475025
2.34	6.817545051610301
2.35	6.877471745249418
2.36	6.904902293767257
2.37	6.895371298600489
2.38	6.854243746118115
2.39	6.8241560624258275
2.4	6.7745217898489924
2.41	6.654397829009501
2.42	6.5144009648046906
2.43	6.145542269648941
2.44	5.652192523090122
2.45	4.955895542658876
2.46	5.396681716536425
2.47	5.651214852299998
2.48	5.832097930544258
2.49	5.9407112461492195