0.	4.323941683515494
0.01	3.396886753366154
0.02	3.4137013390345436
0.03	3.6274204242560693
0.04	3.9346737128795635
0.05	4.147913224111861
0.06	4.7986405835012285
0.07	6.01627580067375
0.08	10.975469798262177
0.09	7.967845523922926
0.1	4.979283153977502
0.11	3.5231099410017306
0.12	2.762560349156264
0.13	1.9295358616803298
0.14	1.481020737534222
0.15	1.323370933506092
0.16	1.0743546319757693
0.17	0.97139572451022
0.18	0.8875071384700044
0.19	0.8938552295562394
0.2	0.9358526703455042
0.21	0.845634017361033
0.22	0.8126848496647981
0.23	0.8314747194212054
0.24	0.8250137787073326
0.25	0.8539101574804165
0.26	0.8873459254189943
0.27	0.9870938644524572
0.28	0.9972563608525208
0.29	1.2898751715470758
0.3	1.7101437929611785
0.31	2.6288275470987097
0.32	4.29276341607078
0.33	3.103909242940751
0.34	2.3772237203203876
0.35000000000000003	1.3920932606953274
0.36	1.1480406064242048
0.37	1.0962132407120075
0.38	1.1472922736630131
0.39	1.1584616763633795
0.4	1.1027424658640972
0.41000000000000003	1.1115636261709738
0.42	1.1700670747107718
0.43	1.2684015308335248
0.44	1.3293207015444684
0.45	1.341700899991647
0.46	1.4157760131843402
0.47000000000000003	1.39015401462418
0.48	1.4478709199926476
0.49	1.554153590105276
0.5	1.5282460306508907
0.51	1.6164941038017697
0.52	1.6551130967834968
0.53	1.6856055698048413
0.54	1.6812535801325257
0.55	1.680265685483751
0.56	1.5698811695049377
0.5700000000000001	1.541906080095613
0.58	1.4183546578481576
0.59	1.4207093282302667
0.6	1.4274278241659764
0.61	1.4067569030479705
0.62	1.4546743135817324
0.63	1.4173018825956623
0.64	1.3511388854230673
0.65	1.2171186260134237
0.66	1.0842951215352445
0.67	0.9643590082233533
0.68	1.043020624834101
0.6900000000000001	2.7156224104466364
0.7000000000000001	2.1657125126784407
0.71	1.549008573173252
0.72	1.270656418905675
0.73	1.2190521468216033
0.74	1.2895807844830731
0.75	1.232668383453992
0.76	1.3706240199545006
0.77	1.5553252173252226
0.78	1.4546830445552257
0.79	1.4207227450025743
0.8	1.5090760203034157
0.81	1.5787527261300047
0.8200000000000001	1.6685713062135168
0.8300000000000001	1.7036430766877506
0.84	1.849678640406641
0.85	1.8884584346779885
0.86	1.9032511568464092
0.87	2.0171393822412864
0.88	1.9947073269632714
0.89	2.024925958437401
0.9	2.0819754138466733
0.91	2.1295859208599186
0.92	2.0725850336726097
0.93	2.056564438998196
0.9400000000000001	2.0694279328004215
0.9500000000000001	2.149214483060976
0.96	2.138269409550875
0.97	2.1436146086497527
0.98	2.1649259132854013
0.99	2.1512481806057537
1.	2.197918282506443
1.01	2.1458735340746227
1.02	2.21167572897356
1.03	2.16577042935645
1.04	2.013379573161365
1.05	1.9441862920325856
1.06	1.9452967476210543
1.07	1.9561291237348835
1.08	1.9392574153542164
1.09	1.9325395108266363
1.1	1.8776929556690538
1.11	1.894283620640328
1.12	1.7426774269068812
1.1300000000000001	1.5663652600980356
1.1400000000000001	1.3827057961502096
1.1500000000000001	1.1173147402701624
1.16	1.061807620165609
1.17	1.64164620394991
1.18	1.372622391125084
1.19	1.2469622103779554
1.2	1.2825232912745124
1.21	1.3068218880099831
1.22	1.427967225761308
1.23	1.367318847149361
1.24	1.423958633541024
1.25	1.4162042319432175
1.26	1.4038235941478399
1.27	1.4632023660625388
1.28	1.636444130333994
1.29	1.6643223856391105
1.3	1.6873133087443157
1.31	1.7971632959424708
1.32	1.9403282237117327
1.33	1.9775184542600648
1.34	1.997891977883695
1.35	1.9777754128771141
1.36	2.073954073883107
1.37	2.0444408145953794
1.3800000000000001	1.9629654283563764
1.3900000000000001	1.9246594198872982
1.4000000000000001	2.0194925722324952
1.41	2.039952212308601
1.42	2.076058073861734
1.43	2.218358917680925
1.44	2.3018958320205485
1.45	2.3380408507010793
1.46	2.2474508064752845
1.47	2.1953662792533697
1.48	2.178759489013808
1.49	2.1546409568232594
1.5	2.1361491846315683
1.51	2.123789254037715
1.52	2.1400352072456945
1.53	2.1454313526803417
1.54	2.1579922901112676
1.55	2.2702767821839727
1.56	2.290893125357484
1.57	2.3366479389357178
1.58	2.266421740815557
1.59	2.161716796671635
1.6	2.058877227590308
1.61	1.964182009746653
1.62	1.919413185286162
1.6300000000000001	1.8227667282065199
1.6400000000000001	1.868564032391961
1.6500000000000001	1.9089195577176556
1.6600000000000001	1.839693470401542
1.67	1.7901840277772993
1.68	1.7181528501024335
1.69	1.594026026281499
1.7	1.2418235351129787
1.71	1.0450167147814062
1.72	1.1610168203288003
1.73	1.0610029651729018
1.74	1.2351109487474163
1.75	1.104334218687757
1.76	1.2019794297724566
1.77	1.3926123028745472
1.78	1.3648708463938795
1.79	1.3812004802002977
1.8	1.3712896558692
1.81	1.395285576457266
1.82	1.5700899702112638
1.83	1.417102979276343
1.84	1.3929821957181472
1.85	1.4803886116922482
1.86	1.595074488052388
1.87	1.6312398214473922
1.8800000000000001	1.7161793805379664
1.8900000000000001	1.8113647445199093
1.9000000000000001	1.8106353024896615
1.9100000000000001	1.845770712015112
1.92	1.896137527322022
1.93	1.8626663660578364
1.94	1.822809193243416
1.95	1.7821267283719666
1.96	1.7714060651285877
1.97	1.7871508475064266
1.98	1.9068527281857908
1.99	1.9663592217411514
2.	1.944646724098914