0.	0.8803758853072671
0.01	1.1179248233172143
0.02	1.115006042016166
0.03	1.075941107793646
0.04	1.0391834900559256
0.05	1.037083017996372
0.06	1.0509219357999633
0.07	1.160074304373776
0.08	1.1921530510528255
0.09	1.1989168654864084
0.1	1.180434756406531
0.11	1.137505299367392
0.12	1.1054390364672695
0.13	1.0935491564552258
0.14	1.052782595473487
0.15	1.065107225690759
0.16	1.0900172050155157
0.17	1.1094113185498096
0.18	1.1523292859252225
0.19	1.1778707123421277
0.2	1.1985473910884399
0.21	1.2017942464393536
0.22	1.1693741316968502
0.23	1.080238630706629
0.24	1.0469239664417866
0.25	1.0412265057291357
0.26	0.98360640514625
0.27	0.9915572115339871
0.28	1.0466879785148964
0.29	1.0374368735817256
0.3	1.093026060961368
0.31	1.106113957861478
0.32	1.1487626667737372
0.33	1.1203381082078083
0.34	1.0490866293698018
0.35000000000000003	1.0177312914306456
0.36	0.9915937829292822
0.37	0.9746245095595895
0.38	0.9815721950444979
0.39	1.0120459972316032
0.4	1.0217218956715866
0.41000000000000003	1.0624500706845132
0.42	1.1147434608094224
0.43	1.1316064774743861
0.44	1.1628816934007955
0.45	1.12743134748478
0.46	1.0656215763940309
0.47000000000000003	0.9713434069849063
0.48	0.9949900519207252
0.49	0.9535135836705626
0.5	0.974658591982422
0.51	1.0084675325461723
0.52	1.0317785301800952
0.53	1.064322907200272
0.54	1.0814837365110295
0.55	1.1345312149498075
0.56	1.1056915400004579
0.5700000000000001	1.1099743894071081
0.58	1.0437052898542012
0.59	1.0329267652063003
0.6	0.9643733764024204
0.61	0.9717638346243128
0.62	0.9859561311131656
0.63	0.983309784076962
0.64	0.9694467326344166
0.65	1.0566602529743974
0.66	1.0517256015370053
0.67	1.0617738760152446
0.68	1.125353494353374
0.6900000000000001	1.0739995096907515
0.7000000000000001	1.0421257229612004
0.71	0.9352303776651695
0.72	0.9990173091552067
0.73	0.9669552171756143
0.74	0.8837063389922337
0.75	0.8952285549851726
0.76	0.9546350446156375
0.77	0.9890005899949021
0.78	1.017642783675125
0.79	1.024794139209026
0.8	1.0439793686110506
0.81	1.027966114668694
0.8200000000000001	0.9885060350363916
0.8300000000000001	0.936149434861108
0.84	0.9502109829483053
0.85	0.9109666245146535
0.86	0.8460701061761127
0.87	0.8281840144716331
0.88	0.9974591059440011
0.89	0.9228522341601306
0.9	0.8936320059444786
0.91	0.9299736683061844
0.92	0.9439082036983325
0.93	0.9008040877510698
0.9400000000000001	0.9017104531170466
0.9500000000000001	0.9109421321694043
0.96	0.8571145503529412
0.97	0.7767123088394777
0.98	0.7055431679478934
0.99	0.7779818959613551
1.	0.7330546510238696
1.01	0.6720792018813777
1.02	0.6421998267623623
1.03	0.6787869182601795
1.04	0.6861837283808216
1.05	0.6602098184301598
1.06	0.7106845301493211
1.07	0.6618632794678075
1.08	0.6435962562231475
1.09	0.6631152399036669
1.1	0.6504882748736538
1.11	0.6728608744943305
1.12	0.7094342569146398
1.1300000000000001	0.6340622904682514
1.1400000000000001	0.6147889432232453
1.1500000000000001	0.6362049028657205
1.16	0.6744467384498287
1.17	0.6602457718011804
1.18	0.6511544794100766
1.19	0.6080436852292108
1.2	0.5769210915148951
1.21	0.6357646035476644
1.22	0.621010777458589
1.23	0.6543951066913046
1.24	0.6619322239361465
1.25	0.6074365386954419
1.26	0.5977463120118589
1.27	0.5653738095629028
1.28	0.6385448420027108
1.29	0.6312979001965195
1.3	0.5878575261673231
1.31	0.5402863547453824
1.32	0.626998976110473
1.33	0.6103609571384903
1.34	0.6453173996446752
1.35	0.6045654658082642
1.36	0.617903343911459
1.37	0.5796484155243692
1.3800000000000001	0.5795756220132724
1.3900000000000001	0.5420825130783705
1.4000000000000001	0.5811486456568193
1.41	0.5887524818323482
1.42	0.5601401928309854
1.43	0.5194561805509628
1.44	0.5842131934271195
1.45	0.6222350590503775
1.46	0.6184316365367256
1.47	0.543421897101214
1.48	0.5657914399165788
1.49	0.5727109736857314
1.5	0.5221897554735401
1.51	0.5081618466586393
1.52	0.4782236138166924
1.53	0.5276462289039636
1.54	0.5594160254815312
1.55	0.49556173424956323
1.56	0.5422839018550969
1.57	0.617431518684774
1.58	0.591818321530062
1.59	0.5348582154641549
1.6	0.5426735472381268
1.61	0.545937764528413
1.62	0.5367390415682233
1.6300000000000001	0.482630556885787
1.6400000000000001	0.4209907899042294
1.6500000000000001	0.48942530235105386
1.6600000000000001	0.5376999316864178
1.67	0.5019898824884985
1.68	0.5698549794237197
1.69	0.6026986211715099
1.7	0.5865306317126336
1.71	0.5028530315414613
1.72	0.500895303824905
1.73	0.48719487650511006
1.74	0.5203782190090803
1.75	0.4551973267534126
1.76	0.3408703371915682
1.77	0.4387479098178984
1.78	0.4951797506431523
1.79	0.4883951573041149
1.8	0.5105502620239047
1.81	0.583361836295209
1.82	0.5389514481645736
1.83	0.47457436914021406
1.84	0.4431652522974882
1.85	0.42051944227666205
1.86	0.47713046844433443
1.87	0.45112352151983914
1.8800000000000001	0.31829585939730837
1.8900000000000001	0.37805046908088624
1.9000000000000001	0.44694547105152155
1.9100000000000001	0.4458189277586534
1.92	0.4898654339726127
1.93	0.51085491347188
1.94	0.4607116231195461
1.95	0.4103051157401157
1.96	0.3324354529424785
1.97	0.27841769586944737
1.98	0.3218000100030899
1.99	0.32850875996105233
2.	0.059132137412019566