0.	3.8844320471578824
0.01	3.147457115753582
0.02	2.7702330064070884
0.03	2.3646939986984754
0.04	2.412674420074354
0.05	2.7291966113700816
0.06	3.125643590629008
0.07	3.508376272328478
0.08	6.533198071762323
0.09	2.9728657127528813
0.1	1.7714525574916775
0.11	0.9639971160693963
0.12	0.7733267301247597
0.13	0.8001619162249578
0.14	0.7653241355859048
0.15	0.8405253613201246
0.16	0.9178087824920831
0.17	1.1335527170381041
0.18	1.1867985632397864
0.19	1.2268405417997224
0.2	1.0467876162560976
0.21	1.0160934054674355
0.22	1.0763861873669285
0.23	1.0040850340345648
0.24	1.0036248976452378
0.25	1.0046522251804997
0.26	1.0402454120077025
0.27	1.040805380471124
0.28	1.0503733542286564
0.29	0.955960238734363
0.3	1.108869977301179
0.31	1.5185040215455439
0.32	2.752088486512276
0.33	1.80809820641771
0.34	1.1091086073532561
0.35000000000000003	1.1567594075043075
0.36	1.2967483560998387
0.37	1.2149560545411897
0.38	1.47127627086358
0.39	1.6100282834403665
0.4	1.6748269347148734
0.41000000000000003	1.8308136265613277
0.42	2.0486119969573644
0.43	2.0653399352349515
0.44	2.095106356268022
0.45	2.1057819785310885
0.46	2.0509482702197945
0.47000000000000003	1.9401945737924629
0.48	2.0319589121730344
0.49	2.258753610565258
0.5	2.3724171415011623
0.51	2.315982641334111
0.52	2.342596291501615
0.53	2.4279225513185088
0.54	2.4349117046064492
0.55	2.1995425795931687
0.56	2.0812642276276057
0.5700000000000001	2.059935689185762
0.58	2.2169217296303003
0.59	2.2614063975041825
0.6	2.086435999011791
0.61	2.058857128935554
0.62	2.140865510864354
0.63	2.074271446839805
0.64	1.9192965880737893
0.65	1.7164916977442204
0.66	1.5679679558534068
0.67	1.5709661437543088
0.68	1.1548187314783172
0.6900000000000001	2.6364773377438113
0.7000000000000001	1.3043012645649223
0.71	1.273935251765342
0.72	1.4988940009657976
0.73	1.6152235077714199
0.74	1.4928535348304564
0.75	1.5989373828828344
0.76	2.0205678711051296
0.77	2.243465752621134
0.78	2.084983737157139
0.79	1.9906798089368263
0.8	2.1340365796353344
0.81	2.2687729368106955
0.8200000000000001	2.2913813093954594
0.8300000000000001	2.368470779952155
0.84	2.3649125405420817
0.85	2.395253995277716
0.86	2.5571781272018144
0.87	2.695105915840938
0.88	2.6298436568718064
0.89	2.599613113590558
0.9	2.617836916695381
0.91	2.6437523548959776
0.92	2.589387758651457
0.93	2.5433607023910154
0.9400000000000001	2.448998225639372
0.9500000000000001	2.565305394337585
0.96	2.6347682208819916
0.97	2.7221339498676964
0.98	2.8014399565987342
0.99	2.752649653629758
1.	2.6312789505975007
1.01	2.6061740878266306
1.02	2.673580345841851
1.03	2.635005005085999
1.04	2.379564346201514
1.05	2.239929111805077
1.06	2.3882847630549464
1.07	2.4742410857352826
1.08	2.6147480497348927
1.09	2.5813345639075433
1.1	2.59666022370903
1.11	2.3476743832841587
1.12	2.2037681554565998
1.1300000000000001	2.121760465898965
1.1400000000000001	1.8612409425777101
1.1500000000000001	1.3763823942888471
1.16	1.1893257229068994
1.17	1.182458679491664
1.18	1.3377014710382857
1.19	1.4124715777077732
1.2	1.594998406504027
1.21	1.7791333740688324
1.22	1.7962132185164181
1.23	1.8007433196223765
1.24	1.8908849090279276
1.25	1.9373496233051142
1.26	1.7617339065510575
1.27	1.805654090505847
1.28	1.9702413548294153
1.29	1.9772646241478036
1.3	2.2318826932523543
1.31	2.561645967810894
1.32	2.5596217685683977
1.33	2.5884638351295477
1.34	2.395733961422515
1.35	2.4448071052235
1.36	2.5078765600925097
1.37	2.3843890815940667
1.3800000000000001	2.218590768616121
1.3900000000000001	2.2824837095101556
1.4000000000000001	2.3435869616807907
1.41	2.4065971911389186
1.42	2.600169542109008
1.43	2.7934294924183165
1.44	2.8057502101706397
1.45	2.732950656948792
1.46	2.5927084147681962
1.47	2.5774035893376905
1.48	2.5601277136534626
1.49	2.3936149159517264
1.5	2.371784724510557
1.51	2.4018939462399937
1.52	2.4807664767329562
1.53	2.5032315849228453
1.54	2.6660138390806085
1.55	2.7582440799374592
1.56	2.8102891575595876
1.57	2.7303579896652277
1.58	2.559652179977463
1.59	2.4771218721795667
1.6	2.422965329054123
1.61	2.180706329699735
1.62	2.1491823770416905
1.6300000000000001	2.2217817387405496
1.6400000000000001	2.2552319378220917
1.6500000000000001	2.256836977126901
1.6600000000000001	2.3170404769511723
1.67	2.3602397309595933
1.68	2.2030329849898
1.69	1.9911686638005075
1.7	1.5972376465594964
1.71	1.1629433215570275
1.72	1.1433528907874229
1.73	1.22691744744493
1.74	1.123780838789999
1.75	1.2687386936007292
1.76	1.5887525424581004
1.77	1.6608504276550256
1.78	1.6638927762306266
1.79	1.8792637010399948
1.8	1.766613289330924
1.81	1.9375759247409943
1.82	1.796913949546322
1.83	1.7297739545480002
1.84	1.8222194163747105
1.85	1.7638270559370923
1.86	1.8743641155784738
1.87	1.9543478701861674
1.8800000000000001	2.0931156403298274
1.8900000000000001	2.128705840374789
1.9000000000000001	2.207697781707566
1.9100000000000001	2.3487834763592392
1.92	2.3685998548659346
1.93	2.229406838687146
1.94	2.1197592310037
1.95	2.0499687785772402
1.96	2.061877601823405
1.97	2.0524512167280977
1.98	2.1132003721585555
1.99	2.242351977982442
2.	2.206054893107257