0.	0.868681831624649
0.01	1.1432214822304883
0.02	1.1503272613646252
0.03	1.0716367772154376
0.04	1.0245548629978523
0.05	0.994139759345682
0.06	1.0339291193458933
0.07	1.1597634882833376
0.08	1.1896824658158855
0.09	1.184234395558285
0.1	1.1758240035697003
0.11	1.121677276600449
0.12	1.0767571018601407
0.13	1.081461959591316
0.14	1.0729557183664493
0.15	1.0563557134006027
0.16	1.0648077530604887
0.17	1.0921094916294192
0.18	1.1631954298723481
0.19	1.194304713679092
0.2	1.19204885295036
0.21	1.2001064988739836
0.22	1.1297725238018177
0.23	1.0544552141731165
0.24	1.0151252261653578
0.25	1.025735126023627
0.26	0.9856173242838611
0.27	0.9562607346039314
0.28	1.018802237612759
0.29	1.0463482268683928
0.3	1.1113951393669534
0.31	1.132661226475968
0.32	1.1609051509711514
0.33	1.1087288437158478
0.34	1.0284876582782179
0.35000000000000003	1.0027206147528789
0.36	0.9898149232678215
0.37	0.9741708298197505
0.38	0.999066554140016
0.39	0.9971177660660726
0.4	1.0181516045943613
0.41000000000000003	1.0452192360402
0.42	1.0912110226383784
0.43	1.1257834857503064
0.44	1.1694426750709008
0.45	1.1139030288905512
0.46	1.0308008539478468
0.47000000000000003	0.9543487004320398
0.48	1.0182803165690066
0.49	0.9921478606892598
0.5	0.9594080422588852
0.51	1.0119615293006896
0.52	0.9924907019236147
0.53	1.0592629395236741
0.54	1.0808485724370085
0.55	1.1133569451733678
0.56	1.0973104808873497
0.5700000000000001	1.0905941058714363
0.58	1.0224991589068178
0.59	0.9935457604762352
0.6	0.9694619163162891
0.61	0.9543085314450582
0.62	0.9973683007490644
0.63	0.9669441247376835
0.64	0.9512163220610386
0.65	1.0474240913039945
0.66	1.0275816851301673
0.67	1.09309374329528
0.68	1.1094357227668161
0.6900000000000001	1.0723626740549226
0.7000000000000001	1.0157746263169862
0.71	0.9410663065293421
0.72	0.9676165781619086
0.73	0.9751785705927505
0.74	0.8846086656600971
0.75	0.924023385293728
0.76	0.9509747551506479
0.77	0.987779803786401
0.78	1.0210273942435102
0.79	1.0200979873376403
0.8	1.0071373183698722
0.81	1.024723071410035
0.8200000000000001	0.9639279275432059
0.8300000000000001	0.8954394700422328
0.84	0.9637533886926363
0.85	0.9043261218508192
0.86	0.7989758256516202
0.87	0.8611336826566042
0.88	0.9371462389682733
0.89	0.9040221875914161
0.9	0.8847908244128745
0.91	0.9379149737136414
0.92	0.9576219669148732
0.93	0.9196042631517439
0.9400000000000001	0.900741585453556
0.9500000000000001	0.8783248287820561
0.96	0.840150083321825
0.97	0.7591011399907207
0.98	0.7090448503386275
0.99	0.777063834183562
1.	0.7313890802341114
1.01	0.6915421758006743
1.02	0.628230378605942
1.03	0.6614317553703036
1.04	0.6997275703657335
1.05	0.6542299763471704
1.06	0.6872864192609754
1.07	0.66687219666663
1.08	0.6389357069104383
1.09	0.6567789284798696
1.1	0.6700492674008852
1.11	0.6856132772648617
1.12	0.702019525274503
1.1300000000000001	0.6213182302949825
1.1400000000000001	0.6155180040140813
1.1500000000000001	0.6402471034906386
1.16	0.6625065292015193
1.17	0.6542217666503775
1.18	0.6500107916643585
1.19	0.6262527236428971
1.2	0.6170327920141088
1.21	0.6303899762896447
1.22	0.6848006605513185
1.23	0.6261574933553895
1.24	0.6448186686485585
1.25	0.5962902079411245
1.26	0.5898598622145045
1.27	0.5686436423200583
1.28	0.6040548176497005
1.29	0.6284967328960941
1.3	0.6109732176217336
1.31	0.5569234320987758
1.32	0.6097880996148204
1.33	0.6024157384746667
1.34	0.6227567871616536
1.35	0.6004822193417374
1.36	0.6179018391601838
1.37	0.5984861981962699
1.3800000000000001	0.5690224389325729
1.3900000000000001	0.528840587517069
1.4000000000000001	0.5643904612352266
1.41	0.5762741410029437
1.42	0.5818890198252568
1.43	0.5414243711018263
1.44	0.5744121949072459
1.45	0.6188702995195394
1.46	0.6198620328703828
1.47	0.5477648552417708
1.48	0.5761472749758123
1.49	0.5446379653986632
1.5	0.5484098793966382
1.51	0.5068562841146577
1.52	0.47334636464440066
1.53	0.5533517663261777
1.54	0.5357861351975708
1.55	0.4943887402064285
1.56	0.5519802372991623
1.57	0.628232518597997
1.58	0.5960249527342287
1.59	0.5005787908924325
1.6	0.5323630826620879
1.61	0.5394963239616946
1.62	0.551717211708607
1.6300000000000001	0.4786091109114314
1.6400000000000001	0.405186463633431
1.6500000000000001	0.4809046645593126
1.6600000000000001	0.511745082428911
1.67	0.5169319601208672
1.68	0.5361633185783359
1.69	0.5908042174444903
1.7	0.5578491084487333
1.71	0.501194106945315
1.72	0.5156454817713317
1.73	0.5221104562639366
1.74	0.5081786435778363
1.75	0.4402059284311492
1.76	0.3567451342205679
1.77	0.4470260396298801
1.78	0.5033297065582356
1.79	0.5060022442594161
1.8	0.5351542387698419
1.81	0.5858175188238927
1.82	0.5043650406857103
1.83	0.4600000102254654
1.84	0.4768327491076987
1.85	0.4289330585903479
1.86	0.47789349688976135
1.87	0.44793975404152775
1.8800000000000001	0.3102837599248604
1.8900000000000001	0.3863308155365884
1.9000000000000001	0.4492155269879219
1.9100000000000001	0.4683997056383766
1.92	0.49687437646400345
1.93	0.5160140819313137
1.94	0.4601127307393865
1.95	0.4087967745554827
1.96	0.31638525413605645
1.97	0.3041599317898466
1.98	0.34527693509720325
1.99	0.3017081888681678
2.	0.06275784919233476