0.	0.45642634802655857
0.01	0.39904914876799563
0.02	0.3714685778992047
0.03	0.37513749554006504
0.04	0.42089384102555355
0.05	0.4733660147745138
0.06	0.47664508398844463
0.07	0.40456835535059715
0.08	0.35235948768417324
0.09	0.36091865857494726
0.1	0.4013844884278568
0.11	0.4636171088942276
0.12	0.48167298429944255
0.13	0.4189702457173997
0.14	0.35960612731976416
0.15	0.3519713027222859
0.16	0.37980014352940744
0.17	0.43545289735788595
0.18	0.48907782639462904
0.19	0.44603327671356285
0.2	0.3641548183454554
0.21	0.3414634490886718
0.22	0.3638990042070831
0.23	0.43438649226647297
0.24	0.46535255489816746
0.25	0.4590053483471968
0.26	0.388362844272694
0.27	0.3524347486858644
0.28	0.36551984657143405
0.29	0.40839206925275573
0.3	0.4689912654325566
0.31	0.4629540160665789
0.32	0.3993949184701809
0.33	0.33744381525758377
0.34	0.3737346243537545
0.35000000000000003	0.40124564905053944
0.36	0.45151476736310203
0.37	0.47617552763294385
0.38	0.40713661700861087
0.39	0.3552854943898302
0.4	0.3537221395021095
0.41000000000000003	0.39768056671506313
0.42	0.457733123433018
0.43	0.4809533488510792
0.44	0.4258682613996493
0.45	0.3597988953393715
0.46	0.34905230055970593
0.47000000000000003	0.3838227354156984
0.48	0.44722153762724975
0.49	0.4701875957100572
0.5	0.44322445356173784
0.51	0.36469149781109683
0.52	0.350539031414094
0.53	0.39025970540900723
0.54	0.4504472806903341
0.55	0.4659863185893945
0.56	0.4322039503496624
0.5700000000000001	0.3531281244351271
0.58	0.3547607903146144
0.59	0.3805684269669122
0.6	0.43641335092007044
0.61	0.4679130359722833
0.62	0.43646509148839696
0.63	0.36379653191383976
0.64	0.3426495436608401
0.65	0.3940882503734857
0.66	0.4236167442030182
0.67	0.47884539309851437
0.68	0.42713991468090695
0.6900000000000001	0.36685195876142407
0.7000000000000001	0.34363527349675566
0.71	0.3678265823728244
0.72	0.43167945417293196
0.73	0.4502413800250712
0.74	0.42043113431924756
0.75	0.35977750970676187
0.76	0.34560988614436405
0.77	0.387195518200714
0.78	0.4441776540670801
0.79	0.46133923832960566
0.8	0.3885115208638829
0.81	0.34338736290701555
0.8200000000000001	0.35056941567747973
0.8300000000000001	0.3914422491538247
0.84	0.4409540666809352
0.85	0.4444844845627687
0.86	0.37311667860418
0.87	0.33169414008831233
0.88	0.36158067479492045
0.89	0.4094157356854498
0.9	0.4387296382773409
0.91	0.4178656914755346
0.92	0.35759940448656313
0.93	0.34266204851503007
0.9400000000000001	0.36433562253639173
0.9500000000000001	0.43315001539742576
0.96	0.43889335906262034
0.97	0.38390252236796457
0.98	0.3509005440566298
0.99	0.35383882191633925
1.	0.38829803199219026
1.01	0.4353215946321049
1.02	0.41351509011055476
1.03	0.3383919828077592
1.04	0.34087620478522773
1.05	0.3464086126490115
1.06	0.4049162158936653
1.07	0.4246662664576282
1.08	0.37128087532986637
1.09	0.32761505482573205
1.1	0.34944573078460395
1.11	0.38818550619172076
1.12	0.419593790333947
1.1300000000000001	0.3833517566210498
1.1400000000000001	0.33359518342632627
1.1500000000000001	0.34392090240095696
1.16	0.35697178537976465
1.17	0.41501772429332356
1.18	0.3868960741196002
1.19	0.3256124402372191
1.2	0.3374478723062707
1.21	0.36184308963505923
1.22	0.39080002039652334
1.23	0.371999456429959
1.24	0.3213422616423452
1.25	0.3199086857349694
1.26	0.3499226992254904
1.27	0.38398590210345424
1.28	0.3710053911063346
1.29	0.3108581624599857
1.3	0.32273000249100237
1.31	0.34719121108258855
1.32	0.37246622261059154
1.33	0.3450720573018943
1.34	0.3077965972200743
1.35	0.3157717610628457
1.36	0.3576380564377309
1.37	0.3623355961678449
1.3800000000000001	0.3276079697837018
1.3900000000000001	0.2960342430408573
1.4000000000000001	0.3091495391990735
1.41	0.3437647858156874
1.42	0.32873467753642094
1.43	0.30396906717977445
1.44	0.30202200570333093
1.45	0.32101442231143945
1.46	0.333093637096657
1.47	0.2993533388264524
1.48	0.28193509435372704
1.49	0.3014620904963797
1.5	0.3157391486002592
1.51	0.2969144787250832
1.52	0.2613136791770798
1.53	0.2932762665080805
1.54	0.2987306684756989
1.55	0.2907940856429776
1.56	0.2725329633206388
1.57	0.27459364308498885
1.58	0.2783585421644322
1.59	0.27833820449171653
1.6	0.2405986424440317
1.61	0.2513977774822909
1.62	0.2586471692006128
1.6300000000000001	0.25472267140301696
1.6400000000000001	0.24277421859290696
1.6500000000000001	0.24172340795504596
1.6600000000000001	0.24288330412504253
1.67	0.21960959607594657
1.68	0.22208526871308715
1.69	0.22025678008731175
1.7	0.22569984985517863
1.71	0.2074132821301203
1.72	0.19981454587421676
1.73	0.20433782323089095
1.74	0.1881877854557002
1.75	0.18859082520533643
1.76	0.17943552039195704
1.77	0.1656093300683532
1.78	0.15426112808671322
1.79	0.1581352384789302
1.8	0.146447289331806
1.81	0.1405385761710159
1.82	0.1321003673747271
1.83	0.12877588806491194
1.84	0.11782225124376622
1.85	0.11547159266607311
1.86	0.10180170412443693
1.87	0.08949125653339561
1.8800000000000001	0.08041886332894005
1.8900000000000001	0.07426802819889934
1.9000000000000001	0.0642268346087417
1.9100000000000001	0.051806628150825616
1.92	0.04452873291145599
1.93	0.034776990231732946
1.94	0.027632943236116623
1.95	0.018708614959717002
1.96	0.01367872465853666
1.97	0.006219266484203913
1.98	0.00253078693035625
1.99	0.0004387182205527394
2.	3.210397788148601e-8