0.	0.521769499505143
0.01	0.454012692062017
0.02	0.39545705261287956
0.03	0.39535024425805537
0.04	0.46738369033820787
0.05	0.5492909586578058
0.06	0.5535627153924854
0.07	0.48207432634332237
0.08	0.3851804517608144
0.09	0.3703280245831064
0.1	0.4413792306419465
0.11	0.5258997209265565
0.12	0.5582795896285442
0.13	0.4962082538793899
0.14	0.41864995021077783
0.15	0.36518776078178977
0.16	0.41163158663498284
0.17	0.51188820794728
0.18	0.5559392517219947
0.19	0.5187347206259517
0.2	0.4313018368172809
0.21	0.36165488816561664
0.22	0.39504711693961153
0.23	0.4823816803015869
0.24	0.5547988916628868
0.25	0.5329746139515703
0.26	0.4527111494938813
0.27	0.37497922712233206
0.28	0.38064242553747946
0.29	0.4661620316572176
0.3	0.5449359067727368
0.31	0.5555243281561675
0.32	0.46879581081244515
0.33	0.37882485491938456
0.34	0.3757298952417143
0.35000000000000003	0.4400973118524737
0.36	0.5311635379940246
0.37	0.5595424746326503
0.38	0.49328924043281996
0.39	0.40105120162248625
0.4	0.3652135164219865
0.41000000000000003	0.4233478208041489
0.42	0.5293593885742941
0.43	0.5585915927415026
0.44	0.5032480416624779
0.45	0.40774043198054616
0.46	0.36420390513040046
0.47000000000000003	0.41070032498333886
0.48	0.5028708671867304
0.49	0.5549338212310649
0.5	0.5106012676905733
0.51	0.4209377853681111
0.52	0.3689304471842205
0.53	0.4087705300445123
0.54	0.5037401217044041
0.55	0.5571085452808772
0.56	0.5129272569906779
0.5700000000000001	0.42317496418441003
0.58	0.366123661693395
0.59	0.4032448591431967
0.6	0.49647424371631543
0.61	0.5603790946884355
0.62	0.5102270948173109
0.63	0.42103188117408286
0.64	0.36510234150486665
0.65	0.40267266209853414
0.66	0.4897765118603667
0.67	0.5521842644544082
0.68	0.5117946622372365
0.6900000000000001	0.41668705845427084
0.7000000000000001	0.3711463808284438
0.71	0.41075619204737124
0.72	0.497265818106917
0.73	0.5482469547729374
0.74	0.5022956077579855
0.75	0.41882721521174815
0.76	0.3616874451464178
0.77	0.41310477788597605
0.78	0.5066385480796125
0.79	0.5464472190166932
0.8	0.47905085490845384
0.81	0.3858123903026545
0.8200000000000001	0.3690132983764151
0.8300000000000001	0.43354474427304934
0.84	0.520654447657118
0.85	0.5391658342391172
0.86	0.4614131014424043
0.87	0.3690416071526219
0.88	0.3774149269640673
0.89	0.46513619553444546
0.9	0.5355950464577762
0.91	0.5195060236559548
0.92	0.4183468292581175
0.93	0.3627603043616403
0.9400000000000001	0.402841250002831
0.9500000000000001	0.49889116950320317
0.96	0.5327757856809733
0.97	0.47560667056856193
0.98	0.386112099460851
0.99	0.3685715665690234
1.	0.44254892062101747
1.01	0.5292071175807385
1.02	0.5090662475606484
1.03	0.42111851098580655
1.04	0.35770343756493683
1.05	0.3949872909485789
1.06	0.4943718681176301
1.07	0.5370325383777369
1.08	0.4568406410609824
1.09	0.36799369502464024
1.1	0.3726769570230294
1.11	0.45735233393588504
1.12	0.5193100847319022
1.1300000000000001	0.4803325227307404
1.1400000000000001	0.3841860589049954
1.1500000000000001	0.3626722609432011
1.16	0.436953223797717
1.17	0.5022739448622023
1.18	0.4843382323245493
1.19	0.39040086443342303
1.2	0.35578729429542416
1.21	0.4215813901012528
1.22	0.49537091585704685
1.23	0.48918758887061076
1.24	0.3856277114995715
1.25	0.354538817502351
1.26	0.42126311674204
1.27	0.5016135517375491
1.28	0.47922834698538896
1.29	0.3802704792998342
1.3	0.35211362327771856
1.31	0.42487217857003634
1.32	0.5101193901782355
1.33	0.45027705346347646
1.34	0.36290029390020434
1.35	0.36606692892324477
1.36	0.44509975715123024
1.37	0.4974132420555233
1.3800000000000001	0.4189654673309598
1.3900000000000001	0.3531446437648963
1.4000000000000001	0.3852297430058709
1.41	0.46742054895150653
1.42	0.46346012144928733
1.43	0.3640426081982479
1.44	0.35468547077562185
1.45	0.4206189819362025
1.46	0.4735697304518719
1.47	0.40286366891972286
1.48	0.34264517174238374
1.49	0.3920895205605617
1.5	0.4639394100453707
1.51	0.4095319538176093
1.52	0.34658631424729597
1.53	0.36821931305133576
1.54	0.44756416290509204
1.55	0.41256231947141264
1.56	0.3376054429680707
1.57	0.3548410985418392
1.58	0.4216624290717605
1.59	0.3966352555629621
1.6	0.33841147528282944
1.61	0.3558727518348849
1.62	0.4018326329288609
1.6300000000000001	0.37036568664070274
1.6400000000000001	0.3264762150724948
1.6500000000000001	0.3632725909734115
1.6600000000000001	0.39558232002919086
1.67	0.32913938790679126
1.68	0.322215730460351
1.69	0.3848457525963552
1.7	0.34910945985050146
1.71	0.304453846582183
1.72	0.3436547129187828
1.73	0.3475657722705912
1.74	0.2925069493186187
1.75	0.3182495114380744
1.76	0.32789819813144006
1.77	0.28827625423218245
1.78	0.28850008777766983
1.79	0.30988830803764145
1.8	0.27268051777133506
1.81	0.2910150417402152
1.82	0.28048314871957764
1.83	0.24997202081015338
1.84	0.25973330016742996
1.85	0.23422975976550492
1.86	0.24494309784270624
1.87	0.2213432972196357
1.8800000000000001	0.20767594155873162
1.8900000000000001	0.20260627568054188
1.9000000000000001	0.18203993397149953
1.9100000000000001	0.16828659249887726
1.92	0.15468222854034855
1.93	0.137787626023337
1.94	0.11705840610766581
1.95	0.09515620420354332
1.96	0.07735453300525587
1.97	0.056311299682980875
1.98	0.03379351700126273
1.99	0.012955715110046097
2.	2.9607510159974194e-6