0.	0.2631596891315974
0.01	0.28463194910104916
0.02	0.4196252234678558
0.03	0.53096725101272
0.04	0.5356319866928437
0.05	0.43179606792120423
0.06	0.2744230068673302
0.07	0.2505094048539887
0.08	0.3798056641514539
0.09	0.5031236135266102
0.1	0.5373190547839936
0.11	0.4680607196033039
0.12	0.3123770552732925
0.13	0.23620236860187854
0.14	0.3414397591058683
0.15	0.4885414984479829
0.16	0.5321178021319698
0.17	0.48616479839230226
0.18	0.3537558602609249
0.19	0.23885611383561972
0.2	0.2951119828626889
0.21	0.4458607793334277
0.22	0.528049753984132
0.23	0.5086463058477212
0.24	0.3886881070698419
0.25	0.2581963441007662
0.26	0.2744202467977649
0.27	0.4273204208439926
0.28	0.5280964900176394
0.29	0.5236698561982426
0.3	0.4238249553527029
0.31	0.27124714778570636
0.32	0.24919714140831556
0.33	0.38984691343384986
0.34	0.4961641208541756
0.35000000000000003	0.5340823916526786
0.36	0.45259547931826366
0.37	0.29080164117372065
0.38	0.23775966809833518
0.39	0.3563713597918296
0.4	0.5017720447272604
0.41000000000000003	0.5388484636184502
0.42	0.47238179711957196
0.43	0.31293004957276765
0.44	0.23089944850435218
0.45	0.33042701790420675
0.46	0.47283798198467986
0.47000000000000003	0.5266635385653876
0.48	0.483649085642563
0.49	0.33005282329825186
0.5	0.23446309894582226
0.51	0.3168424805122079
0.52	0.47262516927502884
0.53	0.5352208593406942
0.54	0.4973356251847093
0.55	0.33699215055850484
0.56	0.23488621255773476
0.5700000000000001	0.3072576818152319
0.58	0.4573323331970098
0.59	0.5314949898007726
0.6	0.48903199245922213
0.61	0.3342671986527312
0.62	0.22805921519331634
0.63	0.30370826677305385
0.64	0.4791787795610699
0.65	0.534864275222286
0.66	0.47929337472313754
0.67	0.3290046507434458
0.68	0.228824193631031
0.6900000000000001	0.3169885969993136
0.7000000000000001	0.4696498591332405
0.71	0.5185582537724547
0.72	0.47589231309449326
0.73	0.308650564863368
0.74	0.22869127303416079
0.75	0.3311487633114719
0.76	0.4976807311330093
0.77	0.5210461833878964
0.78	0.4448188232056573
0.79	0.27369994639157835
0.8	0.2366362826537612
0.81	0.3721804261379757
0.8200000000000001	0.5153676060058833
0.8300000000000001	0.5283811671512083
0.84	0.40273306221438204
0.85	0.23926260478960745
0.86	0.2532708752339661
0.87	0.41951869475813724
0.88	0.5091026572983697
0.89	0.47605224023893333
0.9	0.3285713480860252
0.91	0.21546309274858355
0.92	0.3083996398224371
0.93	0.4701156744236812
0.9400000000000001	0.5143585111699653
0.9500000000000001	0.4251419322086019
0.96	0.2579564017469532
0.97	0.23238905838637436
0.98	0.3833896745231459
0.99	0.5019780199069683
1.	0.4804118185396026
1.01	0.33734663923825964
1.02	0.21528856603178093
1.03	0.30367420694876307
1.04	0.46700439139516237
1.05	0.496809459382466
1.06	0.40377226069651373
1.07	0.22697421043585897
1.08	0.24076148825763188
1.09	0.42321413821824694
1.1	0.4918658711027674
1.11	0.42887323890621615
1.12	0.2568118613302924
1.1300000000000001	0.21687381806794817
1.1400000000000001	0.38301283102015227
1.1500000000000001	0.4853077160922077
1.16	0.445414302879752
1.17	0.2748727612343276
1.18	0.20659193070727094
1.19	0.3348911990870294
1.2	0.45227030481396696
1.21	0.4536808474083805
1.22	0.28359302714398854
1.23	0.1973245029841456
1.24	0.33841192906896644
1.25	0.4658613924782378
1.26	0.43837114753917095
1.27	0.2584353409066152
1.28	0.20149412328149868
1.29	0.3451017592603069
1.3	0.45347695216487754
1.31	0.4043654033885684
1.32	0.21721495350820116
1.33	0.2188649503606363
1.34	0.39750971329323553
1.35	0.433746284615743
1.36	0.350099875033919
1.37	0.18240745406961417
1.3800000000000001	0.26249707803769656
1.3900000000000001	0.42185766860171414
1.4000000000000001	0.4148838112794083
1.41	0.2319240199206548
1.42	0.18917514185262843
1.43	0.3333256880075037
1.44	0.42519337623694076
1.45	0.3131085760700919
1.46	0.1764293536907358
1.47	0.2656633034130841
1.48	0.39795507285661663
1.49	0.36412199097735287
1.5	0.1758167504176941
1.51	0.22865142172833045
1.52	0.37808018059487986
1.53	0.3547525895589797
1.54	0.18258567045053206
1.55	0.2056495663685382
1.56	0.3470572511286981
1.57	0.3434519533330924
1.58	0.16824865912351705
1.59	0.19860846756682768
1.6	0.3494922483357518
1.61	0.29243742562111336
1.62	0.14660473492071205
1.6300000000000001	0.22241923333412633
1.6400000000000001	0.33035374301816495
1.6500000000000001	0.20737903234877242
1.6600000000000001	0.14225333004700963
1.67	0.260091894124297
1.68	0.2874644852048789
1.69	0.1393932294924957
1.7	0.1969400119474965
1.71	0.2766332480024787
1.72	0.14124607093705993
1.73	0.15126454776090373
1.74	0.2505827749112647
1.75	0.15011322931311
1.76	0.12398436801861089
1.77	0.21021077622848316
1.78	0.12874774546463494
1.79	0.11925730018117506
1.8	0.19200092002718414
1.81	0.11272433039896732
1.82	0.12028729718148906
1.83	0.15807431112108655
1.84	0.08360090712668952
1.85	0.12423164586419949
1.86	0.0771020948720686
1.87	0.08722595146291175
1.8800000000000001	0.06817915353930262
1.8900000000000001	0.058409003402765836
1.9000000000000001	0.0572930013488117
1.9100000000000001	0.04632899580921344
1.92	0.034404039781335924
1.93	0.03608286712313202
1.94	0.023753759931496924
1.95	0.02285290318856431
1.96	0.011373015569938156
1.97	0.005790927149385887
1.98	0.0025888002206916516
1.99	0.0005105462843353829
2.	5.9059485930063734e-8