0.	0.4490609054279847
0.01	0.38343153900361004
0.02	0.36852564351353523
0.03	0.4255830729772267
0.04	0.5102542808977806
0.05	0.5453751271659385
0.06	0.4843165716347363
0.07	0.38506927459352636
0.08	0.33924577651031035
0.09	0.3888419028506736
0.1	0.49138059700887793
0.11	0.5414660176647439
0.12	0.5077231206458
0.13	0.4070720249968458
0.14	0.35083959159368794
0.15	0.3673502647877436
0.16	0.45794067075915856
0.17	0.5420046541050304
0.18	0.5212955034306358
0.19	0.4204167985486418
0.2	0.3514123400589151
0.21	0.35520891746158567
0.22	0.43363131982645975
0.23	0.527265085961733
0.24	0.5404278568559843
0.25	0.4505882647382748
0.26	0.3596482569457246
0.27	0.33928146028063205
0.28	0.408264708904865
0.29	0.5068394419878893
0.3	0.5407374910536703
0.31	0.4795009180928268
0.32	0.37922312627117777
0.33	0.3348966868966788
0.34	0.39107145968881435
0.35000000000000003	0.4901744979709728
0.36	0.542828386986362
0.37	0.4924623706706537
0.38	0.38895699558983493
0.39	0.3456940988079525
0.4	0.3747189643870536
0.41000000000000003	0.46925852171170185
0.42	0.5454472151782117
0.43	0.5106806000449367
0.44	0.4064973106550511
0.45	0.34284794164209315
0.46	0.3689011844129197
0.47000000000000003	0.45536833618689276
0.48	0.5290857671202491
0.49	0.5215538028213282
0.5	0.41096556921156624
0.51	0.3494854732612335
0.52	0.3516007618215889
0.53	0.4455317023265462
0.54	0.5317515131576174
0.55	0.5235199153581259
0.56	0.4240725826616649
0.5700000000000001	0.34523003533211655
0.58	0.35246459626233745
0.59	0.43942285818830307
0.6	0.5289075726362457
0.61	0.5214248421174472
0.62	0.4212057009316435
0.63	0.34523895547632477
0.64	0.35290449883985053
0.65	0.4346203140370937
0.66	0.5232625389107416
0.67	0.5183677910154529
0.68	0.4117902376913174
0.6900000000000001	0.3482063588629951
0.7000000000000001	0.3534322433781707
0.71	0.44223490798713716
0.72	0.5301443746688098
0.73	0.5014729766088091
0.74	0.4122413836809437
0.75	0.33929619264202004
0.76	0.3656990926489424
0.77	0.45800105333372904
0.78	0.5294866664510616
0.79	0.486494557714464
0.8	0.39081119453046415
0.81	0.33845513291483725
0.8200000000000001	0.3839592678219703
0.8300000000000001	0.4797714441109187
0.84	0.526907038721918
0.85	0.45398041325599753
0.86	0.3692853007272572
0.87	0.3468156950371469
0.88	0.40640215987371686
0.89	0.5041022559854911
0.9	0.5130668886368142
0.91	0.4160544408142794
0.92	0.3520250590842196
0.93	0.35771174139861933
0.9400000000000001	0.44277890629057426
0.9500000000000001	0.5115398470078174
0.96	0.48056197928683914
0.97	0.37471013010730053
0.98	0.3354700385487732
0.99	0.3845041680448369
1.	0.48544198240768516
1.01	0.5144581777126919
1.02	0.41459126153827275
1.03	0.33479266246997
1.04	0.34895586146052404
1.05	0.4436559660614258
1.06	0.5023686735865279
1.07	0.45856231576247797
1.08	0.3611682438903497
1.09	0.3278197491777806
1.1	0.39892821713820675
1.11	0.4866837376999235
1.12	0.47321012772830123
1.1300000000000001	0.3818531004216235
1.1400000000000001	0.3279411870744776
1.1500000000000001	0.3774196309564419
1.16	0.4754758194757071
1.17	0.4859312183068008
1.18	0.40318691958672664
1.19	0.3262760577687089
1.2	0.3578846589138748
1.21	0.4580956542139568
1.22	0.4808367038403717
1.23	0.3932341822833604
1.24	0.32487788069391776
1.25	0.35418219493893116
1.26	0.44916334205007674
1.27	0.4731739632091412
1.28	0.3832163961847978
1.29	0.3228762939520734
1.3	0.36000999170762404
1.31	0.4540017812678135
1.32	0.4516418953591498
1.33	0.3573213803868268
1.34	0.31024778953844534
1.35	0.3777550283012748
1.36	0.4601429393325431
1.37	0.4110676509931355
1.3800000000000001	0.32880547106880803
1.3900000000000001	0.32120704261551575
1.4000000000000001	0.4133600794863033
1.41	0.4487162917937699
1.42	0.3617040369598359
1.43	0.30921744963930126
1.44	0.35394521877632373
1.45	0.43843820384321713
1.46	0.3995892467081093
1.47	0.3267016561352022
1.48	0.3161462756011408
1.49	0.4036603263046679
1.5	0.40935095485279827
1.51	0.31698939703666235
1.52	0.2991839380063808
1.53	0.3710737400317637
1.54	0.4068442359658424
1.55	0.3255639770552714
1.56	0.29151188163588027
1.57	0.3622299272021977
1.58	0.38988272586596334
1.59	0.31161296229523583
1.6	0.28388848836980796
1.61	0.35931370236942584
1.62	0.3668209511621943
1.6300000000000001	0.2907161935747972
1.6400000000000001	0.2915593609823717
1.6500000000000001	0.34635534698030784
1.6600000000000001	0.32855838593614395
1.67	0.2569806709645963
1.68	0.30102417619539024
1.69	0.33900727035178096
1.7	0.2758127547359577
1.71	0.2683435380950867
1.72	0.3152636670974744
1.73	0.28177655696430376
1.74	0.24853878225488182
1.75	0.2835744721918276
1.76	0.26622309656269444
1.77	0.23225902892558076
1.78	0.2608475911485077
1.79	0.2589968410005664
1.8	0.21564312412670975
1.81	0.2535614084443157
1.82	0.21877250364807116
1.83	0.19745635832555114
1.84	0.2173182882300216
1.85	0.17740357095733383
1.86	0.18660862541992837
1.87	0.1710667503716221
1.8800000000000001	0.15608024588711664
1.8900000000000001	0.14790965437571513
1.9000000000000001	0.12838219262125136
1.9100000000000001	0.12005350888430306
1.92	0.10490664559963181
1.93	0.08807928492578009
1.94	0.07242638967089118
1.95	0.05775654246550666
1.96	0.04262550549806738
1.97	0.028000266541473803
1.98	0.013802551409486033
1.99	0.0038019290077393225
2.	6.073635783504908e-7