0.	0.40051006973300596
0.01	0.3039893859054146
0.02	0.28319019197964507
0.03	0.36617708590106246
0.04	0.4572413298739942
0.05	0.48909380956674
0.06	0.4346406480224656
0.07	0.31155578132381945
0.08	0.25669895732637565
0.09	0.3190594934869424
0.1	0.4291277264645861
0.11	0.4888814913624614
0.12	0.44398703915742227
0.13	0.3474322624827443
0.14	0.25750512689586286
0.15	0.28247169500217106
0.16	0.4072165336408508
0.17	0.4843523732450675
0.18	0.4536399259256628
0.19	0.37998932649512196
0.2	0.2602814674812079
0.21	0.2859239487756254
0.22	0.3686175985767833
0.23	0.45057588061817044
0.24	0.4700384219144708
0.25	0.4159971699842361
0.26	0.29565912007510065
0.27	0.2579902009533544
0.28	0.34831940566018454
0.29	0.45631198460065936
0.3	0.47057681572703086
0.31	0.43190352832233586
0.32	0.31396640992342245
0.33	0.2634638556598793
0.34	0.31750013724250153
0.35000000000000003	0.4309961212094806
0.36	0.4717169084730972
0.37	0.43616652807992845
0.38	0.3283444815909647
0.39	0.25849190162975816
0.4	0.2963479383157286
0.41000000000000003	0.4085986715255136
0.42	0.4930461381152612
0.43	0.45096014552735925
0.44	0.35400892088045766
0.45	0.2621198031734627
0.46	0.28353429994326346
0.47000000000000003	0.3913548057340936
0.48	0.4785120518839218
0.49	0.4471954156473889
0.5	0.3627260956365268
0.51	0.2590682494946893
0.52	0.2838861685878626
0.53	0.39806497628779625
0.54	0.4794061954144961
0.55	0.4620672253824183
0.56	0.362171880062298
0.5700000000000001	0.27422490847210645
0.58	0.2773286269749789
0.59	0.3800307051649794
0.6	0.4647200359062631
0.61	0.45160671693616045
0.62	0.34876850886705296
0.63	0.26733024618971285
0.64	0.2712425741973417
0.65	0.3915414328293938
0.66	0.4470771364414229
0.67	0.4596717382018028
0.68	0.34479270762418834
0.6900000000000001	0.2680076282467629
0.7000000000000001	0.27703345742854546
0.71	0.3783289341506213
0.72	0.45774611058692677
0.73	0.4377899568430489
0.74	0.33136889990331553
0.75	0.2468439521775037
0.76	0.2754067499972665
0.77	0.3954601382509902
0.78	0.4559884154660128
0.79	0.4283678816429379
0.8	0.3077951345403644
0.81	0.2502445549827401
0.8200000000000001	0.312056736563324
0.8300000000000001	0.40988334004952764
0.84	0.48262309109371737
0.85	0.40434520196286894
0.86	0.2888950191896798
0.87	0.25112223167753817
0.88	0.3318882127766482
0.89	0.4279480147146294
0.9	0.462688395799707
0.91	0.3573481130928364
0.92	0.2501480965030994
0.93	0.25961304213968994
0.9400000000000001	0.35876815307976023
0.9500000000000001	0.4548464107935963
0.96	0.3959632358055337
0.97	0.3020421588152211
0.98	0.24609922418478203
0.99	0.29855433024369576
1.	0.42366985062680546
1.01	0.44846066332914303
1.02	0.3413105226732732
1.03	0.24701800662421067
1.04	0.2481902900379648
1.05	0.35062999324535105
1.06	0.41795962096007966
1.07	0.36668016953654226
1.08	0.2578295610996499
1.09	0.24014090464412113
1.1	0.3200158728610397
1.11	0.40124862337269496
1.12	0.3785029679939855
1.1300000000000001	0.2923175633446877
1.1400000000000001	0.23028687208033466
1.1500000000000001	0.2841022173521042
1.16	0.3665526935326341
1.17	0.39182603257415344
1.18	0.29840196837920313
1.19	0.23132673425993278
1.2	0.2607214297996068
1.21	0.3553982421087835
1.22	0.3729429943114829
1.23	0.2895200315712947
1.24	0.22098219855184595
1.25	0.24559287474922795
1.26	0.3353476913769875
1.27	0.36644616958879683
1.28	0.27464673873590834
1.29	0.2207089308265765
1.3	0.25740460655356157
1.31	0.3387517777883731
1.32	0.33489159241773325
1.33	0.253993504552837
1.34	0.2173480014140202
1.35	0.25423618231594813
1.36	0.3437242026887757
1.37	0.3064083923315861
1.3800000000000001	0.21358224973337347
1.3900000000000001	0.2124895938514221
1.4000000000000001	0.28388008743428056
1.41	0.3148840777975156
1.42	0.25171196988762384
1.43	0.19784268134530525
1.44	0.24230528700348003
1.45	0.29336520240662073
1.46	0.2825025705964079
1.47	0.20184253997918086
1.48	0.2061216408562479
1.49	0.27170579108095144
1.5	0.27544929935714607
1.51	0.1954433430406443
1.52	0.17898916740429563
1.53	0.23431999942905324
1.54	0.24378030295529884
1.55	0.1969544352219654
1.56	0.173017407340756
1.57	0.21156009552669594
1.58	0.22353665210751802
1.59	0.18207826598644836
1.6	0.16267641060967833
1.61	0.20079703448320385
1.62	0.2028782203780554
1.6300000000000001	0.15968272355956736
1.6400000000000001	0.15896350305003562
1.6500000000000001	0.1852921567359048
1.6600000000000001	0.1679547802939697
1.67	0.14340838211603749
1.68	0.1581806881048729
1.69	0.1619587076267217
1.7	0.13801360750305505
1.71	0.1295077291761438
1.72	0.1377341979593687
1.73	0.12529169013766445
1.74	0.11259105924942066
1.75	0.11945166879039958
1.76	0.10372779977319825
1.77	0.09307735591316361
1.78	0.09641273882723529
1.79	0.09042017760761677
1.8	0.08292558945604109
1.81	0.08342860460336868
1.82	0.07308423808384076
1.83	0.0649884730804943
1.84	0.06140160217558838
1.85	0.05264422338870363
1.86	0.04997237795954961
1.87	0.048603635587199115
1.8800000000000001	0.0370370246711774
1.8900000000000001	0.03532504936743831
1.9000000000000001	0.02781886851058043
1.9100000000000001	0.022168497308541542
1.92	0.017679172050522354
1.93	0.011721746582922335
1.94	0.008282004919639601
1.95	0.004220632504167042
1.96	0.0030634000820829437
1.97	0.0018752023007570133
1.98	0.0003583887664359429
1.99	0.00005307060617268326
2.	2.8357260324147926e-8