0.	0.40151394726334855
0.01	0.32145657463194266
0.02	0.3041271425819937
0.03	0.38247431198635234
0.04	0.45449810541407454
0.05	0.47921713344557554
0.06	0.43737611212900585
0.07	0.33501172599547435
0.08	0.278167566390709
0.09	0.32817375736881876
0.1	0.4209107324862326
0.11	0.4849534979238491
0.12	0.4482696208546728
0.13	0.35982967169071445
0.14	0.28007897210154115
0.15	0.3034898503471369
0.16	0.39934339110611267
0.17	0.46968961915086516
0.18	0.47264749451405164
0.19	0.3947374469168004
0.2	0.29390945189686635
0.21	0.29504198412281973
0.22	0.37785637311064363
0.23	0.4547950633928382
0.24	0.4813937547379643
0.25	0.413958492762337
0.26	0.31429709932588845
0.27	0.2749396326371773
0.28	0.34852690607020237
0.29	0.4492526592300593
0.3	0.4866418979956818
0.31	0.43695468555312894
0.32	0.3264552203785271
0.33	0.27689639436359564
0.34	0.3400555378576854
0.35000000000000003	0.42596750982067133
0.36	0.46930833643975756
0.37	0.4381317533170108
0.38	0.3456879777482457
0.39	0.2883555743811521
0.4	0.32962723629002105
0.41000000000000003	0.4284579990404087
0.42	0.47813056549709243
0.43	0.4552228391576393
0.44	0.35212817800105417
0.45	0.283039913376386
0.46	0.31001552038684416
0.47000000000000003	0.40110261122776536
0.48	0.4720617955023033
0.49	0.4537949678051952
0.5	0.37380931064639256
0.51	0.2782121147955809
0.52	0.29935877580843445
0.53	0.39124965157368796
0.54	0.4512022117180564
0.55	0.47172760904188815
0.56	0.3853792617512638
0.5700000000000001	0.2849894986290051
0.58	0.2875993218747177
0.59	0.3900618287468508
0.6	0.46735456361721517
0.61	0.4712570028905799
0.62	0.37167483997438217
0.63	0.28608539367761987
0.64	0.2887780337418454
0.65	0.3958925471109228
0.66	0.4690493070218628
0.67	0.4424303937318436
0.68	0.36220458965466684
0.6900000000000001	0.27935445975214784
0.7000000000000001	0.2888388753428923
0.71	0.39134968551826693
0.72	0.4638430618887703
0.73	0.43976793181685775
0.74	0.35497384674432503
0.75	0.27300960409113817
0.76	0.30374621137682173
0.77	0.4006455369098735
0.78	0.4922377991679435
0.79	0.4335016480879993
0.8	0.33017299414746004
0.81	0.26946903425225593
0.8200000000000001	0.313262962510829
0.8300000000000001	0.4230589887639824
0.84	0.46386706661722615
0.85	0.3994163164751121
0.86	0.30431183688433305
0.87	0.26395800858081814
0.88	0.34528618251128906
0.89	0.441598703064777
0.9	0.45459709555788386
0.91	0.36110164718285315
0.92	0.2708353141158854
0.93	0.28036906939542494
0.9400000000000001	0.38348971085142763
0.9500000000000001	0.4470829255568457
0.96	0.40015885476928215
0.97	0.30259838374500064
0.98	0.26369614116781526
0.99	0.3394424467734583
1.	0.41248490725396764
1.01	0.46401614879641195
1.02	0.3533656974499671
1.03	0.2638044857516649
1.04	0.28274488740070036
1.05	0.3662416511497144
1.06	0.4439625795471605
1.07	0.38707459315055553
1.08	0.28315053161867904
1.09	0.2506625058408942
1.1	0.334338236145072
1.11	0.41189520713947037
1.12	0.39727476184141425
1.1300000000000001	0.3158087885690936
1.1400000000000001	0.24673579177425947
1.1500000000000001	0.30632255875528763
1.16	0.4191902197233611
1.17	0.4091824580363139
1.18	0.32430653819492933
1.19	0.24309638029075592
1.2	0.2748163096878428
1.21	0.3649377845284021
1.22	0.39115354258002055
1.23	0.31150897637466474
1.24	0.2511474443303029
1.25	0.273043024716849
1.26	0.3668680330784032
1.27	0.3764657552565595
1.28	0.28799955883583017
1.29	0.2308594440784553
1.3	0.2734957527209459
1.31	0.36558386541771243
1.32	0.3636455303796484
1.33	0.2711752490216219
1.34	0.2343895129403678
1.35	0.2869333328165961
1.36	0.35249911476586687
1.37	0.32955385029549167
1.3800000000000001	0.23443428827758384
1.3900000000000001	0.22602652396756287
1.4000000000000001	0.3243306380650488
1.41	0.34275927273344664
1.42	0.2686273825564921
1.43	0.20935547061424972
1.44	0.2592329366179977
1.45	0.3256661726671721
1.46	0.28821620238039064
1.47	0.2181802226638142
1.48	0.22396891676260824
1.49	0.28336751826014334
1.5	0.29292050750355053
1.51	0.2215341920729849
1.52	0.19766292995033705
1.53	0.263961900374485
1.54	0.2807281899154844
1.55	0.21108113527485672
1.56	0.18597640153938624
1.57	0.23770821949463533
1.58	0.2579391340646777
1.59	0.209126231872615
1.6	0.17673989764809786
1.61	0.2416447200565782
1.62	0.23979674311849256
1.6300000000000001	0.18119381867993126
1.6400000000000001	0.18180566420229372
1.6500000000000001	0.21082465600520822
1.6600000000000001	0.19864303680023698
1.67	0.1569776644546593
1.68	0.17586291229329873
1.69	0.19967380851707162
1.7	0.15761663747653765
1.71	0.14807419557670223
1.72	0.17925797649713215
1.73	0.14771953977944263
1.74	0.12502461982992688
1.75	0.14488715425426557
1.76	0.1380971619180753
1.77	0.10752013708654937
1.78	0.12578109307446564
1.79	0.11660879340723655
1.8	0.09461342313976948
1.81	0.10483576481247536
1.82	0.08984146206331377
1.83	0.07914450200074243
1.84	0.08214406009385153
1.85	0.07206445849231582
1.86	0.0650676375117959
1.87	0.06065017939510986
1.8800000000000001	0.04361691046049137
1.8900000000000001	0.04141072791043507
1.9000000000000001	0.036694077373320914
1.9100000000000001	0.031746461068932544
1.92	0.023298183475466226
1.93	0.01892984364190427
1.94	0.010847581800046576
1.95	0.0076495248454455005
1.96	0.0037711652672932756
1.97	0.0019831178549663403
1.98	0.0008796536672431697
1.99	0.00015425474326225024
2.	2.0533146404512227e-8