0.	0.40031072659352035
0.01	0.3287829140110529
0.02	0.3245821235553475
0.03	0.3804393240035499
0.04	0.45712896742202075
0.05	0.4853503610930313
0.06	0.43708986270802497
0.07	0.33835397681826185
0.08	0.2886339740147071
0.09	0.34999258003772193
0.1	0.43563568260116947
0.11	0.48326703335035603
0.12	0.44457582642753163
0.13	0.35569155125898566
0.14	0.29344185109234844
0.15	0.32384234461975475
0.16	0.4220185943460987
0.17	0.49185161857271226
0.18	0.46257297213907317
0.19	0.38242786116429983
0.2	0.30142789455910984
0.21	0.3035165073418242
0.22	0.3906439811142459
0.23	0.4664186933133717
0.24	0.4829638671594467
0.25	0.4072634647033783
0.26	0.3178521105884501
0.27	0.30601952717076875
0.28	0.3650209386075833
0.29	0.44927926386797085
0.3	0.49776189844204444
0.31	0.43651214251399484
0.32	0.33675376394287354
0.33	0.29033366698063184
0.34	0.3443008424976001
0.35000000000000003	0.44748916248249554
0.36	0.47497158230401115
0.37	0.45090435883260754
0.38	0.34907264518635905
0.39	0.2799435934866299
0.4	0.32942399038895065
0.41000000000000003	0.43361675712218717
0.42	0.4707875186314661
0.43	0.4562313720875719
0.44	0.37309652050424097
0.45	0.2893962034798778
0.46	0.32280188155062706
0.47000000000000003	0.42110141679057833
0.48	0.4858370736610345
0.49	0.4635077455127427
0.5	0.36923969248548916
0.51	0.303868386980622
0.52	0.3146732686862935
0.53	0.4085694134904254
0.54	0.46437427840033224
0.55	0.4547200595470565
0.56	0.374262891505233
0.5700000000000001	0.3006497306138201
0.58	0.30821836604172204
0.59	0.4107185269815541
0.6	0.4650384761637008
0.61	0.4629591338569181
0.62	0.3799910372239186
0.63	0.2990208382576161
0.64	0.3046360118074903
0.65	0.410508906441517
0.66	0.4589728802404228
0.67	0.4625442410417879
0.68	0.37642267798074247
0.6900000000000001	0.28853298946663514
0.7000000000000001	0.31375750499361843
0.71	0.4187954209394555
0.72	0.4578671315538443
0.73	0.44207760134465207
0.74	0.3572733549482815
0.75	0.2859453907437295
0.76	0.31570605845694377
0.77	0.43338945296267195
0.78	0.4798031507119066
0.79	0.4192402850605949
0.8	0.33070447163055566
0.81	0.28202044248026525
0.8200000000000001	0.33731032408392664
0.8300000000000001	0.42732926771873714
0.84	0.45492827366222144
0.85	0.39718500221693687
0.86	0.3057703111260696
0.87	0.2861434603422192
0.88	0.3620453084433526
0.89	0.4480557024993971
0.9	0.4373371758489375
0.91	0.3705824413165212
0.92	0.27823630166372276
0.93	0.3135522910509752
0.9400000000000001	0.3850915304755906
0.9500000000000001	0.43626614685931736
0.96	0.4172273085530967
0.97	0.3198223694060192
0.98	0.27992139491977336
0.99	0.3405776838635196
1.	0.4213315779547451
1.01	0.44828091885112814
1.02	0.35086388391263235
1.03	0.2765510664352821
1.04	0.3069998951720791
1.05	0.4132095526951091
1.06	0.4255306243242601
1.07	0.39409532627532756
1.08	0.298891110801486
1.09	0.26607674950754473
1.1	0.35335612400889815
1.11	0.4392802594537003
1.12	0.392178381316779
1.1300000000000001	0.29666352333687157
1.1400000000000001	0.24946001714752503
1.1500000000000001	0.32049179673403144
1.16	0.4227557652635792
1.17	0.4059902558004058
1.18	0.326172623468268
1.19	0.2642491656158038
1.2	0.29697097963564456
1.21	0.4065146050725794
1.22	0.3923216481043476
1.23	0.32701548327231666
1.24	0.25437438238922705
1.25	0.2952597002685055
1.26	0.37019889595834216
1.27	0.38877290818355437
1.28	0.30328827398041913
1.29	0.23973131047147614
1.3	0.29403086526624816
1.31	0.3680970662358271
1.32	0.35940013556958683
1.33	0.25977784139425175
1.34	0.23840410419481672
1.35	0.30950907707382747
1.36	0.34980658441085505
1.37	0.3290805071303676
1.3800000000000001	0.24514829145081227
1.3900000000000001	0.2522726439450605
1.4000000000000001	0.33493676673349043
1.41	0.3464370149691024
1.42	0.2688259630069691
1.43	0.22829540399014722
1.44	0.27409008390592565
1.45	0.34912146955333634
1.46	0.29914573879306944
1.47	0.2212060086459992
1.48	0.24202098971168504
1.49	0.31029165012648474
1.5	0.29084049920354266
1.51	0.2294417937375922
1.52	0.20206678625853255
1.53	0.29324140246682057
1.54	0.27855477517719646
1.55	0.21859031759901182
1.56	0.2093577140283767
1.57	0.25849363340742093
1.58	0.2690841904870114
1.59	0.20559176145046415
1.6	0.2095220806402307
1.61	0.2512330667327194
1.62	0.2369666511581271
1.6300000000000001	0.1811201590211672
1.6400000000000001	0.1955901954307761
1.6500000000000001	0.2351264515421234
1.6600000000000001	0.19920097576628779
1.67	0.1714211142560516
1.68	0.20143806326689562
1.69	0.20096069426120217
1.7	0.16229756240587337
1.71	0.16466078704930362
1.72	0.18524348843956565
1.73	0.15707944976090096
1.74	0.14813740881111243
1.75	0.16395732585964987
1.76	0.1441859560194863
1.77	0.11647153260361404
1.78	0.13448951968581344
1.79	0.13098833678854022
1.8	0.10354173079011596
1.81	0.11522942280597988
1.82	0.09694732160093114
1.83	0.08820488967763947
1.84	0.0902125059736242
1.85	0.07438625670602708
1.86	0.07084906815262926
1.87	0.06287491732341488
1.8800000000000001	0.05638433719196241
1.8900000000000001	0.051442933244480384
1.9000000000000001	0.03907900212773825
1.9100000000000001	0.03648893256850356
1.92	0.025491465019138168
1.93	0.021796703859746826
1.94	0.018034779409744104
1.95	0.010377845469072272
1.96	0.006749498488019902
1.97	0.0028884994631051216
1.98	0.0009231186399722587
1.99	0.00010900624627479509
2.	2.914476966467843e-8