-2.2	7.596003566104887e-6
-2.1900000000000004	1.5260875433202006e-6
-2.18	6.070133854515295e-7
-2.1700000000000004	1.3284416271271957e-7
-2.16	6.891751863240177e-8
-2.1500000000000004	4.4677625956425996e-8
-2.14	3.344706218969237e-8
-2.1300000000000003	2.6618334538123963e-8
-2.12	2.2469677646592382e-8
-2.1100000000000003	1.9741365320546935e-8
-2.1	1.8021742669765748e-8
-2.0900000000000003	1.6838002605062695e-8
-2.08	1.6042304380039937e-8
-2.0700000000000003	1.5350531353748936e-8
-2.06	1.463245708205823e-8
-2.0500000000000003	1.3302263183191154e-8
-2.04	1.0556013169160668e-8
-2.0300000000000002	4.3824713278291455e-9
-2.02	1.0069958522458384e-8
-2.0100000000000002	6.380617425185028e-7
-2.	0.0026508668644052128
-1.9900000000000002	0.23073696499369128
-1.9800000000000002	0.21487514125900217
-1.9700000000000002	0.21825468446484889
-1.9600000000000002	0.23940765526578256
-1.9500000000000002	0.2673073824182303
-1.9400000000000002	0.29928470914481997
-1.9300000000000002	0.33695815630978326
-1.9200000000000002	0.37792250360796387
-1.9100000000000001	0.42233728469912785
-1.9000000000000001	0.4707329382024383
-1.8900000000000001	0.5213465544912846
-1.8800000000000001	0.5743713078005036
-1.87	0.6285106636326332
-1.86	0.6833028317395112
-1.85	0.7366506146055201
-1.8400000000000003	0.7872959825945067
-1.83	0.8340478552636369
-1.8200000000000003	0.8738596503065161
-1.81	0.9076229457578181
-1.8000000000000003	0.9333285919669511
-1.79	0.952113937459825
-1.7800000000000002	0.9623486082800927
-1.7700000000000002	0.9659300226445424
-1.7600000000000002	0.9634348348071141
-1.7500000000000002	0.956333240931592
-1.7400000000000002	0.9455587890728709
-1.7300000000000002	0.9336105686573801
-1.7200000000000002	0.9210193848236277
-1.7100000000000002	0.9092871174880827
-1.7000000000000002	0.900509316979751
-1.6900000000000002	0.8973810330370606
-1.6800000000000002	0.9017688524109329
-1.6700000000000002	0.9136821296657434
-1.6600000000000001	0.9216562977802618
-1.6500000000000001	0.794186477139317
-1.6400000000000001	0.2543989891956326
-1.6300000000000001	0.023326917892040663
-1.62	0.10763615311674674
-1.6100000000000003	0.20789248053875553
-1.6	0.2646329963396619
-1.5900000000000003	0.2514772958436168
-1.58	0.27888404799804006
-1.5700000000000003	0.30083432396234605
-1.56	0.29510915516724323
-1.5500000000000003	0.2824296435625164
-1.54	0.26384016839499386
-1.5300000000000002	0.24180856289924446
-1.52	0.21504732831923556
-1.5100000000000002	0.18483388377434193
-1.5	0.15896917128358445
-1.4900000000000002	0.14272963278694595
-1.4800000000000002	0.14787902075531928
-1.4700000000000002	0.18537983782705517
-1.4600000000000002	0.26058808541813233
-1.4500000000000002	0.36351622004419853
-1.4400000000000002	0.4724369951929839
-1.4300000000000002	0.5669620705295443
-1.4200000000000002	0.6436838961842843
-1.4100000000000001	0.7004281731607728
-1.4000000000000001	0.7430175444908176
-1.3900000000000001	0.6651911500885899
-1.3800000000000001	0.7440782787610669
-1.37	0.804010352396615
-1.3600000000000003	0.8217731389220557
-1.35	0.8356979538284822
-1.3400000000000003	0.8488899054587616
-1.33	0.8604399926311385
-1.3200000000000003	0.8711134371779701
-1.31	0.8817406216011693
-1.3000000000000003	0.8913207694393259
-1.29	0.9007674159192907
-1.2800000000000002	0.9093500738805358
-1.27	0.9168608841072909
-1.2600000000000002	0.9238027977561485
-1.25	0.9295430390306472
-1.2400000000000002	0.9344545608361486
-1.2300000000000002	0.9379821373181891
-1.2200000000000002	0.9400483662810343
-1.2100000000000002	0.9408961929236804
-1.2000000000000002	0.9395598240624972
-1.1900000000000002	0.9365770909342763
-1.1800000000000002	0.9314080700513632
-1.1700000000000002	0.9231543170795052
-1.1600000000000001	0.9114115616817137
-1.1500000000000001	0.894752693350336
-1.1400000000000001	0.8690794754064264
-1.1300000000000001	0.829720755911117
-1.12	0.7619209729292101
-1.11	0.6388845524636999
-1.1	0.43248641661747345
-1.09	0.20125416854830336
-1.08	0.13823634543148564
-1.07	0.09597728888104345
-1.06	0.14667251430510903
-1.05	0.44753780640427904
-1.0400000000000003	0.7342536854121136
-1.0300000000000002	0.7666770298760396
-1.0200000000000002	0.8566493851458611
-1.0100000000000002	0.8794360340086554
-1.0000000000000002	0.864421946175739
-0.9900000000000002	0.8449889075644926
-0.9800000000000002	0.826838015725092
-0.9700000000000002	0.8074533995841066
-0.9600000000000002	0.7874102840121909
-0.9500000000000002	0.7638462973438434
-0.9400000000000002	0.7358239030066418
-0.9300000000000002	0.7003576721409862
-0.9200000000000002	0.6554241831044253
-0.9100000000000001	0.5855388639159362
-0.9000000000000001	0.4855757060301066
-0.8900000000000001	0.3190119135909888
-0.8800000000000001	0.09427013936243947
-0.8700000000000001	0.11556812918054125
-0.8600000000000001	0.30787595726039385
-0.8500000000000001	0.6830993878027545
-0.8400000000000001	0.8994017081090372
-0.8300000000000001	0.9685852447958271
-0.8200000000000001	0.9874063566206697
-0.81	0.9902061716884005
-0.8	0.9884166733725618
-0.7900000000000003	0.985611936922373
-0.7800000000000002	0.9830470422239864
-0.7700000000000002	0.9807705960243138
-0.7600000000000002	0.9790492990552881
-0.7500000000000002	0.9778686045228892
-0.7400000000000002	0.9771252229171068
-0.7300000000000002	0.9772496240675461
-0.7200000000000002	0.9769372469231014
-0.7100000000000002	0.9776230380906579
-0.7000000000000002	0.9778402907353853
-0.6900000000000002	0.9781301724198868
-0.6800000000000002	0.9779027744540155
-0.6700000000000002	0.9770954674591817
-0.6600000000000001	0.9750482807956282
-0.6500000000000001	0.9700950845343373
-0.6400000000000001	0.9584923707444503
-0.6300000000000001	0.9252602029190202
-0.6200000000000001	0.7760124338162061
-0.6100000000000001	0.09276250061330935
-0.6000000000000001	0.5183296997842985
-0.5900000000000001	0.8224207853445856
-0.5800000000000001	0.8934072441459476
-0.5700000000000001	0.9126285196039751
-0.56	0.9106650019569368
-0.55	0.8863262523861161
-0.54	0.6424368487559228
-0.5300000000000002	0.719462577071079
-0.5200000000000002	0.5028604929152136
-0.5100000000000002	0.6624742284968472
-0.5000000000000002	0.7585830931727628
-0.4900000000000002	0.8704005687239429
-0.4800000000000002	0.9167755168216826
-0.4700000000000002	0.8681646436698256
-0.4600000000000002	0.8959697601600415
-0.4500000000000002	0.8922026112953476
-0.44000000000000017	0.8679081883977651
-0.43000000000000016	0.8254664257291059
-0.42000000000000015	0.751534192632114
-0.41000000000000014	0.607674912274139
-0.40000000000000013	0.38529044848692506
-0.3900000000000001	0.3737500974516611
-0.3800000000000001	0.6330603139921445
-0.3700000000000001	0.767521822897741
-0.3600000000000001	0.7731988863071585
-0.3500000000000001	0.9418985777174086
-0.3400000000000001	0.9548582361632738
-0.33000000000000007	0.958778876943571
-0.32000000000000006	0.9594935424504771
-0.31000000000000005	0.9578763937359832
-0.30000000000000004	0.9547687399777385
-0.29000000000000004	0.9508320176669375
-0.28000000000000025	0.9443000388339796
-0.27000000000000024	0.9337747662620941
-0.26000000000000023	0.9113940687179379
-0.2500000000000002	0.840045328137294
-0.2400000000000002	0.3829544246656026
-0.2300000000000002	0.8501997742241223
-0.2200000000000002	0.9338710601885158
-0.2100000000000002	0.9813259963984103
-0.20000000000000018	0.9837406124025567
-0.18999999999999995	0.9843441161339416
-0.18000000000000016	0.9843780193169663
-0.16999999999999993	0.9844708898261063
-0.16000000000000014	0.9849249863342184
-0.15000000000000036	0.9856048410943725
-0.14000000000000012	0.9864235910767952
-0.13000000000000034	0.987731315679109
-0.1200000000000001	0.9887901363462005
-0.11000000000000032	0.989939454636736
-0.10000000000000009	0.9910851277335442
-0.0900000000000003	0.9921737878526831
-0.08000000000000007	0.9934585639250385
-0.07000000000000028	0.9944943101039453
-0.06000000000000005	0.9955011274293651
-0.050000000000000266	0.9963927536073268
-0.040000000000000036	0.9971331387269003
-0.03000000000000025	0.997780848721144
-0.020000000000000018	0.998296085022868
-0.010000000000000231	0.9986162794105722
0.	0.9987363877662035
0.009999999999999787	0.9984195351825268
0.020000000000000018	0.9967677576590731
0.029999999999999805	0.9814307397634684
0.040000000000000036	0.9093667510501513
0.04999999999999982	0.9588425294740884
0.06000000000000005	0.9834709999019369
0.06999999999999984	0.9873271973298017
0.08000000000000007	0.9884475128974317
0.08999999999999986	0.988630225528573
0.10000000000000009	0.9878772919635385
0.10999999999999988	0.9871610258621373
0.11999999999999966	0.9862597955615915
0.1299999999999999	0.9851923823238505
0.13999999999999968	0.9843232049473809
0.1499999999999999	0.9838393382059553
0.1599999999999997	0.9832929818338509
0.16999999999999993	0.9827712415560333
0.17999999999999972	0.9824748568498592
0.18999999999999995	0.9829139344575162
0.19999999999999973	0.9835548654582326
0.20999999999999996	0.9842115740813828
0.21999999999999975	0.9818609576079497
0.22999999999999998	0.9505411657038648
0.23999999999999977	0.5168396911465883
0.25	0.7194169681006052
0.2599999999999998	0.8204692431731412
0.27	0.9098529813673883
0.2799999999999998	0.9330545506843412
0.29000000000000004	0.9441803620243573
0.2999999999999998	0.9504363271204109
0.31000000000000005	0.9546805622671838
0.31999999999999984	0.9576880406752818
0.33000000000000007	0.9598629094475696
0.33999999999999986	0.9593647116279271
0.3500000000000001	0.9552672944937695
0.3599999999999999	0.9420597674190753
0.36999999999999966	0.903591331377327
0.3799999999999999	0.7781903626696021
0.3899999999999997	0.5686185403529878
0.3999999999999999	0.33397007714793797
0.4099999999999997	0.40437689848032715
0.41999999999999993	0.5848349559647535
0.4299999999999997	0.7332384862463177
0.43999999999999995	0.8142684832548991
0.44999999999999973	0.8618215982165859
0.45999999999999996	0.8900669144758581
0.46999999999999975	0.9092828283420349
0.48	0.9067059656323099
0.48999999999999977	0.9078694064914744
0.5	0.8872734343208317
0.5099999999999998	0.8343150344843727
0.52	0.569659185344915
0.5299999999999998	0.42837066787633554
0.54	0.6925998475564176
0.5499999999999998	0.7926105987079509
0.56	0.8650457775598399
0.5699999999999998	0.8446849788491495
0.5800000000000001	0.8986323780435321
0.5899999999999999	0.8815242014657771
0.6000000000000001	0.7780212538545243
0.6099999999999999	0.20372746487760576
0.6199999999999997	0.4257863076697515
0.6299999999999999	0.6370078403157435
0.6399999999999997	0.8662633353959395
0.6499999999999999	0.9440414436573312
0.6599999999999997	0.9612771965268384
0.6699999999999999	0.9683657037647002
0.6799999999999997	0.9713999842863179
0.69	0.9731453279282223
0.6999999999999997	0.9737798844692822
0.71	0.9735321693023413
0.7199999999999998	0.9735008156102345
0.73	0.9733154984626963
0.7399999999999998	0.9731764211080935
0.75	0.9739272159482126
0.7599999999999998	0.9744977429149199
0.77	0.9761314630979103
0.7799999999999998	0.9778789950932099
0.79	0.9805620503645103
0.7999999999999998	0.9842530785912703
0.81	0.9874410010923416
0.8199999999999998	0.9902536185206773
0.8300000000000001	0.9891458003919417
0.8399999999999999	0.9743490200832295
0.8500000000000001	0.9179544718971331
0.8599999999999999	0.7342729940863314
0.8700000000000001	0.3225032553691842
0.8799999999999999	0.08539065702162554
0.8899999999999997	0.13487411966222826
0.8999999999999999	0.2544694478861611
0.9099999999999997	0.43201736398309426
0.9199999999999999	0.5513048819521239
0.9299999999999997	0.6234526299696815
0.94	0.6787366639201923
0.9499999999999997	0.7174540327323814
0.96	0.7494108615202684
0.9699999999999998	0.7748866177849311
0.98	0.79706354368038
0.9899999999999998	0.8168280925209562
1.	0.8362481561364085
1.0099999999999998	0.8562958471834159
1.02	0.8755984396401688
1.0299999999999998	0.8957933124683086
1.04	0.9123958469045858
1.0499999999999998	0.8725014521366825
1.06	0.4266443441907292
1.0699999999999998	0.07586664952697027
1.08	0.084081321975777
1.0899999999999999	0.2017584229211355
1.1	0.2604642291173519
1.1099999999999999	0.41226143866313647
1.12	0.5054959244474788
1.13	0.6490727995710478
1.1399999999999997	0.7858498682441938
1.15	0.8455478106498407
1.1599999999999997	0.8819232936298426
1.17	0.9051143550344062
1.1799999999999997	0.9191690300942973
1.19	0.9293090892420366
1.1999999999999997	0.9359306632020651
1.21	0.939507971621304
1.2199999999999998	0.9408761337783687
1.23	0.9396842304759959
1.2399999999999998	0.9373407405226902
1.25	0.933311036546301
1.2599999999999998	0.9285070484199623
1.27	0.9222891340553513
1.2799999999999998	0.9147892561696666
1.29	0.9067692112094905
1.2999999999999998	0.898173610122363
1.31	0.8881339716103198
1.3199999999999998	0.8781473538939014
1.33	0.8674394658323016
1.3399999999999999	0.8563927170438198
1.35	0.8452821197087939
1.3599999999999999	0.8332654505786075
1.37	0.8199390438754375
1.38	0.8045233814620995
1.3899999999999997	0.7870115156249858
1.4	0.7331260435682846
1.4099999999999997	0.6974251694660231
1.42	0.6926418992680493
1.4299999999999997	0.6471416498557084
1.44	0.5704165358822176
1.4499999999999997	0.4763473023105826
1.46	0.3650589045546741
1.4699999999999998	0.26320776223595
1.48	0.18736715666910464
1.4899999999999998	0.1468246618133844
1.5	0.13904743758570884
1.5099999999999998	0.15013134245463997
1.52	0.1718177541682315
1.5299999999999998	0.19848684243879497
1.54	0.22457556431772674
1.5499999999999998	0.2458515174998193
1.56	0.264740837302812
1.5699999999999998	0.27747411347876993
1.58	0.2851944576144665
1.5899999999999999	0.28305246600969475
1.6	0.2313974597085081
1.6099999999999999	0.26262308258922135
1.62	0.20411399643549552
1.63	0.09522749094427929
1.6399999999999997	0.05854533767272089
1.65	0.3227146166269399
1.6599999999999997	0.5435429419315639
1.67	0.7081167212051823
1.6799999999999997	0.8372311646657667
1.69	0.8629197849222507
1.6999999999999997	0.8709664815712564
1.71	0.8795545685678469
1.7199999999999998	0.890692015524854
1.73	0.9049647372120267
1.7399999999999998	0.9186503521587334
1.75	0.9328358090444366
1.7599999999999998	0.9444166067654309
1.77	0.9534160546628985
1.7799999999999998	0.9562167417588135
1.79	0.9523699186516082
1.7999999999999998	0.9411848546059204
1.8099999999999996	0.921887507817351
1.8200000000000003	0.8930883659105564
1.83	0.8562843590820348
1.8399999999999999	0.8129754784842492
1.8499999999999996	0.7634544953891689
1.8600000000000003	0.7095375869746388
1.87	0.6530679968874956
1.88	0.5951250674277744
1.8899999999999997	0.5380885631971771
1.8999999999999995	0.48236456722203985
1.9100000000000001	0.4296642456625659
1.92	0.38002279346424656
1.9299999999999997	0.33407129014196824
1.9399999999999995	0.291311008605559
1.9500000000000002	0.2512672548091184
1.96	0.2145301046193131
1.9699999999999998	0.17962014345247507
1.9799999999999995	0.14546649142953233
1.9900000000000002	0.10722472193627194
2.	0.0018774568127607272
2.01	0.00011489975985068698
2.0199999999999996	1.2506576691079986e-6
2.0300000000000002	3.5377352012604935e-8
2.04	5.116050441782908e-9
2.05	5.616310249844147e-9
2.0599999999999996	8.372085057211272e-9
2.0700000000000003	1.0333073623624565e-8
2.08	1.1517926038469957e-8
2.09	1.2599837365765674e-8
2.0999999999999996	1.3673906643781395e-8
2.1100000000000003	1.4975768591691027e-8
2.12	1.684976964223136e-8
2.13	1.9556424621512145e-8
2.1399999999999997	2.3661734600926606e-8
2.1500000000000004	3.029129764185713e-8
2.16	4.172229609042761e-8
2.17	6.473920155638284e-8
2.1799999999999997	1.2291109143648782e-7
2.1899999999999995	3.61054027890064e-7
2.2	9.025473442264423e-6