-2.2	2.3814520985006933e-7
-2.1900000000000004	4.7577030549220134e-7
-2.18	4.2612276568565155e-7
-2.1700000000000004	1.1106723958384664e-6
-2.16	1.3450711903652793e-6
-2.1500000000000004	1.2863166482519253e-6
-2.14	6.345927957045559e-7
-2.1300000000000003	4.768309304754675e-7
-2.12	3.9881426932970777e-7
-2.1100000000000003	3.2084901398310015e-7
-2.1	3.36994109768449e-7
-2.0900000000000003	1.1208435246037272e-7
-2.08	6.453800041713706e-8
-2.0700000000000003	2.0327156859455646e-8
-2.06	1.0635447445315377e-8
-2.0500000000000003	3.5672528484509125e-9
-2.04	2.8312818874709165e-9
-2.0300000000000002	2.8619897045460604e-9
-2.02	4.1710595636566805e-9
-2.0100000000000002	1.0693820148071693e-8
-2.	4.111299397954842e-6
-1.9900000000000002	0.0017371671036333217
-1.9800000000000002	0.009792625526144412
-1.9700000000000002	0.03435810839542909
-1.9600000000000002	0.06527812172299798
-1.9500000000000002	0.0834181900793616
-1.9400000000000002	0.0952899184079896
-1.9300000000000002	0.10831025326537443
-1.9200000000000002	0.11167648289562235
-1.9100000000000001	0.09600236629289076
-1.9000000000000001	0.0697906688921806
-1.8900000000000001	0.04609142878579799
-1.8800000000000001	0.031204574775639538
-1.87	0.02154657216404507
-1.86	0.015794795805614728
-1.85	0.013272544016188414
-1.8400000000000003	0.01160006083676871
-1.83	0.010278306680612557
-1.8200000000000003	0.009881546575935806
-1.81	0.009284468335579228
-1.8000000000000003	0.009019309385389841
-1.79	0.008864739671281941
-1.7800000000000002	0.008874074211759148
-1.7700000000000002	0.009000014154464891
-1.7600000000000002	0.009541068310887019
-1.7500000000000002	0.009718090321072818
-1.7400000000000002	0.010464552790019618
-1.7300000000000002	0.011031293741370981
-1.7200000000000002	0.01184632389887407
-1.7100000000000002	0.01327776689314827
-1.7000000000000002	0.014466750455411124
-1.6900000000000002	0.017017059413853685
-1.6800000000000002	0.020089837673950818
-1.6700000000000002	0.024084565282625328
-1.6600000000000001	0.03055730507827591
-1.6500000000000001	0.04087038061806521
-1.6400000000000001	0.06160215423704849
-1.6300000000000001	0.10075100207007961
-1.62	0.13358665411913498
-1.6100000000000003	0.13753919040674165
-1.6	0.11357610174125098
-1.5900000000000003	0.09911185042913397
-1.58	0.09504811122999518
-1.5700000000000003	0.0979655000723324
-1.56	0.0974277438990679
-1.5500000000000003	0.09253798851346984
-1.54	0.08616357273913931
-1.5300000000000002	0.08221066958738886
-1.52	0.08372736499661312
-1.5100000000000002	0.08463578268859043
-1.5	0.08638259829952748
-1.4900000000000002	0.08634469951800482
-1.4800000000000002	0.09090698105504584
-1.4700000000000002	0.10190646420793414
-1.4600000000000002	0.11546923239573811
-1.4500000000000002	0.13817308186124155
-1.4400000000000002	0.16369997815629964
-1.4300000000000002	0.1967973966277412
-1.4200000000000002	0.22658346100806975
-1.4100000000000001	0.2539394436234622
-1.4000000000000001	0.2629372137378839
-1.3900000000000001	0.25123881196073017
-1.3800000000000001	0.22259815537553723
-1.37	0.17628933781499853
-1.3600000000000003	0.13303708923413643
-1.35	0.09979606845373974
-1.3400000000000003	0.09664080461710212
-1.33	0.10930656971256712
-1.3200000000000003	0.1333947195956805
-1.31	0.13993359218107626
-1.3000000000000003	0.1338929591562839
-1.29	0.11732408238343496
-1.2800000000000002	0.09718555837429224
-1.27	0.08522918268602638
-1.2600000000000002	0.0734730541783724
-1.25	0.06591921438654834
-1.2400000000000002	0.059592753851937845
-1.2300000000000002	0.055786522803033256
-1.2200000000000002	0.052162056151375376
-1.2100000000000002	0.04898429811711313
-1.2000000000000002	0.04814182208594052
-1.1900000000000002	0.04691183914582456
-1.1800000000000002	0.0463144486514939
-1.1700000000000002	0.0463189086067573
-1.1600000000000001	0.04712682325919354
-1.1500000000000001	0.04822166203755416
-1.1400000000000001	0.05131050591764222
-1.1300000000000001	0.05451992275134553
-1.12	0.0595608768642719
-1.11	0.06817901261209172
-1.1	0.08051580077356975
-1.09	0.10403194146085602
-1.08	0.13973375632446122
-1.07	0.1507972310676943
-1.06	0.1200963879739387
-1.05	0.09329282131810544
-1.0400000000000003	0.09761982188263275
-1.0300000000000002	0.11951763394370578
-1.0200000000000002	0.13040035001328046
-1.0100000000000002	0.13256334270322206
-1.0000000000000002	0.13112852525112362
-0.9900000000000002	0.13059091014767943
-0.9800000000000002	0.12525908510005437
-0.9700000000000002	0.12686948023510944
-0.9600000000000002	0.12634020136983543
-0.9500000000000002	0.12300841582472921
-0.9400000000000002	0.1092547398682847
-0.9300000000000002	0.08928358673603048
-0.9200000000000002	0.0669616166080373
-0.9100000000000001	0.0501450682478124
-0.9000000000000001	0.03803726825573375
-0.8900000000000001	0.03138110317861726
-0.8800000000000001	0.028726473845909983
-0.8700000000000001	0.02860920063255587
-0.8600000000000001	0.03124394554768886
-0.8500000000000001	0.04177319070052381
-0.8400000000000001	0.06380545697589748
-0.8300000000000001	0.1000237374943658
-0.8200000000000001	0.13342872704794798
-0.81	0.15497427718483983
-0.8	0.16598704352795027
-0.7900000000000003	0.16670338816113336
-0.7800000000000002	0.15703378992524972
-0.7700000000000002	0.13158205407480345
-0.7600000000000002	0.09427542439463811
-0.7500000000000002	0.06479655468465885
-0.7400000000000002	0.04425665988269659
-0.7300000000000002	0.03027759534737283
-0.7200000000000002	0.020952019432965503
-0.7100000000000002	0.015373872278992434
-0.7000000000000002	0.012295264231148337
-0.6900000000000002	0.010050168550547824
-0.6800000000000002	0.008488569255085525
-0.6700000000000002	0.007487726376799572
-0.6600000000000001	0.006819283001196224
-0.6500000000000001	0.006250047948837853
-0.6400000000000001	0.00610108302740238
-0.6300000000000001	0.006323174954631271
-0.6200000000000001	0.007277057062085268
-0.6100000000000001	0.011212064831514924
-0.6000000000000001	0.0308089786857535
-0.5900000000000001	0.07125732309060391
-0.5800000000000001	0.09049270948158641
-0.5700000000000001	0.08946613999343912
-0.56	0.09266972399439062
-0.55	0.08813369267804466
-0.54	0.06538783426380143
-0.5300000000000002	0.040063020643432326
-0.5200000000000002	0.02367499226134274
-0.5100000000000002	0.017442809250951263
-0.5000000000000002	0.01732245167695283
-0.4900000000000002	0.020366661879960973
-0.4800000000000002	0.026013320511316784
-0.4700000000000002	0.031255035382151415
-0.4600000000000002	0.03445197444453104
-0.4500000000000002	0.03764029897472163
-0.44000000000000017	0.044160792585988255
-0.43000000000000016	0.04454204372487277
-0.42000000000000015	0.04483579695774831
-0.41000000000000014	0.046083940263514166
-0.40000000000000013	0.05068868170333927
-0.3900000000000001	0.052398753961334844
-0.3800000000000001	0.05005068128522429
-0.3700000000000001	0.05318157538497183
-0.3600000000000001	0.0667304352441786
-0.3500000000000001	0.08744416657208516
-0.3400000000000001	0.0896121930208674
-0.33000000000000007	0.06740141717619476
-0.32000000000000006	0.06065509159166777
-0.31000000000000005	0.06580641961982875
-0.30000000000000004	0.06655350119574703
-0.29000000000000004	0.05415421850568029
-0.28000000000000025	0.03535728854424942
-0.27000000000000024	0.02248597245715444
-0.26000000000000023	0.016457674103343523
-0.2500000000000002	0.013884566945227482
-0.2400000000000002	0.013945320066235254
-0.2300000000000002	0.021164717286452292
-0.2200000000000002	0.0351740299543421
-0.2100000000000002	0.04158353024415467
-0.20000000000000018	0.04145501098241703
-0.18999999999999995	0.041399662654676865
-0.18000000000000016	0.03601608461520522
-0.16999999999999993	0.022139394341255413
-0.16000000000000014	0.010747375569649123
-0.15000000000000036	0.0052713713674794405
-0.14000000000000012	0.0032394516359448154
-0.13000000000000034	0.002305221000424899
-0.1200000000000001	0.0018614673752638652
-0.11000000000000032	0.0016275181148219207
-0.10000000000000009	0.001469490553396686
-0.0900000000000003	0.001312927075579142
-0.08000000000000007	0.0011941419443779473
-0.07000000000000028	0.0011336615201541858
-0.06000000000000005	0.0010113416189126484
-0.050000000000000266	0.0008992259516506372
-0.040000000000000036	0.0008626448373319497
-0.03000000000000025	0.0007243813927739747
-0.020000000000000018	0.0005900843273694152
-0.010000000000000231	0.00043841731826254764
0.	0.00016210880362575207
0.009999999999999787	0.005090155777143451
0.020000000000000018	0.01601485569398585
0.029999999999999805	0.025928085081054646
0.040000000000000036	0.02817415005173483
0.04999999999999982	0.03947549565189513
0.06000000000000005	0.04042432956548347
0.06999999999999984	0.03991602253754865
0.08000000000000007	0.038323776011000996
0.08999999999999986	0.03692253613036249
0.10000000000000009	0.03153883144332677
0.10999999999999988	0.028452019516126574
0.11999999999999966	0.026814548484869204
0.1299999999999999	0.023215249788020993
0.13999999999999968	0.018486836841504387
0.1499999999999999	0.0143949258892427
0.1599999999999997	0.01051671195479205
0.16999999999999993	0.007476831481018419
0.17999999999999972	0.005753341963091748
0.18999999999999995	0.004775752200670136
0.19999999999999973	0.004322944149671773
0.20999999999999996	0.004182378167222615
0.21999999999999975	0.004372941670221648
0.22999999999999998	0.0054742734045368485
0.23999999999999977	0.007826150851571236
0.25	0.017212049786538352
0.2599999999999998	0.03622014718428985
0.27	0.05064958241192771
0.2799999999999998	0.05658766885396765
0.29000000000000004	0.05787259213524877
0.2999999999999998	0.05310844904883672
0.31000000000000005	0.043888415503332216
0.31999999999999984	0.03216450472959122
0.33000000000000007	0.024815567989708437
0.33999999999999986	0.02093368228656826
0.3500000000000001	0.018673157710563732
0.3599999999999999	0.019039616734274414
0.36999999999999966	0.020804744850663436
0.3799999999999999	0.024595261383530107
0.3899999999999997	0.03256341687706996
0.3999999999999999	0.048296535036222075
0.4099999999999997	0.07246309696400449
0.41999999999999993	0.10270797392274442
0.4299999999999997	0.12303527861797593
0.43999999999999995	0.1341840527577014
0.44999999999999973	0.15154117004826845
0.45999999999999996	0.16232099581541784
0.46999999999999975	0.15679519316269
0.48	0.13407852047046348
0.48999999999999977	0.10883413325963819
0.5	0.08942389220342659
0.5099999999999998	0.07425987495845213
0.52	0.06877844220843386
0.5299999999999998	0.06818445134313247
0.54	0.07356886684295623
0.5499999999999998	0.0813353419379072
0.56	0.08502991698229678
0.5699999999999998	0.08875641298756914
0.5800000000000001	0.09637247088408335
0.5899999999999999	0.10020544905053305
0.6000000000000001	0.09706657300232685
0.6099999999999999	0.09131113105546187
0.6199999999999997	0.08998880185435298
0.6299999999999999	0.09576157431983467
0.6399999999999997	0.1038887732706274
0.6499999999999999	0.10162803206214022
0.6599999999999997	0.09821860593430992
0.6699999999999999	0.09222604176495047
0.6799999999999997	0.08568782016146541
0.69	0.07960109202240431
0.6999999999999997	0.0729378074483861
0.71	0.057320090943318566
0.7199999999999998	0.04221023042160343
0.73	0.027968797025174793
0.7399999999999998	0.019203301285959554
0.75	0.014024534204950563
0.7599999999999998	0.0112331585482482
0.77	0.009717119404681281
0.7799999999999998	0.009095349716492234
0.79	0.008886282899285143
0.7999999999999998	0.008863572985865991
0.81	0.009437370453510553
0.8199999999999998	0.01044251974063324
0.8300000000000001	0.011562762691621542
0.8399999999999999	0.013317896658917697
0.8500000000000001	0.016686810534539593
0.8599999999999999	0.02119659139291521
0.8700000000000001	0.029182973223174802
0.8799999999999999	0.043285049161487475
0.8899999999999997	0.0671076300474653
0.8999999999999999	0.0954676003736308
0.9099999999999997	0.11880446779145934
0.9199999999999999	0.1339523267466286
0.9299999999999997	0.13048461572197098
0.94	0.11885938810468956
0.9499999999999997	0.10138432288481437
0.96	0.08372582472659372
0.9699999999999998	0.0697596643054668
0.98	0.05549059931714844
0.9899999999999998	0.04453240870220716
1.	0.03854127490151638
1.0099999999999998	0.03422198051896515
1.02	0.03161652578748409
1.0299999999999998	0.03095299748550908
1.04	0.03012173573952433
1.0499999999999998	0.031784378752777474
1.06	0.034535573138528494
1.0699999999999998	0.04149946206907425
1.08	0.05325518766458487
1.0899999999999999	0.07788178547396674
1.1	0.11306056039282934
1.1099999999999999	0.1536208482024758
1.12	0.1754666877269113
1.13	0.1739630846629171
1.1399999999999997	0.15897495396381905
1.15	0.1529931085249627
1.1599999999999997	0.1446382896868364
1.17	0.1369921684221037
1.1799999999999997	0.1371954207503483
1.19	0.1345601057092927
1.1999999999999997	0.133015298531323
1.21	0.121199321886655
1.2199999999999998	0.10848148995125857
1.23	0.0899719892584105
1.2399999999999998	0.0686956915042155
1.25	0.05372372262210174
1.2599999999999998	0.043491032150034165
1.27	0.03586662747604804
1.2799999999999998	0.03162669476342953
1.29	0.02892013116342408
1.2999999999999998	0.02750357898708433
1.31	0.02761223976771206
1.3199999999999998	0.027602004179019868
1.33	0.028766164976480796
1.3399999999999999	0.029978505763683758
1.35	0.032262457484938036
1.3599999999999999	0.03502118425729034
1.37	0.03841973334196429
1.38	0.0429830605540977
1.3899999999999997	0.04854443977466773
1.4	0.056437057798219815
1.4099999999999997	0.06621413011525876
1.42	0.08033343609973215
1.4299999999999997	0.09986249885750434
1.44	0.12539123648927922
1.4499999999999997	0.14981661652185221
1.46	0.16378016736070153
1.4699999999999998	0.15557017663850548
1.48	0.143839838437785
1.4899999999999998	0.13630382572580912
1.5	0.14644520738566447
1.5099999999999998	0.1779684452465733
1.52	0.21679226564048804
1.5299999999999998	0.2539564757221188
1.54	0.2667275397414913
1.5499999999999998	0.2629765176018831
1.56	0.24191447589194454
1.5699999999999998	0.21814480710824938
1.58	0.1961150746846701
1.5899999999999999	0.17634364322816937
1.6	0.1591252927986363
1.6099999999999999	0.14532038339643472
1.62	0.13890657739057333
1.63	0.13633928952101582
1.6399999999999997	0.14807433025837194
1.65	0.17156676424987682
1.6599999999999997	0.20060781135922867
1.67	0.21035198951771125
1.6799999999999997	0.1960331024851795
1.69	0.17341386504878578
1.6999999999999997	0.15400622919745302
1.71	0.1400628927953691
1.7199999999999998	0.1307106223132017
1.73	0.12681617850266166
1.7399999999999998	0.1305951410787568
1.75	0.13246579856176674
1.7599999999999998	0.13028585323284558
1.77	0.12463270255343907
1.7799999999999998	0.11387822733485518
1.79	0.10474315085664848
1.7999999999999998	0.10022352837167842
1.8099999999999996	0.09616917389199903
1.8200000000000003	0.08976374928864365
1.83	0.08269975795345746
1.8399999999999999	0.07309552451264245
1.8499999999999996	0.06351127212833467
1.8600000000000003	0.053861233824077565
1.87	0.04465442901032925
1.88	0.03761526601559655
1.8899999999999997	0.029585474903816085
1.8999999999999995	0.02297571676635686
1.9100000000000001	0.01726669174554222
1.92	0.01333747027855253
1.9299999999999997	0.009770963012088543
1.9399999999999995	0.0069873132783564995
1.9500000000000002	0.00494933248510395
1.96	0.00348375515259569
1.9699999999999998	0.002352657813239199
1.9799999999999995	0.0015433997868047635
1.9900000000000002	0.0007759636064560183
2.	4.203648742846918e-6
2.01	5.01600636094053e-8
2.0199999999999996	1.1810203448050886e-7
2.0300000000000002	4.355059831872019e-7
2.04	1.2350175783668354e-6
2.05	1.3722615813475544e-6
2.0599999999999996	9.522845781114595e-7
2.0700000000000003	3.1805831574246197e-7
2.08	2.9885099765810195e-7
2.09	2.483923239116007e-7
2.0999999999999996	1.5213102054320495e-7
2.1100000000000003	9.644290728265327e-8
2.12	2.8813499401829328e-8
2.13	5.207756097620699e-9
2.1399999999999997	2.0969466472524407e-9
2.1500000000000004	1.7225917130134003e-9
2.16	8.246929726613228e-10
2.17	8.838502629210712e-10
2.1799999999999997	1.0717963663052211e-9
2.1899999999999995	1.5052590190479162e-9
2.2	2.6180182819860944e-9