-1.0  5.7469  2.7902  2.9567  4  4
-0.998  5.7141  2.776  2.938  4  4
-0.996  5.7117  2.7752  2.9366  4  4
-0.9939  5.5077  2.6661  2.8416  4  4
-0.9919  5.5185  2.6586  2.8598  4  4
-0.9899  5.3989  2.6011  2.7978  4  4
-0.9879  5.3006  2.5664  2.7342  4  4
-0.9859  5.1492  2.4881  2.6611  4  4
-0.9838  4.8741  2.3602  2.5139  4  4
-0.9818  3.934  1.9178  2.0162  4  4
-0.9798  3.3373  1.6043  1.7329  2  2
-0.9778  2.9137  1.3438  1.5699  2  2
-0.9758  2.3212  0.969  1.3522  2  2
-0.9737  2.4137  1.2321  1.1816  2  2
-0.9717  4.3024  2.0556  2.2468  4  4
-0.9697  4.4369  2.1608  2.2761  4  4
-0.9677  4.4163  2.1686  2.2477  4  4
-0.9657  4.4215  2.2383  2.1832  4  4
-0.9636  4.5208  2.296  2.2248  4  4
-0.9616  4.6514  2.4002  2.2512  4  4
-0.9596  4.8013  2.5119  2.2895  4  4
-0.9576  5.0479  2.6064  2.4415  4  4
-0.9556  5.2903  2.6737  2.6166  4  4
-0.9535  5.1329  2.4581  2.6748  4  4
-0.9515  5.3802  2.6323  2.7479  5  5
-0.9495  5.57  2.7719  2.7982  5  5
-0.9475  5.6322  2.8034  2.8288  5  5
-0.9455  5.6673  2.8397  2.8275  5  5
-0.9434  5.8011  2.8829  2.9181  5  5
-0.9414  5.8829  2.9477  2.9352  5  5
-0.9394  5.9614  2.9785  2.9829  5  5
-0.9374  5.9199  2.9679  2.9521  5  5
-0.9354  5.9728  2.9909  2.9819  5  5
-0.9333  5.9711  2.9871  2.984  5  5
-0.9313  6.062  3.0467  3.0152  5  5
-0.9293  6.2989  3.1629  3.136  5  5
-0.9273  6.8436  3.4015  3.4421  6  6
-0.9253  6.6487  3.2712  3.3775  5  5
-0.9232  5.7336  2.9396  2.7939  5  5
-0.9212  7.3428  3.643  3.6998  6  6
-0.9192  6.8134  3.374  3.4394  6  6
-0.9172  4.6139  2.2438  2.3701  4  4
-0.9152  4.2125  2.0884  2.1241  4  4
-0.9131  4.2916  2.1117  2.18  4  4
-0.9111  4.3977  2.1842  2.2134  4  4
-0.9091  4.2933  2.1121  2.1812  4  4
-0.9071  4.3866  2.1653  2.2213  4  4
-0.9051  4.4067  2.1655  2.2412  4  4
-0.903  4.2525  2.1011  2.1514  4  4
-0.901  4.2687  2.1034  2.1653  4  4
-0.899  4.2894  2.1161  2.1732  4  4
-0.897  4.2681  2.1054  2.1626  4  4
-0.8949  4.3242  2.1536  2.1706  4  4
-0.8929  4.1951  2.1181  2.077  4  4
-0.8909  4.2737  2.127  2.1467  4  4
-0.8889  6.4486  3.1732  3.2754  6  6
-0.8869  6.9081  3.3894  3.5187  6  6
-0.8848  6.9002  3.3931  3.5071  6  6
-0.8828  6.1178  3.0204  3.0974  5  5
-0.8808  5.8946  2.8936  3.001  5  5
-0.8788  5.8468  2.8931  2.9536  5  5
-0.8768  5.9947  2.9659  3.0288  5  5
-0.8747  5.7801  2.9073  2.8728  5  5
-0.8727  5.9952  2.982  3.0132  5  5
-0.8707  5.9707  3.0  2.9707  5  5
-0.8687  5.7952  2.8893  2.9059  5  5
-0.8667  5.8916  2.9557  2.9359  5  5
-0.8646  5.9331  2.9891  2.9441  5  5
-0.8626  6.0237  3.0179  3.0058  5  5
-0.8606  5.9214  3.0075  2.9139  5  5
-0.8586  7.0978  3.5593  3.5385  6  6
-0.8566  7.5417  3.7929  3.7487  6  6
-0.8545  7.7138  3.887  3.8268  6  6
-0.8525  7.6123  3.8333  3.7791  6  6
-0.8505  5.0348  2.4528  2.582  4  4
-0.8485  4.1015  2.0616  2.0399  4  4
-0.8465  3.6359  1.9297  1.7062  4  4
-0.8444  4.7788  2.5199  2.2589  4  4
-0.8424  6.4214  3.2896  3.1318  6  6
-0.8404  5.2292  2.837  2.3922  4  4
-0.8384  5.6488  2.9992  2.6496  4  4
-0.8364  5.8736  3.0318  2.8418  4  4
-0.8343  5.9883  3.016  2.9723  4  4
-0.8323  5.932  2.9633  2.9687  4  4
-0.8303  5.7807  2.8544  2.9263  4  4
-0.8283  5.3076  2.6139  2.6937  5  5
-0.8263  4.8638  2.4169  2.4469  5  5
-0.8242  4.6388  2.2636  2.3752  4  4
-0.8222  4.6105  2.2744  2.336  4  4
-0.8202  4.4294  2.1639  2.2655  4  4
-0.8182  4.5149  2.2473  2.2676  4  4
-0.8162  4.6059  2.2856  2.3202  4  4
-0.8141  4.6894  2.3376  2.3518  4  4
-0.8121  4.658  2.316  2.3421  4  4
-0.8101  4.737  2.3974  2.3395  4  4
-0.8081  4.7317  2.4001  2.3316  4  4
-0.8061  4.8175  2.434  2.3835  4  4
-0.804  4.4783  2.2319  2.2464  4  4
-0.802  4.8379  2.5329  2.305  4  4
-0.8  5.9165  2.9283  2.9882  6  6
-0.798  6.0979  3.0576  3.0404  6  6
-0.796  7.0603  3.5854  3.4748  7  7
-0.7939  9.1573  4.5974  4.56  8  8
-0.7919  9.4265  4.7142  4.7123  8  8
-0.7899  9.6696  4.8223  4.8473  8  8
-0.7879  9.796  4.8836  4.9124  8  8
-0.7859  9.7355  4.8647  4.8708  8  8
-0.7838  9.6761  4.8289  4.8472  8  8
-0.7818  9.4984  4.7345  4.7639  8  8
-0.7798  8.4436  4.1978  4.2458  7  7
-0.7778  8.4229  4.193  4.2299  7  7
-0.7758  8.4127  4.1716  4.241  7  7
-0.7737  7.7503  3.677  4.0733  6  6
-0.7717  6.9675  3.3821  3.5854  6  6
-0.7697  6.8659  3.4688  3.3971  6  6
-0.7677  4.2717  2.1908  2.0809  4  4
-0.7657  5.4547  2.8562  2.5986  4  4
-0.7636  5.2949  2.7428  2.552  4  4
-0.7616  5.2451  2.6322  2.6129  4  4
-0.7596  6.3661  3.297  3.0691  6  6
-0.7576  6.58  3.3826  3.1975  6  6
-0.7556  6.8916  3.538  3.3536  6  6
-0.7535  7.4447  3.8304  3.6143  6  6
-0.7515  7.9672  4.0738  3.8934  6  6
-0.7495  8.3461  4.2242  4.1219  6  6
-0.7475  8.6305  4.3431  4.2874  6  6
-0.7455  8.7968  4.3961  4.4007  8  8
-0.7434  9.3557  4.7067  4.6491  8  8
-0.7414  9.6004  4.8051  4.7953  8  8
-0.7394  6.1166  3.1031  3.0135  6  6
-0.7374  9.3051  4.5758  4.7292  6  6
-0.7354  8.5457  4.2127  4.3329  6  6
-0.7333  8.1323  3.9983  4.1341  6  6
-0.7313  7.377  3.6313  3.7458  6  6
-0.7293  6.4222  3.0563  3.3659  5  5
-0.7273  5.1906  2.4657  2.7249  5  5
-0.7253  6.6853  3.3374  3.3479  5  5
-0.7232  7.3996  3.6114  3.7882  5  5
-0.7212  7.9944  4.1004  3.894  5  5
-0.7192  6.8472  3.3792  3.468  5  5
-0.7172  6.8658  3.4039  3.4618  5  5
-0.7152  6.7378  3.3437  3.3942  5  5
-0.7131  6.7467  3.3349  3.4117  5  5
-0.7111  6.5378  3.2669  3.2708  5  5
-0.7091  6.5127  3.2478  3.2649  5  5
-0.7071  6.5933  3.3323  3.2611  5  5
-0.7051  6.2397  3.1075  3.1323  5  5
-0.703  8.1023  4.0188  4.0835  6  6
-0.701  8.2454  4.0868  4.1587  6  6
-0.699  8.1446  4.0958  4.0488  6  6
-0.697  8.1399  4.0468  4.0931  6  6
-0.6949  8.1637  4.0343  4.1294  6  6
-0.6929  8.1281  4.0282  4.0999  6  6
-0.6909  8.0791  3.9839  4.0952  6  6
-0.6889  8.01  3.9726  4.0375  6  6
-0.6869  7.9676  3.9309  4.0367  6  6
-0.6848  7.749  3.823  3.9261  6  6
-0.6828  7.6023  3.7536  3.8486  6  6
-0.6808  7.5039  3.7438  3.7601  6  6
-0.6788  7.3114  3.6332  3.6782  6  6
-0.6768  7.1261  3.5673  3.5588  6  6
-0.6747  7.1106  3.613  3.4976  6  6
-0.6727  7.1437  3.6212  3.5225  6  6
-0.6707  7.3311  3.6941  3.637  6  6
-0.6687  7.924  4.0045  3.9195  6  6
-0.6667  8.4078  4.2393  4.1685  7  7
-0.6646  8.3827  4.2585  4.1242  7  7
-0.6626  8.4208  4.2697  4.1511  7  7
-0.6606  8.5535  4.3583  4.1951  7  7
-0.6586  7.886  4.063  3.823  5  5
-0.6566  7.375  3.6717  3.7033  5  5
-0.6545  7.8583  4.26  3.5983  5  5
-0.6525  8.2669  4.518  3.7489  6  6
-0.6505  8.3665  4.3959  3.9706  6  6
-0.6485  8.1772  4.276  3.9013  6  6
-0.6465  6.8016  3.5522  3.2494  5  5
-0.6444  6.8865  3.8296  3.0568  4  4
-0.6424  6.9012  3.5456  3.3555  4  4
-0.6404  6.8721  3.4431  3.429  4  4
-0.6384  6.7612  3.3456  3.4155  4  4
-0.6364  6.6267  3.2697  3.357  4  4
-0.6343  6.0927  2.9108  3.182  4  4
-0.6323  8.3022  4.0847  4.2175  5  5
-0.6303  8.2437  4.0895  4.1542  5  5
-0.6283  8.1959  4.0767  4.1192  5  5
-0.6263  8.0961  3.9864  4.1098  5  5
-0.6242  7.9535  3.9961  3.9574  5  5
-0.6222  8.0317  3.9921  4.0396  5  5
-0.6202  7.9849  3.9819  4.003  5  5
-0.6182  7.8524  3.9118  3.9406  5  5
-0.6162  7.6862  3.8262  3.8601  5  5
-0.6141  7.3303  3.6963  3.634  5  5
-0.6121  5.7229  2.848  2.8748  3  3
-0.6101  5.6272  2.7778  2.8494  3  3
-0.6081  5.3964  2.6454  2.751  3  3
-0.6061  4.9135  2.3184  2.5951  3  3
-0.604  3.8685  1.8073  2.0612  3  3
-0.602  7.493  3.7133  3.7797  5  5
-0.6  7.6108  3.7632  3.8477  5  5
-0.598  7.5816  3.7354  3.8462  5  5
-0.596  7.4253  3.6495  3.7758  5  5
-0.5939  7.3691  3.6447  3.7244  5  5
-0.5919  7.1917  3.5491  3.6426  5  5
-0.5899  7.1445  3.5323  3.6122  5  5
-0.5879  7.0786  3.5096  3.569  5  5
-0.5859  6.9466  3.4173  3.5292  5  5
-0.5838  6.743  3.3304  3.4126  5  5
-0.5818  6.5118  3.2086  3.3032  5  5
-0.5798  6.2954  3.0848  3.2106  5  5
-0.5778  5.9982  2.9309  3.0673  5  5
-0.5758  5.7964  2.8299  2.9664  5  5
-0.5737  5.5895  2.7372  2.8523  5  5
-0.5717  5.609  2.7194  2.8896  4  4
-0.5697  5.1142  2.4795  2.6347  4  4
-0.5677  3.9602  2.4608  1.4994  4  4
-0.5657  5.4751  2.7169  2.7581  3  3
-0.5636  5.2003  2.2572  2.9431  3  3
-0.5616  4.8544  2.0865  2.7679  3  3
-0.5596  4.5227  1.9649  2.5578  3  3
-0.5576  3.9767  1.9227  2.054  3  3
-0.5556  3.9336  1.9672  1.9665  2  2
-0.5535  3.9228  1.965  1.9579  2  2
-0.5515  3.8903  1.9473  1.943  2  2
-0.5495  3.8296  1.9053  1.9243  2  2
-0.5475  3.6901  1.7875  1.9026  2  2
-0.5455  3.3354  1.4772  1.8582  2  2
-0.5434  2.7378  0.9804  1.7574  2  2
-0.5414  2.4819  0.9451  1.5367  2  2
-0.5394  3.5788  1.67  1.9088  3  3
-0.5374  3.4183  1.7566  1.6616  3  3
-0.5354  3.4078  1.9009  1.5069  3  3
-0.5333  3.4806  2.04  1.4406  3  3
-0.5313  3.8275  2.1696  1.6579  3  3
-0.5293  4.1832  2.2547  1.9285  3  3
-0.5273  4.5515  2.4049  2.1466  3  3
-0.5253  4.9099  2.4985  2.4114  3  3
-0.5232  5.1631  2.5677  2.5953  3  3
-0.5212  5.3135  2.6249  2.6886  3  3
-0.5192  5.5346  2.7105  2.824  3  3
-0.5172  5.6715  2.7818  2.8897  4  4
-0.5152  5.1645  2.5287  2.6358  4  4
-0.5131  5.1774  2.5446  2.6328  4  4
-0.5111  5.1966  2.5699  2.6267  4  4
-0.5091  5.0663  2.53  2.5363  4  4
-0.5071  3.8941  1.9658  1.9284  2  2
-0.5051  3.8257  1.9572  1.8686  2  2
-0.503  3.8734  1.9183  1.9551  2  2
-0.501  2.7787  1.5847  1.194  2  2
-0.499  5.1893  2.5522  2.6371  4  4
-0.497  5.3557  2.6082  2.7474  4  4
-0.4949  3.8185  1.8802  1.9383  2  2
-0.4929  5.4758  2.6981  2.7777  4  4
-0.4909  5.4328  2.6999  2.7329  4  4
-0.4889  5.2712  2.7013  2.5699  3  3
-0.4869  5.683  2.7916  2.8913  3  3
-0.4848  5.6863  2.7906  2.8956  3  3
-0.4828  5.658  2.776  2.882  3  3
-0.4808  5.6443  2.7749  2.8693  3  3
-0.4788  5.6347  2.771  2.8637  3  3
-0.4768  5.62  2.7616  2.8585  3  3
-0.4747  5.5659  2.7373  2.8286  3  3
-0.4727  5.5563  2.7329  2.8234  3  3
-0.4707  5.5658  2.7373  2.8285  3  3
-0.4687  5.5148  2.7111  2.8037  3  3
-0.4667  5.5069  2.7055  2.8014  3  3
-0.4646  5.4252  2.6519  2.7733  3  3
-0.4626  5.392  2.6447  2.7473  3  3
-0.4606  5.3405  2.617  2.7235  3  3
-0.4586  5.3094  2.5892  2.7202  3  3
-0.4566  5.2735  2.5812  2.6923  3  3
-0.4545  5.2458  2.5663  2.6795  3  3
-0.4525  5.1892  2.5274  2.6618  3  3
-0.4505  5.053  2.4585  2.5945  3  3
-0.4485  4.9862  2.4598  2.5263  3  3
-0.4465  4.4375  2.1819  2.2556  3  3
-0.4444  3.808  1.9124  1.8955  2  2
-0.4424  3.8649  1.9291  1.9357  2  2
-0.4404  3.6554  1.8218  1.8336  2  2
-0.4384  3.6528  1.826  1.8269  2  2
-0.4364  3.6335  1.8133  1.8202  2  2
-0.4343  3.6005  1.7973  1.8032  2  2
-0.4323  3.582  1.7824  1.7996  2  2
-0.4303  3.5534  1.7702  1.7833  2  2
-0.4283  3.5303  1.7553  1.7751  2  2
-0.4263  3.4834  1.725  1.7584  2  2
-0.4242  3.434  1.7036  1.7304  2  2
-0.4222  3.3907  1.6767  1.714  2  2
-0.4202  3.3556  1.662  1.6936  2  2
-0.4182  3.2298  1.5572  1.6726  2  2
-0.4162  3.3672  1.6601  1.7071  2  2
-0.4141  3.2575  1.5975  1.66  2  2
-0.4121  3.2218  1.5812  1.6406  2  2
-0.4101  3.0836  1.4966  1.587  2  2
-0.4081  3.1009  1.5121  1.5888  2  2
-0.4061  3.0165  1.4614  1.5551  2  2
-0.404  2.9485  1.4234  1.5251  2  2
-0.402  2.9774  1.4379  1.5396  2  2
-0.4  2.8383  1.3656  1.4727  2  2
-0.398  2.8366  1.3424  1.4942  2  2
-0.396  2.6747  1.2569  1.4178  2  2
-0.3939  2.6145  1.2194  1.3951  2  2
-0.3919  2.5402  1.1989  1.3413  2  2
-0.3899  2.4507  1.1329  1.3179  2  2
-0.3879  2.4366  1.1563  1.2802  2  2
-0.3859  2.2743  1.0483  1.226  2  2
-0.3838  2.2956  1.0586  1.2369  2  2
-0.3818  2.0669  0.9158  1.151  2  2
-0.3798  2.043  0.9054  1.1377  2  2
-0.3778  1.9164  0.836  1.0805  2  2
-0.3758  1.7928  0.7582  1.0347  2  2
-0.3737  1.5246  0.6568  0.8678  2  2
-0.3717  0.0  0.0  0.0  0  0
-0.3697  0.0  0.0  0.0  0  0
-0.3677  0.0  0.0  0.0  0  0
-0.3657  0.0  0.0  0.0  0  0
-0.3636  0.0  0.0  0.0  0  0
-0.3616  0.0  0.0  0.0  0  0
-0.3596  0.0  0.0  0.0  0  0
-0.3576  0.0  0.0  0.0  0  0
-0.3556  0.0  0.0  0.0  0  0
-0.3535  0.0  0.0  0.0  0  0
-0.3515  0.0  0.0  0.0  0  0
-0.3495  0.0  0.0  0.0  0  0
-0.3475  0.0  0.0  0.0  0  0
-0.3455  0.0  0.0  0.0  0  0
-0.3434  0.0  0.0  0.0  0  0
-0.3414  0.0  0.0  0.0  0  0
-0.3394  0.0  0.0  0.0  0  0
-0.3374  0.0  0.0  0.0  0  0
-0.3354  0.0  0.0  0.0  0  0
-0.3333  0.0  0.0  0.0  0  0
-0.3313  0.0  0.0  0.0  0  0
-0.3293  0.0  0.0  0.0  0  0
-0.3273  0.0  0.0  0.0  0  0
-0.3253  0.0  0.0  0.0  0  0
-0.3232  0.0  0.0  0.0  0  0
-0.3212  0.0  0.0  0.0  0  0
-0.3192  0.0  0.0  0.0  0  0
-0.3172  0.0  0.0  0.0  0  0
-0.3152  0.0  0.0  0.0  0  0
-0.3131  0.0  0.0  0.0  0  0
-0.3111  0.0  0.0  0.0  0  0
-0.3091  0.0  0.0  0.0  0  0
-0.3071  0.0  0.0  0.0  0  0
-0.3051  0.0  0.0  0.0  0  0
-0.303  0.0  0.0  0.0  0  0
-0.301  0.0  0.0  0.0  0  0
-0.299  0.0  0.0  0.0  0  0
-0.297  0.0  0.0  0.0  0  0
-0.2949  0.0  0.0  0.0  0  0
-0.2929  0.0  0.0  0.0  0  0
-0.2909  0.0  0.0  0.0  0  0
-0.2889  0.0  0.0  0.0  0  0
-0.2869  0.0  0.0  0.0  0  0
-0.2848  0.0  0.0  0.0  0  0
-0.2828  0.0  0.0  0.0  0  0
-0.2808  0.0  0.0  0.0  0  0
-0.2788  0.0  0.0  0.0  0  0
-0.2768  0.0  0.0  0.0  0  0
-0.2747  0.0  0.0  0.0  0  0
-0.2727  0.0  0.0  0.0  0  0
-0.2707  0.0  0.0  0.0  0  0
-0.2687  0.0  0.0  0.0  0  0
-0.2667  0.0  0.0  0.0  0  0
-0.2646  0.0  0.0  0.0  0  0
-0.2626  0.0  0.0  0.0  0  0
-0.2606  0.0  0.0  0.0  0  0
-0.2586  0.0  0.0  0.0  0  0
-0.2566  0.0  0.0  0.0  0  0
-0.2545  0.0  0.0  0.0  0  0
-0.2525  0.0  0.0  0.0  0  0
-0.2505  0.0  0.0  0.0  0  0
-0.2485  0.7116  0.4072  0.3044  1  1
-0.2465  1.4179  0.5201  0.8978  2  2
-0.2444  1.215  0.5186  0.6964  2  2
-0.2424  1.3165  0.6113  0.7052  2  2
-0.2404  1.3279  0.6126  0.7153  2  2
-0.2384  1.3498  0.6753  0.6745  2  2
-0.2364  1.435  0.6742  0.7608  2  2
-0.2343  1.5461  0.7473  0.7988  2  2
-0.2323  1.4617  0.6904  0.7713  2  2
-0.2303  1.5698  0.7534  0.8164  2  2
-0.2283  1.5917  0.7393  0.8524  2  2
-0.2263  1.6467  0.8065  0.8402  2  2
-0.2242  1.5773  0.7179  0.8594  2  2
-0.2222  1.7629  0.8553  0.9076  2  2
-0.2202  1.6755  0.8341  0.8413  2  2
-0.2182  1.6534  0.8176  0.8358  2  2
-0.2162  1.6671  0.8346  0.8324  2  2
-0.2141  1.6214  0.791  0.8304  2  2
-0.2121  1.6713  0.8085  0.8628  2  2
-0.2101  1.4737  0.7486  0.7251  2  2
-0.2081  1.5916  0.825  0.7666  2  2
-0.2061  1.529  0.7386  0.7904  2  2
-0.204  1.6266  0.8481  0.7786  2  2
-0.202  1.5285  0.7546  0.7738  2  2
-0.2  1.6143  0.8542  0.7602  2  2
-0.198  1.621  0.8991  0.7219  2  2
-0.196  1.8304  0.9392  0.8912  2  2
-0.1939  1.464  0.8249  0.6391  2  2
-0.1919  3.1831  1.7861  1.397  3  3
-0.1899  3.5263  1.9672  1.5591  3  3
-0.1879  3.6822  1.9977  1.6845  3  3
-0.1859  3.9186  2.1592  1.7594  3  3
-0.1838  4.0698  2.2311  1.8387  3  3
-0.1818  4.3819  2.3839  1.998  3  3
-0.1798  4.7069  2.4921  2.2148  3  3
-0.1778  5.0485  2.6073  2.4412  3  3
-0.1758  5.2562  2.6693  2.587  4  4
-0.1737  5.4036  2.7348  2.6688  4  4
-0.1717  5.3009  2.6849  2.6159  4  4
-0.1697  5.317  2.6914  2.6256  4  4
-0.1677  5.4795  2.7711  2.7084  4  4
-0.1657  5.3396  2.6875  2.6521  4  4
-0.1636  5.3053  2.6652  2.6401  4  4
-0.1616  5.382  2.6837  2.6983  4  4
-0.1596  5.3075  2.6887  2.6188  4  4
-0.1576  5.6025  2.8166  2.7859  4  4
-0.1556  5.1246  2.7658  2.3588  4  4
-0.1535  5.4895  2.7412  2.7482  4  4
-0.1515  5.5286  2.7662  2.7624  4  4
-0.1495  5.4523  2.7382  2.7141  4  4
-0.1475  6.1548  3.4723  2.6825  4  4
-0.1455  5.4852  2.7336  2.7516  4  4
-0.1434  5.5745  2.7753  2.7992  4  4
-0.1414  5.6228  2.7996  2.8232  4  4
-0.1394  5.6222  2.7935  2.8287  4  4
-0.1374  5.599  2.7891  2.8099  4  4
-0.1354  5.6178  2.8219  2.7959  4  4
-0.1333  5.4016  2.7081  2.6935  4  4
-0.1313  3.8451  1.9128  1.9322  2  2
-0.1293  3.1643  1.448  1.7163  2  2
-0.1273  2.3737  1.166  1.2077  2  2
-0.1253  4.538  2.346  2.192  4  4
-0.1232  5.3446  2.6392  2.7054  4  4
-0.1212  5.4769  2.7069  2.77  4  4
-0.1192  5.4765  2.705  2.7715  4  4
-0.1172  5.4852  2.6983  2.7869  4  4
-0.1152  5.6235  2.7712  2.8523  4  4
-0.1131  5.5297  2.7385  2.7912  4  4
-0.1111  5.4671  2.7223  2.7448  4  4
-0.1091  5.4526  2.7008  2.7518  4  4
-0.1071  5.5706  2.7896  2.781  4  4
-0.1051  5.4465  2.7155  2.731  4  4
-0.103  5.2194  2.6052  2.6143  4  4
-0.101  4.2025  1.9721  2.2305  3  3
-0.099  3.9912  1.9565  2.0347  3  3
-0.097  3.88  1.8972  1.9828  3  3
-0.0949  3.8604  1.9252  1.9352  3  3
-0.0929  3.6822  1.8182  1.864  3  3
-0.0909  3.7202  1.9075  1.8127  3  3
-0.0889  3.9251  1.9797  1.9454  2  2
-0.0869  5.6895  2.8215  2.868  3  3
-0.0848  5.6209  2.8016  2.8194  3  3
-0.0828  5.5044  2.7475  2.7569  3  3
-0.0808  5.4624  2.7412  2.7212  3  3
-0.0788  5.417  2.7179  2.6991  3  3
-0.0768  5.3502  2.688  2.6622  3  3
-0.0747  5.3493  2.6914  2.6579  3  3
-0.0727  5.3098  2.6741  2.6357  3  3
-0.0707  5.3332  2.6828  2.6505  3  3
-0.0687  5.2456  2.6411  2.6045  3  3
-0.0667  5.2716  2.6442  2.6274  3  3
-0.0646  5.1365  2.5834  2.5531  3  3
-0.0626  5.2287  2.6324  2.5963  3  3
-0.0606  5.1209  2.5726  2.5483  3  3
-0.0586  5.0899  2.5598  2.5301  3  3
-0.0566  5.1221  2.5734  2.5487  3  3
-0.0545  5.0586  2.5327  2.5259  3  3
-0.0525  5.021  2.5211  2.4998  3  3
-0.0505  5.0116  2.5094  2.5023  3  3
-0.0485  4.9604  2.4717  2.4887  3  3
-0.0465  4.8383  2.4059  2.4324  3  3
-0.0444  4.8876  2.441  2.4466  3  3
-0.0424  4.7439  2.3351  2.4088  3  3
-0.0404  4.6424  2.2737  2.3686  3  3
-0.0384  4.5172  2.1959  2.3213  3  3
-0.0364  4.2713  1.9832  2.2881  3  3
-0.0343  3.9187  1.7121  2.2067  3  3
-0.0323  3.519  1.4681  2.0509  3  3
-0.0303  4.3563  2.5331  1.8232  3  3
-0.0283  4.3178  2.7819  1.5359  3  3
-0.0263  5.2101  2.7541  2.456  3  3
-0.0242  5.5131  2.7281  2.785  3  3
-0.0222  5.3458  2.6517  2.6941  3  3
-0.0202  5.2936  2.6428  2.6508  3  3
-0.0182  5.2537  2.6297  2.624  3  3
-0.0162  5.1672  2.582  2.5851  3  3
-0.0141  5.1348  2.573  2.5618  3  3
-0.0121  5.1383  2.5741  2.5642  4  4
-0.0101  5.0388  2.5387  2.5001  4  4
-0.0081  5.0918  2.5501  2.5416  5  5
-0.0061  5.9447  2.9568  2.9879  5  5
-0.004  5.7152  2.8082  2.907  5  5
-0.002  3.7923  1.871  1.9213  3  3
