-0.5	33.78407825827225
-0.49	33.97390424243166
-0.48	34.081597143561595
-0.47	34.11176797094998
-0.46	34.053072872423506
-0.45	33.7671722858465
-0.44	32.8715158944729
-0.43	33.65891550946377
-0.42	34.01595173430606
-0.41000000000000003	34.21909146256371
-0.4	34.30892145745933
-0.39	34.32955333661434
-0.38	34.165689293559446
-0.37	33.41851634878266
-0.36	33.466383444367
-0.35	33.8946688605006
-0.33999999999999997	34.15000133839599
-0.32999999999999996	34.30661308203646
-0.32	34.31565181129736
-0.31	34.11994071872302
-0.3	32.70055040685042
-0.29000000000000004	33.339571581091455
-0.28	33.70425408475203
-0.27	33.94204995283523
-0.26	34.02384749518006
-0.25	33.88593808518136
-0.24	32.95137894977254
-0.22999999999999998	32.65352321299478
-0.21999999999999997	33.000007104352164
-0.21000000000000002	33.19109172345462
-0.2	33.231784465600526
-0.19	32.88464997759097
-0.18	31.288795657450176
-0.16999999999999998	31.700252804689963
-0.15999999999999998	31.86885248021459
-0.14999999999999997	31.839994520764215
-0.14	31.246462502704514
-0.13	29.653793389028323
-0.12	29.73593084227957
-0.10999999999999999	29.560025613387744
-0.09999999999999998	28.914673060405352
-0.08999999999999997	26.65489682312759
-0.08000000000000002	26.465253081420578
-0.07	25.650002311191788
-0.06	21.741258648767417
-0.04999999999999999	21.37815645258282
-0.03999999999999998	19.29085936886396
-0.02999999999999997	13.958456858436644
-0.020000000000000018	10.363843873497661
-0.010000000000000009	7.022733785010339
0.	16.80288927295648
0.010000000000000009	28.405909338992252
0.020000000000000018	27.781293475057975
0.030000000000000027	15.60405907374344
0.040000000000000036	11.782535976194877
0.050000000000000044	5.728288062921709
0.06000000000000005	5.851508048239398
0.07000000000000006	7.303566898167881
0.07999999999999996	11.926458127244462
0.08999999999999997	13.34278173239882
0.09999999999999998	12.326293502830996
0.10999999999999999	16.980325038246658
0.12	20.193920318742038
0.13	20.40193172519233
0.14	18.202023800218708
0.15000000000000002	21.56870951429262
0.16000000000000003	23.910322974296875
0.17000000000000004	25.17577060293074
0.18000000000000005	23.975817128882653
0.19000000000000006	22.919849329742508
0.20000000000000007	25.184726662995764
0.20999999999999996	26.904779424441855
0.21999999999999997	27.85167067645525
0.22999999999999998	27.786827280617903
0.24	24.263499297153057
0.25	26.552716183136123
0.26	28.073794216915964
0.27	29.11446489622147
0.28	29.708025769223656
0.29000000000000004	29.536889220275334
0.30000000000000004	25.828100123979443
0.31000000000000005	27.926483963566202
0.32000000000000006	29.138701181117852
0.33000000000000007	30.00954217611781
0.33999999999999997	30.63560644033146
0.35	30.78225288766885
0.36	30.3732948811383
0.37	27.90046049233928
0.38	29.205570744741564
0.39	30.093428429776488
0.4	30.688890782881295
0.41000000000000003	31.19947782994736
0.42000000000000004	31.333791628727596
0.43000000000000005	31.14104452707359
0.44000000000000006	29.86687477727011
0.45000000000000007	29.400610648611007
0.45999999999999996	30.208214890941896
0.47	30.797888202356837
0.48	31.247086309590284
0.49	31.493920371368308
0.5	31.53495183046798