-0.5	36.630360420097944
-0.49	36.796234304849385
-0.48	36.87383879868494
-0.47	36.88837224174241
-0.46	36.803171841853356
-0.45	36.445172422982516
-0.44	35.775286040538376
-0.43	36.976746071858216
-0.42	37.32519960576477
-0.41000000000000003	37.501964454785124
-0.4	37.57422807645843
-0.39	37.5568528447078
-0.38	37.372627080694706
-0.37	36.259423705688775
-0.36	37.24574686608991
-0.35	37.81759078882
-0.33999999999999997	38.060737135045706
-0.32999999999999996	38.1670151814935
-0.32	38.15662748379951
-0.31	37.912132017035326
-0.3	35.536291294224796
-0.29000000000000004	37.84731877234328
-0.28	38.3816301058102
-0.27	38.61325252558838
-0.26	38.672004016717445
-0.25	38.49995031084887
-0.24	37.093056731248126
-0.22999999999999998	37.97983303408342
-0.21999999999999997	38.649965367225505
-0.21000000000000002	38.921109302065545
-0.2	38.94481859288736
-0.19	38.48660223631557
-0.18	37.020412861229566
-0.16999999999999998	38.478761068012055
-0.15999999999999998	38.93301959689533
-0.14999999999999997	38.956308977146676
-0.14	38.18381570797223
-0.13	37.144314311450344
-0.12	38.31871845847717
-0.10999999999999999	38.55051894422152
-0.09999999999999998	37.89445193943945
-0.08999999999999997	35.87596981286142
-0.08000000000000002	37.24585927754947
-0.07	37.2036893458904
-0.06	31.337210320598835
-0.04999999999999999	34.97304719330715
-0.03999999999999998	34.35841657708574
-0.02999999999999997	30.107659936685405
-0.020000000000000018	29.495360591938695
-0.010000000000000009	23.00369059907795
0.	16.227763001503703
0.010000000000000009	27.41400187383025
0.020000000000000018	24.993734338554276
0.030000000000000027	16.706253645895856
0.040000000000000036	9.70573638229327
0.050000000000000044	23.960394243449876
0.06000000000000005	26.575679238884412
0.07000000000000006	16.16683373845709
0.07999999999999996	30.777107020323978
0.08999999999999997	32.78291545718449
0.09999999999999998	18.384406438817983
0.10999999999999999	30.37646523028256
0.12	34.789303928915515
0.13	35.085055763628034
0.14	25.451594935733645
0.15000000000000002	31.12231973778567
0.16000000000000003	35.534358404342065
0.17000000000000004	36.453141895713834
0.18000000000000005	35.770976764217274
0.19000000000000006	28.347463025803055
0.20000000000000007	33.345539426257204
0.20999999999999996	36.20406195786048
0.21999999999999997	36.906871034150626
0.22999999999999998	36.699475326009406
0.24	33.38853102873891
0.25	31.508614833692228
0.26	35.29416829970197
0.27	36.619414760750615
0.28	36.95796144084888
0.29000000000000004	36.759766074176234
0.30000000000000004	34.77394694876748
0.31000000000000005	32.11555013141407
0.32000000000000006	34.838120688319776
0.33000000000000007	36.27420353496493
0.33999999999999997	36.69419683340279
0.35	36.73201963732944
0.36	36.389883758513854
0.37	34.26222497902809
0.38	33.08371838546792
0.39	34.950992952843954
0.4	35.95625519890388
0.41000000000000003	36.30561432281809
0.42000000000000004	36.35757113148663
0.43000000000000005	36.15444411694574
0.44000000000000006	35.345996821261664
0.45000000000000007	33.4047434103652
0.45999999999999996	33.982932030656535
0.47	35.11755159246656
0.48	35.63987674005103
0.49	35.80372392255149
0.5	35.80259058861749