-0.5	37.504583181684026
-0.49	37.61190103638023
-0.48	37.65136020108774
-0.47	37.64468796639661
-0.46	37.551118932864114
-0.45	37.160508167542545
-0.44	37.0665033168823
-0.43	38.09516826029462
-0.42	38.33293121705699
-0.41000000000000003	38.441874744651095
-0.4	38.477895383580005
-0.39	38.449612156809735
-0.38	38.2399495804944
-0.37	36.93618609800037
-0.36	38.60431393496503
-0.35	39.02922764612595
-0.33999999999999997	39.188111098589665
-0.32999999999999996	39.25649950255826
-0.32	39.21952729762916
-0.31	38.93959371253664
-0.3	35.886114771704605
-0.29000000000000004	39.387943424129745
-0.28	39.79343190705577
-0.27	39.94971522311112
-0.26	39.94506391022337
-0.25	39.74949790460791
-0.24	37.96621197261176
-0.22999999999999998	39.81612634984826
-0.21999999999999997	40.361631332552335
-0.21000000000000002	40.53407297412649
-0.2	40.517583295849356
-0.19	39.995637016306844
-0.18	39.07809179880643
-0.16999999999999998	40.61376212791081
-0.15999999999999998	40.93967761258186
-0.14999999999999997	40.93336119907882
-0.14	40.08674856116741
-0.13	39.7053848183297
-0.12	40.91150565172427
-0.10999999999999999	41.085455314943914
-0.09999999999999998	40.407115575449126
-0.08999999999999997	38.90952212415168
-0.08000000000000002	40.59639971704026
-0.07	40.54204244683886
-0.06	32.068333468453204
-0.04999999999999999	39.29269014652159
-0.03999999999999998	38.803695933170594
-0.02999999999999997	34.77989241923576
-0.020000000000000018	35.38229737472526
-0.010000000000000009	29.15316578940159
0.	19.40739708746584
0.010000000000000009	15.625558855463623
0.020000000000000018	14.61881825095492
0.030000000000000027	30.35859630314419
0.040000000000000036	19.448230563608284
0.050000000000000044	35.34531779132509
0.06000000000000005	30.973871727771428
0.07000000000000006	32.870585556349994
0.07999999999999996	38.089663726588164
0.08999999999999997	37.673873389965735
0.09999999999999998	26.600070023728335
0.10999999999999999	38.14769954106429
0.12	39.32665769336464
0.13	38.73760661979166
0.14	27.509384115849976
0.15000000000000002	38.05045389533181
0.16000000000000003	39.43711752769371
0.17000000000000004	39.555752340604535
0.18000000000000005	38.49979323774832
0.19000000000000006	32.698612863712064
0.20000000000000007	38.31789346600761
0.20999999999999996	39.2745805984985
0.21999999999999997	39.41764435093812
0.22999999999999998	39.07265377985706
0.24	33.49434438454655
0.25	36.5526932899415
0.26	38.55229930126935
0.27	38.958555780860564
0.28	39.008434769542504
0.29000000000000004	38.733163959638354
0.30000000000000004	35.885283575309465
0.31000000000000005	35.668275712834706
0.32000000000000006	37.8042402027459
0.33000000000000007	38.33710399925108
0.33999999999999997	38.45600687645156
0.35	38.39543487167724
0.36	38.04000138342101
0.37	35.05546122048641
0.38	35.94570465886093
0.39	37.31780316118744
0.4	37.702524018781524
0.41000000000000003	37.803849717906004
0.42000000000000004	37.75399951054978
0.43000000000000005	37.56882776324237
0.44000000000000006	36.76412431392778
0.45000000000000007	34.8241348850832
0.45999999999999996	36.21825081835284
0.47	36.82623015554645
0.48	37.02582714082328
0.49	37.06504845593947
0.5	37.00393038388776