0.	4.7564298707156324e-7
0.01	6.010602404003258e-7
0.02	1.566628174694284e-6
0.03	3.4197412320926715e-6
0.04	6.663692407080384e-6
0.05	0.000010706224482176429
0.06	0.000015740109535664676
0.07	0.000022689359689586803
0.08	0.000029197145461396294
0.09	0.00004222806202251457
0.1	0.00005234712591211781
0.11	0.00006513895942301326
0.12	0.00008609819203493852
0.13	0.00011166389494013543
0.14	0.0001439295330758895
0.15	0.00019385958546719434
0.16	0.0002390037683420403
0.17	0.000314072342163571
0.18	0.0004553838856430573
0.19	0.0006163855302427409
0.2	0.0008815676478309746
0.21	0.0014409800801866806
0.22	0.0025063091467555287
0.23	0.007652015038477358
0.24	0.23237834284241274
0.25	0.571192623863821
0.26	0.7032520226278841
0.27	0.7655842370446273
0.28	0.8035468307084123
0.29	0.8301595687251611
0.3	0.8390152337203414
0.31	0.849075958223976
0.32	0.8644923441146536
0.33	0.8712968122852736
0.34	0.8779758105147513
0.35000000000000003	0.8796584439694564
0.36	0.8795052447029075
0.37	0.8885249167196112
0.38	0.8856535637576755
0.39	0.8873104274209513
0.4	0.87774418681297
0.41000000000000003	0.8225257240480257
0.42	1.0064031849406692
0.43	0.8717234202423352
0.44	1.0466961752258759
0.45	1.226500899515067
0.46	1.3441354540840085
0.47000000000000003	1.4131276873986454
0.48	1.4641288867600275
0.49	1.5088828874314426
0.5	1.5516371691469735
0.51	1.581116236438679
0.52	1.6029744818470646
0.53	1.6164546643587292
0.54	1.6293438221917604
0.55	1.643951413621568
0.56	1.6598799314323214
0.5700000000000001	1.6730346832488632
0.58	1.6816778579942984
0.59	1.681220357283813
0.6	1.6911854087519547
0.61	1.7065668692118965
0.62	1.7037101457834305
0.63	1.7092139217833258
0.64	1.7217273300726137
0.65	1.7213131338419327
0.66	1.7369362123986334
0.67	1.732177827994205
0.68	1.7294232103430083
0.6900000000000001	1.7389116902255288
0.7000000000000001	1.7372090121142734
0.71	1.7417583253978794
0.72	1.7386196615597027
0.73	1.753231008794771
0.74	1.7608904230099403
0.75	1.7512587643284783
0.76	1.7519398401004282
0.77	1.7534331027717407
0.78	1.7625551103221861
0.79	1.7610917623757878
0.8	1.7695128664592843
0.81	1.7703307647624904
0.8200000000000001	1.7729651365325922
0.8300000000000001	1.7657227577134558
0.84	1.7413732320331665
0.85	1.0787337771365069
0.86	1.1135453730090252
0.87	1.4232731918803896
0.88	1.7159246472848
0.89	1.9165905139623278
0.9	2.0140432950148366
0.91	2.1042233508514667
0.92	2.201388977450899
0.93	2.2446918806930785
0.9400000000000001	2.3095150383082834
0.9500000000000001	2.3496968361586013
0.96	2.397332246450357
0.97	2.4190461302951873
0.98	2.470966148402543
0.99	2.509138028295275
1.	2.548630576055415
1.01	2.5249355347360924
1.02	2.269911656254584
1.03	1.072306670844454
1.04	0.334749493190357
1.05	0.8357368558297754
1.06	1.4134103462245462
1.07	1.712125023068935
1.08	1.8761375389018033
1.09	1.9687508986878035
1.1	2.037392373171572
1.11	2.078256429139717
1.12	2.1257196836043994
1.1300000000000001	2.1484978568244686
1.1400000000000001	2.178706744700968
1.1500000000000001	2.1892025612046426
1.16	2.2191610800752186
1.17	2.223593083517207
1.18	2.2343373161209517
1.19	2.2486801152889804
1.2	2.2569571468901715
1.21	2.2610248007562723
1.22	2.272282419785539
1.23	2.2799055907965515
1.24	2.274826511512336
1.25	2.2787281717336465
1.26	2.26503783104363
1.27	2.228159386636623
1.28	2.265667899820101
1.29	2.2654702774618447
1.3	2.277698526994024
1.31	2.2668140973866473
1.32	2.261599509190534
1.33	2.2897699569887906
1.34	2.2621813445375545
1.35	2.273246239712207
1.36	2.276258189159745
1.37	2.2733103222720112
1.3800000000000001	2.2610085951897503
1.3900000000000001	2.2507489937203022
1.4000000000000001	2.25000467228206
1.41	2.2454605997433332
1.42	2.230847044981182
1.43	2.2280670649153698
1.44	2.2321973211524435
1.45	2.0954400802356172
1.46	2.162179822924615
1.47	2.1959368766920724
1.48	2.1920361206348478
1.49	2.1853922368702374
1.5	2.1789893055893517
1.51	2.1667001650282196
1.52	2.1666126197922813
1.53	2.147790279025963
1.54	2.1344001593453337
1.55	2.1177636516889415
1.56	1.955737456886029
1.57	2.0496132480246687
1.58	2.020051792841276
1.59	2.012223822643203
1.6	1.98815781088665
1.61	1.9701718215615704
1.62	1.9473972956136267
1.6300000000000001	1.9401543828013526
1.6400000000000001	1.9056998423824139
1.6500000000000001	1.8627244728894947
1.6600000000000001	1.8032860228198888
1.67	1.75344483034337
1.68	1.7206722397103436
1.69	1.678475212130832
1.7	1.5482587789642814
1.71	1.502905334400758
1.72	1.3690016933929923
1.73	1.226237800342709
1.74	1.0428827556881524
1.75	0.8969748611681796
1.76	1.2691723519734273
1.77	5.19246700836764
1.78	1.5845864276958137
1.79	1.362017167866065
1.8	1.5198136545956058
1.81	1.5761665735417383
1.82	1.6073514801652073
1.83	1.6198645478075504
1.84	1.630244076484676
1.85	1.6411227271517455
1.86	1.6464696075297551
1.87	1.6417288782175614
1.8800000000000001	1.656031424656048
1.8900000000000001	1.647784301594228
1.9000000000000001	1.631042202344456
1.9100000000000001	1.5691183341747978
1.92	1.6364911787322984
1.93	1.6399725222876622
1.94	1.6398435484094729
1.95	1.6479492246234444
1.96	1.6385023825602996
1.97	1.6411102921368808
1.98	1.6405947681328985
1.99	1.6373596094934253
2.	1.6330257660770826
2.0100000000000002	1.6300585586909024
2.02	1.6239852769080776
2.0300000000000002	1.6277825943538176
2.04	1.6248708939245753
2.05	1.617902600605969
2.06	1.616883836090295
2.07	1.6095580733675692
2.08	1.6087090717314432
2.09	1.5966162986442245
2.1	1.5768710770133472
2.11	1.5286368398779064
2.12	1.5734810617448618
2.13	1.5712877390422204
2.14	1.5595832485290995
2.15	1.547476395428137
2.16	1.5513581933336904
2.17	1.5415889301653365
2.18	1.5227783447408463
2.19	1.5263801536816821
2.2	1.5016074114588955
2.21	1.500690617411036
2.22	1.4821233336935555
2.23	1.484281480910296
2.24	1.4723953211862937
2.25	1.4548357201892734
2.2600000000000002	1.438934720484574
2.27	1.4151668954449546
2.2800000000000002	1.4004711777560293
2.29	1.3801008222806632
2.3000000000000003	1.3593653249896855
2.31	1.3336982574004232
2.32	1.3047620089582235
2.33	1.2582514933843558
2.34	1.2193642092488695
2.35	1.1816937831760297
2.36	1.1154023452454889
2.37	1.0499576983327605
2.38	0.9600264714075668
2.39	0.8511910895222984
2.4	0.7112538662774212
2.41	0.6818860594823968
2.42	3.340526123543833
2.43	0.8051239089341933
2.44	0.7053066474306233
2.45	0.7831609765300777
2.46	0.8079515547075663
2.47	0.8135081068796629
2.48	0.820508075156929
2.49	0.824634816176413
2.5	0.8220718545853524
2.5100000000000002	0.8189922027547477
2.52	0.812382680625753
2.5300000000000002	0.8186130711393812
2.54	0.8159581253044769
2.5500000000000003	0.8099481981928948
2.56	0.8168862661001667
2.57	0.8080523210403169
2.58	0.8077185091431588
2.59	0.8053513779883392
2.6	0.7967244167830233
2.61	0.7947626153558558
2.62	0.7871324563614112
2.63	0.7892856263829444
2.64	0.7820465406801625
2.65	0.7727812111965107
2.66	0.7777684458112287
2.67	0.7619937502010197
2.68	0.7540422567660063
2.69	0.7382145922253274
2.7	0.735141096994052
2.71	0.7258954450909191
2.72	0.7126008597223271
2.73	0.6969851214475936
2.74	0.6914806007905892
2.75	0.6628802755342952
2.7600000000000002	0.6456277664916991
2.77	0.6174884742815606
2.7800000000000002	0.589928602684753
2.79	0.561771489995059
2.8000000000000003	0.5358747191495761
2.81	0.49758393984444294
2.82	0.42237876584263667
2.83	0.359891969569428
2.84	0.27776979748369196
2.85	0.7903253577681782
2.86	0.7743370806450944
2.87	0.005093781624766608
2.88	0.0015628525564701397
2.89	0.0009479086219406586
2.9	0.0006632001475372473
2.91	0.00043080708767074437
2.92	0.000382553913270117
2.93	0.00022776192035024056
2.94	0.0001959076291157872
2.95	0.00014738208553465585
2.96	0.00012348727867719583
2.97	0.00010519248987568536
2.98	0.00010502460976075067
2.99	0.00007419476479086448
3.	0.00007930979001015748