0.	4.502209129461799
0.01	4.01873603579771
0.02	3.6367141136031624
0.03	3.2478246733779716
0.04	2.991169068688135
0.05	2.805775885285945
0.06	2.452689362532077
0.07	2.4702917125074704
0.08	4.891680357594767
0.09	3.4561741101527104
0.1	2.742014259541103
0.11	2.9719289223158785
0.12	3.1749414125794706
0.13	3.458693672363432
0.14	3.577424480881385
0.15	3.7260851513141446
0.16	3.7005632103745003
0.17	3.8864703102741998
0.18	3.9048217830709966
0.19	3.802040151100018
0.2	3.6889378669589012
0.21	3.622764390063758
0.22	3.5523981188193643
0.23	3.48830421856227
0.24	3.4455477399128682
0.25	3.2318156673408738
0.26	3.068468267249452
0.27	2.962706039799822
0.28	2.868140699491493
0.29	2.4027217290775527
0.3	2.112615330278391
0.31	2.0342917188679213
0.32	2.80334034956514
0.33	2.2863436506373036
0.34	2.430575876826809
0.35000000000000003	2.7189256878397496
0.36	2.813136217093674
0.37	2.869554221819185
0.38	3.0750563462584943
0.39	3.3723835313670847
0.4	3.3907020426913794
0.41000000000000003	3.4457520263762236
0.42	3.640688112596854
0.43	3.6820022227688467
0.44	3.660939308576476
0.45	3.6768940141853563
0.46	3.6409333520060447
0.47000000000000003	3.738899828898586
0.48	3.8373403356039435
0.49	3.6814418622789002
0.5	3.738136838665888
0.51	3.7099674785194767
0.52	3.7322717691559597
0.53	3.636157063070991
0.54	3.5783093374190154
0.55	3.5698627708208677
0.56	3.5700176885871096
0.5700000000000001	3.506128309131161
0.58	3.4337325337582554
0.59	3.3782914440071634
0.6	3.2781979550020024
0.61	3.308320013652572
0.62	3.159230322279045
0.63	3.02660301462656
0.64	2.818411386826371
0.65	2.74497041717369
0.66	2.5307950666453354
0.67	2.4286542974176384
0.68	1.9676397513812762
0.6900000000000001	2.5183019750440407
0.7000000000000001	2.1790239463865246
0.71	2.1129328058756545
0.72	2.3636490032548108
0.73	2.2244304334164964
0.74	2.2413031637332543
0.75	2.6246045598374717
0.76	2.8124938942194997
0.77	3.030418581900211
0.78	2.9246771203259168
0.79	2.7878098897457404
0.8	3.0245741229806664
0.81	3.156428011418805
0.8200000000000001	3.2035879757313825
0.8300000000000001	3.246885872786018
0.84	3.260177593347199
0.85	3.282984220198176
0.86	3.287695170490172
0.87	3.4280874297044885
0.88	3.355506557431995
0.89	3.2461035560396825
0.9	3.2472550901260897
0.91	3.287761030219418
0.92	3.3368653512295303
0.93	3.3513952087026735
0.9400000000000001	3.385663740960247
0.9500000000000001	3.3534216488417092
0.96	3.375864851958368
0.97	3.3890457506916443
0.98	3.3491267185557376
0.99	3.375493952440886
1.	3.306024325087001
1.01	3.160324471997517
1.02	3.165970597792047
1.03	3.1819458490816124
1.04	3.1955932336638844
1.05	3.158793856424167
1.06	3.0810995142924686
1.07	3.010503652945011
1.08	2.919806465722492
1.09	2.963128920059209
1.1	2.926409172591961
1.11	2.876510230970637
1.12	2.6559962046397243
1.1300000000000001	2.3745601111685435
1.1400000000000001	2.259319271453058
1.1500000000000001	2.1438943675258653
1.16	1.7421621252908643
1.17	1.7114822254269457
1.18	1.6520537660191243
1.19	1.6302331476663856
1.2	1.8692214076230071
1.21	2.1949269462193066
1.22	2.2929080042297065
1.23	2.1369547848123434
1.24	2.120078378533398
1.25	2.1941909375883606
1.26	2.506746216357724
1.27	2.5068685053280064
1.28	2.6561553491958083
1.29	2.6189704438299786
1.3	2.5120047850485125
1.31	2.591539016602529
1.32	2.738683561975032
1.33	2.8562085882173207
1.34	2.842471306892382
1.35	2.7047117688979996
1.36	2.8050133747068893
1.37	2.830161021236048
1.3800000000000001	2.8511984491481637
1.3900000000000001	2.901046306022241
1.4000000000000001	2.916993147796656
1.41	2.8648991413444747
1.42	2.8138306924355008
1.43	2.8314394558640186
1.44	2.9170898194536594
1.45	2.9770855321493825
1.46	2.905415551550133
1.47	2.817397366615177
1.48	2.8184552109473056
1.49	2.8582539215770892
1.5	2.8765636689015968
1.51	2.919592821693097
1.52	2.91407121416954
1.53	2.866728944260885
1.54	2.7198766235241587
1.55	2.7628627735562814
1.56	2.8268613769675324
1.57	2.862646896729089
1.58	2.8123324381359387
1.59	2.6513320655369434
1.6	2.6120799095977185
1.61	2.6652844640460245
1.62	2.5993128982241136
1.6300000000000001	2.6160665050222014
1.6400000000000001	2.5584033268713333
1.6500000000000001	2.527227856202416
1.6600000000000001	2.3343236647211043
1.67	2.1651903105994235
1.68	2.0456070795823673
1.69	2.0090845295016004
1.7	1.8617546831710179
1.71	1.4277932682671721
1.72	1.4826979028187866
1.73	1.5034934040424204
1.74	1.422664263094926
1.75	1.5530260977373271
1.76	1.7032122267050072
1.77	1.9290217002174659
1.78	1.7599765918304293
1.79	1.6016086470929454
1.8	1.7595994037037008
1.81	1.9948627292038397
1.82	2.0953487007282314
1.83	2.008913992937197
1.84	2.089171120344766
1.85	2.184648592503437
1.86	2.2140513946677185
1.87	2.1354207241154746
1.8800000000000001	2.2055041995400435
1.8900000000000001	2.2715015835814567
1.9000000000000001	2.1743740541680663
1.9100000000000001	2.2118928163539278
1.92	2.26037340800799
1.93	2.3462603900403294
1.94	2.3733637419644436
1.95	2.3561151022541456
1.96	2.377139874090357
1.97	2.436761318063284
1.98	2.4022985430134005
1.99	2.3555461974229073
2.	2.339252003187713
2.0100000000000002	2.3596879542596434
2.02	2.284290194577158
2.0300000000000002	2.32871807568662
2.04	2.4107935949531365
2.05	2.481760434583469
2.06	2.457765874560461
2.07	2.444212708942984
2.08	2.4101449485533504
2.09	2.3810523775259202
2.1	2.3269418731726037
2.11	2.3328792368706344
2.12	2.302496297618244
2.13	2.33194583995836
2.14	2.272666928996793
2.15	2.2728492410275822
2.16	2.3322470401193973
2.17	2.357870873817064
2.18	2.3712782526635983
2.19	2.250555402219361
2.2	2.172998326641088
2.21	2.1150498655496257
2.22	1.9815771910631086
2.23	1.8962519593820772
2.24	1.8625825978037134
2.25	1.7698715790111477
2.2600000000000002	1.6688940682754214
2.27	1.4682704552849701
2.2800000000000002	1.1225077471459464
2.29	1.474008024839005
2.3000000000000003	1.3468043463658501
2.31	1.3360541682845042
2.32	1.2966039943777996
2.33	1.219733044785875
2.34	1.2717621815739015
2.35	1.3145824084920856
2.36	1.3526680431547828
2.37	1.4254701179349893
2.38	1.5855427647984042
2.39	1.566205119518817
2.4	1.469904287663274
2.41	1.658958838474591
2.42	1.7554787916253756
2.43	1.7125797552202762
2.44	1.6582118754065076
2.45	1.6627644771343537
2.46	1.6964397298640124
2.47	1.8097511617111763
2.48	1.789470509049093
2.49	1.8235778815798553
2.5	1.8002056288861263
2.5100000000000002	1.7931802657919385
2.52	1.801569025626068
2.5300000000000002	1.8904088378458173
2.54	1.8494194231961147
2.5500000000000003	1.8763113218753207
2.56	1.875671460993347
2.57	1.8877172782546772
2.58	1.9208796483171164
2.59	1.9222452957106104
2.6	1.8701230198067083
2.61	1.798078716726947
2.62	1.7761228937684679
2.63	1.8332366491678547
2.64	1.868670558505317
2.65	1.9707619890130095
2.66	1.9713559813240822
2.67	1.8955493330169804
2.68	1.9002469546463736
2.69	1.8805049036705572
2.7	1.7988455584787184
2.71	1.7663017369600111
2.72	1.7072118784596677
2.73	1.669657251343056
2.74	1.7213923548039607
2.75	1.6980713948356438
2.7600000000000002	1.8041983599430031
2.77	1.7495611266231201
2.7800000000000002	1.6531954528140411
2.79	1.5476964715259482
2.8000000000000003	1.370830685731465
2.81	1.1714370276276296
2.82	1.0482745466730223
2.83	0.9467069711149332
2.84	1.0660700714970295
2.85	1.2225969952688704
2.86	1.1056073528969863
2.87	1.1526861468437524
2.88	1.0840070141769047
2.89	1.0137174442482801
2.9	0.9493170439222716
2.91	1.0111680976801272
2.92	1.0928612309742691
2.93	1.1501200711103625
2.94	1.0725887680003776
2.95	1.020217934658364
2.96	1.174693264240891
2.97	1.222882168628892
2.98	1.259425895837704
2.99	1.2570423655718292
3.	1.2056822814715298