0.	2.385112118930084
0.01	2.294223290620386
0.02	2.004356907228758
0.03	1.98739574964827
0.04	1.9181022573319242
0.05	1.865003468715025
0.06	2.211881978256866
0.07	2.9753632009613424
0.08	7.449235581953675
0.09	4.71617718530217
0.1	3.04729278250067
0.11	2.5495868326808133
0.12	2.1536351403858243
0.13	2.1895895823300036
0.14	2.1827934246945975
0.15	2.3600092043742014
0.16	2.4040333061749775
0.17	2.5836572007911704
0.18	2.57003837219809
0.19	2.4297493234839687
0.2	2.3113826654900422
0.21	2.4013681820950237
0.22	2.364521937121493
0.23	2.3536892328641397
0.24	2.259790194486718
0.25	2.218579385836016
0.26	2.10601741500926
0.27	2.0426781058675805
0.28	1.9752421784918095
0.29	1.6996061549632115
0.3	1.473131769103896
0.31	1.7625310581637885
0.32	2.968228929488035
0.33	2.2463789723928445
0.34	2.027177312144034
0.35000000000000003	2.13619975102307
0.36	2.024195040125496
0.37	2.094402957678231
0.38	2.2833955996782525
0.39	2.523466570369539
0.4	2.5054166950202035
0.41000000000000003	2.5251898260031793
0.42	2.6641233767456516
0.43	2.781261686654679
0.44	2.8030487659878083
0.45	2.683162332821046
0.46	2.8107541262967044
0.47000000000000003	2.938636580412872
0.48	3.016055815571299
0.49	3.000969819193787
0.5	3.0258936968668815
0.51	3.0203657479597523
0.52	3.098917479141652
0.53	3.0081352644816075
0.54	2.908435328105389
0.55	2.959121305274352
0.56	2.8339283926780916
0.5700000000000001	2.808281766094175
0.58	2.832672298471036
0.59	2.7738465705699653
0.6	2.640424824630865
0.61	2.65235857750272
0.62	2.626649016526263
0.63	2.556231237945186
0.64	2.2968000010724907
0.65	2.1716203707852224
0.66	2.0498554108700637
0.67	1.8671427853453275
0.68	1.5014163622398804
0.6900000000000001	2.8519957522930066
0.7000000000000001	2.115487989485775
0.71	1.8691065892937737
0.72	1.9853698648192357
0.73	1.8703083011270962
0.74	1.8597643785153943
0.75	2.025799128100345
0.76	2.283713595047095
0.77	2.4673885825391335
0.78	2.3212276810193964
0.79	2.1234605328929406
0.8	2.2644738854242408
0.81	2.541047572517048
0.8200000000000001	2.623495091399027
0.8300000000000001	2.7727665164995146
0.84	2.835168970556896
0.85	2.7064818541948017
0.86	2.7522478271951805
0.87	2.958813052499849
0.88	2.837029022219367
0.89	2.7882241146764373
0.9	2.8115538976065224
0.91	2.828934117006851
0.92	2.8582428926192454
0.93	2.883611271772269
0.9400000000000001	2.94008166199521
0.9500000000000001	2.9150538952715688
0.96	2.8820733782566457
0.97	2.927110063011608
0.98	2.9280364005942685
0.99	2.953480864979824
1.	2.9191636375517214
1.01	2.791294947955633
1.02	2.7938950098648
1.03	2.7797966300443213
1.04	2.7387694296278884
1.05	2.705825743225566
1.06	2.717594293568695
1.07	2.57637933345177
1.08	2.542336125585791
1.09	2.5446565138592785
1.1	2.5693474215794967
1.11	2.511362726571261
1.12	2.2668996212596286
1.1300000000000001	1.9217707373367452
1.1400000000000001	1.7846088696657125
1.1500000000000001	1.6480337267552583
1.16	1.4334707272361584
1.17	1.594989472961565
1.18	1.4806005103710462
1.19	1.584197140075868
1.2	1.609736335988049
1.21	1.8458786251149204
1.22	1.9509952556288963
1.23	1.8203140906724755
1.24	1.705521254017718
1.25	1.7731633510841125
1.26	2.041305694976308
1.27	2.240825585338436
1.28	2.3025757199304686
1.29	2.306902833810938
1.3	2.072393526296674
1.31	2.1409933772106404
1.32	2.344207375149598
1.33	2.547176336592311
1.34	2.5143291846014204
1.35	2.4629033827110103
1.36	2.47847953360896
1.37	2.4221219450051366
1.3800000000000001	2.516971813233944
1.3900000000000001	2.536883212295546
1.4000000000000001	2.6216852228079732
1.41	2.5565023024735667
1.42	2.495784545499376
1.43	2.5416792382971134
1.44	2.6032965904841077
1.45	2.6982111301985268
1.46	2.6611478697093642
1.47	2.5945032347140558
1.48	2.576005896456911
1.49	2.606128954535671
1.5	2.5885352821618364
1.51	2.5912931127240912
1.52	2.6539563658421326
1.53	2.5604976512529074
1.54	2.46916428149465
1.55	2.464010159442817
1.56	2.5722344408210422
1.57	2.5797949954899666
1.58	2.518711631363217
1.59	2.4397715435447522
1.6	2.3868103638851355
1.61	2.378420381350094
1.62	2.273976951553761
1.6300000000000001	2.3243575060636266
1.6400000000000001	2.361477231773494
1.6500000000000001	2.293583590910988
1.6600000000000001	2.082908213810475
1.67	1.9650575786349256
1.68	1.814203971188484
1.69	1.6982191429106805
1.7	1.6145327333120654
1.71	1.3281099447342575
1.72	1.311214352389396
1.73	1.4254614438017583
1.74	1.3691371310512432
1.75	1.3812036162050225
1.76	1.5325462569056476
1.77	1.7156402389924552
1.78	1.5112262995647134
1.79	1.4825078705418953
1.8	1.5015468694042606
1.81	1.7448171820929674
1.82	1.8818612908738133
1.83	1.787544100251682
1.84	1.8427890415826431
1.85	1.8709332914030936
1.86	1.8320048608271202
1.87	1.8740808328971013
1.8800000000000001	1.9642812227573672
1.8900000000000001	2.0761531886937634
1.9000000000000001	1.949378699224002
1.9100000000000001	1.998872333684226
1.92	2.0682778918760043
1.93	2.1045137281242106
1.94	2.144629444489125
1.95	2.1181225867538864
1.96	2.1298690098722757
1.97	2.1938563606418646
1.98	2.141676801263754
1.99	2.134479976068771
2.	2.1645758861709723
2.0100000000000002	2.14004333220682
2.02	2.1291591059825605
2.0300000000000002	2.1441850669120175
2.04	2.1867680862192787
2.05	2.173552184866149
2.06	2.2176372897217522
2.07	2.1939122720648494
2.08	2.221887567847889
2.09	2.169514775547495
2.1	2.1619051998871854
2.11	2.125293427470083
2.12	2.151222569785389
2.13	2.0713448783001436
2.14	2.0650067129529
2.15	2.062155082505807
2.16	2.0684382839369846
2.17	2.136759987520982
2.18	2.166478519801197
2.19	2.1086118661193196
2.2	2.0159512424714405
2.21	1.942435722773282
2.22	1.7949793075437834
2.23	1.7192268710004377
2.24	1.657463912237535
2.25	1.5511568315296795
2.2600000000000002	1.450666681460602
2.27	1.3194393891823453
2.2800000000000002	1.0831993667203468
2.29	1.6785367717644024
2.3000000000000003	1.339557694240594
2.31	1.2146439617391842
2.32	1.2535192783531923
2.33	1.1357489410227408
2.34	1.1195171210820525
2.35	1.1135800915066982
2.36	1.1350190062765373
2.37	1.2777824076035618
2.38	1.382808751314905
2.39	1.3681070196390759
2.4	1.2872315503402667
2.41	1.519551579086265
2.42	1.5463187726368193
2.43	1.5866084040290664
2.44	1.473963155168394
2.45	1.4517264658615392
2.46	1.451212557182316
2.47	1.5451458536021783
2.48	1.620072822358855
2.49	1.6330845758098975
2.5	1.698738214925164
2.5100000000000002	1.6596532981012597
2.52	1.641875217849327
2.5300000000000002	1.7541880521880613
2.54	1.6880836768598202
2.5500000000000003	1.6772237779710557
2.56	1.6557190667842085
2.57	1.6707536290854654
2.58	1.7628573274013526
2.59	1.791453015500571
2.6	1.7592223194660146
2.61	1.667549393641664
2.62	1.6979651624523378
2.63	1.707659241089828
2.64	1.7180147517797317
2.65	1.716530547976226
2.66	1.7424864323623972
2.67	1.7356771015663157
2.68	1.7513255663587826
2.69	1.7588286935840913
2.7	1.7334363736947767
2.71	1.6490841418122095
2.72	1.5430209193568876
2.73	1.4897531386480234
2.74	1.5331951563645108
2.75	1.5698068326971557
2.7600000000000002	1.6448426183530824
2.77	1.5840414800597724
2.7800000000000002	1.5057546163051383
2.79	1.4191997305616655
2.8000000000000003	1.1933510527660551
2.81	1.0812775406281026
2.82	0.8956920405114702
2.83	0.9660234455718099
2.84	1.1104191309277909
2.85	1.2604681260392283
2.86	1.2419554005440618
2.87	1.0710523162090135
2.88	1.018724818171326
2.89	0.9747145687879522
2.9	0.8459322026068519
2.91	0.9837820523611208
2.92	1.0487711180029264
2.93	1.0195045328088979
2.94	0.9748571718662683
2.95	0.9598513749213836
2.96	1.0734679832628171
2.97	1.0899457858361379
2.98	1.1675829883046613
2.99	1.0915423534153266
3.	1.034785917829935