-3.	1.7768549349251732
-2.99	2.100964231295616
-2.98	1.687249711931372
-2.97	1.732747324266444
-2.96	1.6145005911182528
-2.95	1.7241467463402405
-2.94	2.0109336027329454
-2.93	1.8575211181164517
-2.92	1.2458961174469856
-2.91	1.2488066136934062
-2.9	1.5950156432789095
-2.89	1.8767663129200594
-2.88	0.616566312884201
-2.87	1.6443723802891255
-2.86	1.7082690219810588
-2.85	1.6155733467937838
-2.84	0.9493263628246541
-2.83	1.7645179367523576
-2.82	1.0988448941991056
-2.81	1.566287921354874
-2.8	1.5580754032157151
-2.79	1.6673775293241055
-2.78	2.3123951389409885
-2.77	3.265634900625874
-2.76	2.6692417155652364
-2.75	2.607599185931586
-2.74	2.7284971225576156
-2.73	2.870617240065499
-2.7199999999999998	2.96692577562984
-2.71	1.893118224331046
-2.7	1.4940908068185594
-2.69	2.297050489352777
-2.68	2.3810566411439935
-2.67	3.081850470970016
-2.66	3.2963950281116356
-2.65	2.732436165175381
-2.64	2.7267212379227797
-2.63	2.826615798108627
-2.62	2.7917574566507515
-2.61	2.0303016193045935
-2.6	1.8354732154615034
-2.59	1.8804379307980694
-2.58	2.3221529713841584
-2.57	2.216089279442382
-2.56	2.9399609823389166
-2.55	3.044682952469193
-2.54	2.9004242569557483
-2.53	2.079022921454278
-2.52	2.4395653878988997
-2.51	2.0547788682900934
-2.5	2.6386714680999277
-2.49	1.8538346144092148
-2.48	2.0515962994121177
-2.4699999999999998	2.401073077311088
-2.46	2.5094959099979723
-2.45	2.7914403478461853
-2.44	2.7527909859248663
-2.4299999999999997	2.351627886217544
-2.42	2.4418173869582196
-2.41	2.0053163816086608
-2.4	1.9252076713340576
-2.39	3.1152665766697063
-2.38	2.8233442210941355
-2.37	1.477147087703169
-2.36	1.814554887414798
-2.35	2.088658084847104
-2.34	2.0061725991395143
-2.33	2.511464984182534
-2.32	1.019885852444622
-2.31	1.843533706821095
-2.3	2.315772520663048
-2.29	1.9683145336592434
-2.2800000000000002	2.6413408367682205
-2.27	3.297741163673186
-2.26	2.7874530400611532
-2.25	2.775411122512604
-2.24	2.4965132507645884
-2.23	2.562348190172351
-2.2199999999999998	2.93962996336172
-2.21	2.46575130950755
-2.2	2.055543884268973
-2.19	2.515685463398556
-2.1799999999999997	2.8540595573019862
-2.17	3.168921622018103
-2.16	3.5340278301488026
-2.15	3.6626532267997716
-2.14	3.5252011741113574
-2.13	2.8729513589005675
-2.12	2.902744433643341
-2.11	2.9144176717446233
-2.1	2.8547971190371055
-2.09	2.4646561732068375
-2.08	2.710259252498418
-2.07	2.9813707517764665
-2.06	2.8377376335219098
-2.05	3.4032017340839484
-2.04	3.6723087761745017
-2.0300000000000002	3.4671818439203226
-2.02	3.273038259300738
-2.01	3.3295734246475077
-2.	2.6565529743045273
-1.99	2.4452767252845455
-1.98	2.742604676781734
-1.97	2.5865921164989896
-1.96	3.092440649555907
-1.95	3.1350565335960856
-1.94	2.9539284609891725
-1.93	3.052106586478976
-1.92	3.4077885147770988
-1.91	3.3507906728014443
-1.9	3.0832774525913185
-1.89	3.1250002092181823
-1.88	2.043538381615135
-1.8699999999999999	2.458086655809443
-1.8599999999999999	2.685109075758228
-1.8499999999999999	2.7499990544937347
-1.84	3.2761612941711404
-1.83	2.7522892677200415
-1.82	2.7871657002937575
-1.81	1.5988914896185067
-1.8	3.0088557094330777
-1.79	3.471159436876392
-1.78	2.7337584069738488
-1.77	2.2174689207454334
-1.76	1.806998755724722
-1.75	2.5404076751127884
-1.74	2.5930391717604633
-1.73	1.9123156803956294
-1.72	2.3360426855070964
-1.71	1.6973816368151045
-1.7	2.7835082331799263
-1.69	3.0468637784953434
-1.68	3.6715621592077805
-1.67	3.6863468375317026
-1.66	3.943807127684799
-1.65	2.6882658754731446
-1.64	2.723436240663444
-1.63	3.10361057219732
-1.6199999999999999	3.675935315068882
-1.6099999999999999	3.9366697623967175
-1.5999999999999999	3.827438746124947
-1.59	3.5351502725588735
-1.58	3.0839733983670445
-1.57	3.547062492458286
-1.56	4.031374290368279
-1.55	3.973467230296095
-1.54	3.993463631409642
-1.53	3.0974583820038237
-1.52	3.1973950356404583
-1.51	3.105637592762193
-1.5	3.6474505908102173
-1.49	3.8334763101687472
-1.48	3.7185694228443706
-1.47	3.6502102633689186
-1.46	3.409845983245519
-1.45	3.5254542840534056
-1.44	4.213835858440192
-1.43	4.381712396442618
-1.42	3.651667465950726
-1.41	3.1166654663587186
-1.4	3.5766219698350805
-1.39	3.0292420581155683
-1.38	3.440497752082272
-1.3699999999999999	3.835400634290867
-1.3599999999999999	3.524535581526536
-1.3499999999999999	3.4529648487093683
-1.3399999999999999	3.4016731318620814
-1.33	3.648111853605249
-1.32	3.8169749454715562
-1.31	4.663480190596964
-1.3	3.9547996494479043
-1.29	2.767575043747077
-1.28	2.5827131134159456
-1.27	3.2583191018848945
-1.26	3.6054487376101867
-1.25	3.545587312172318
-1.24	3.7785028587614287
-1.23	3.3993345058243776
-1.22	2.309823150104094
-1.21	3.7551460021237526
-1.2	4.422163845445759
-1.19	4.348454162838995
-1.18	3.9908074082741343
-1.17	11.675541770951401
-1.16	3.281950950863747
-1.15	3.2969297898606933
-1.14	4.070671076625565
-1.13	4.131883068833124
-1.1199999999999999	4.002383304549791
-1.1099999999999999	3.6536839445363385
-1.0999999999999999	4.076433554561611
-1.0899999999999999	4.6810634435013165
-1.08	4.886622822704317
-1.07	4.740949598858513
-1.06	4.566966967694592
-1.05	4.199594828188894
-1.04	4.062412817370644
-1.03	4.459566544162382
-1.02	4.707321701569401
-1.01	4.077676641676727
-1.	4.243050501741456
-0.9899999999999998	4.514752259387971
-0.98	4.631406601653645
-0.9699999999999998	4.807671806082601
-0.96	4.618175663272836
-0.9500000000000002	5.079091602721914
-0.94	4.85311599707724
-0.9300000000000002	4.288310292153658
-0.9199999999999999	5.019101282058673
-0.9100000000000001	4.696215389543042
-0.8999999999999999	4.519236423226315
-0.8900000000000001	4.092750051944891
-0.8799999999999999	4.385644676416751
-0.8700000000000001	4.64335613637944
-0.8599999999999999	4.289888866818004
-0.8500000000000001	4.625243416305247
-0.8399999999999999	4.491248319337122
-0.8300000000000001	4.884420149412932
-0.8199999999999998	5.009513056109321
-0.81	5.020942867028159
-0.7999999999999998	5.427418812791677
-0.79	5.314615096774612
-0.7799999999999998	3.473970551520594
-0.77	3.4350894222890096
-0.7599999999999998	3.6930250697240345
-0.75	4.626565260577447
-0.7399999999999998	4.199331038316226
-0.73	4.175550462551458
-0.7199999999999998	2.6467549422275947
-0.71	4.764935460524797
-0.6999999999999997	4.937372027988872
-0.69	4.466472183215043
-0.6800000000000002	4.971074297495182
-0.6699999999999999	3.5256858313165247
-0.6600000000000001	4.431945803464585
-0.6499999999999999	5.019578876702632
-0.6400000000000001	4.611977942127077
-0.6299999999999999	4.380234705699163
-0.6200000000000001	5.5170817762347175
-0.6099999999999999	5.228683962789161
-0.6000000000000001	5.490949692101741
-0.5899999999999999	5.385865422655612
-0.5800000000000001	5.033845924642943
-0.5699999999999998	5.582208371205763
-0.56	5.506104382359104
-0.5499999999999998	5.3465650112010845
-0.54	5.560012313938845
-0.5299999999999998	5.589503828759534
-0.52	5.351909487849343
-0.5099999999999998	5.4323326661458164
-0.5	5.176936955262796
-0.48999999999999977	5.339390352258143
-0.48	5.841753330974532
-0.46999999999999975	5.507816568512882
-0.45999999999999996	5.9160417270518115
-0.44999999999999973	5.862474677704268
-0.43999999999999995	5.779159117023335
-0.43000000000000016	5.407797565694928
-0.41999999999999993	5.104071364058293
-0.41000000000000014	5.157919004142509
-0.3999999999999999	6.025467702334519
-0.3900000000000001	5.091373930317309
-0.3799999999999999	5.116989975656384
-0.3700000000000001	5.978596769030963
-0.3599999999999999	5.031520346616394
-0.3500000000000001	2.9616851764796754
-0.33999999999999986	5.904791986768172
-0.33000000000000007	6.07321599466288
-0.31999999999999984	5.22867753923099
-0.31000000000000005	5.235905814681895
-0.2999999999999998	4.621322081074887
-0.29000000000000004	5.170255723668275
-0.2799999999999998	5.162969065279748
-0.27	5.998155603319405
-0.2599999999999998	5.6942265380220904
-0.25	5.860072520623831
-0.23999999999999977	6.345436595564073
-0.22999999999999998	6.03972341651107
-0.21999999999999975	6.2730630319783955
-0.20999999999999996	6.252231567480152
-0.19999999999999973	6.13400473863217
-0.18999999999999995	6.7496683511985776
-0.18000000000000016	6.415669395704094
-0.16999999999999993	6.1033561074928855
-0.16000000000000014	6.277910071715548
-0.1499999999999999	5.6446266250982715
-0.14000000000000012	6.65301282595471
-0.1299999999999999	6.433133638299541
-0.1200000000000001	4.6812591742467555
-0.10999999999999988	5.935512310221458
-0.10000000000000009	6.19193882022339
-0.08999999999999986	6.228339849043105
-0.08000000000000007	5.2575088244663455
-0.06999999999999984	7.697150502182979
-0.06000000000000005	5.826600908805367
-0.04999999999999982	6.38863127628525
-0.040000000000000036	6.367538601982589
-0.029999999999999805	6.673499758057733
-0.020000000000000018	8.08761542988307
-0.009999999999999787	9.0396766169204
0.	9.743884733552548
0.010000000000000231	9.113220758010417
0.020000000000000018	7.397776284694741
0.03000000000000025	6.547035035816602
0.040000000000000036	6.8106907967446295
0.050000000000000266	6.352334525023931
0.06000000000000005	5.681732747984185
0.07000000000000028	6.458047779844797
0.08000000000000007	7.624792415377671
0.08999999999999986	5.457463373526071
0.10000000000000009	4.711544526265309
0.10999999999999988	5.958520718997793
0.1200000000000001	5.595165394261175
0.1299999999999999	5.348073794801158
0.14000000000000012	6.466982378391122
0.1499999999999999	5.811200003395465
0.16000000000000014	6.483441557608133
0.16999999999999993	6.032870298490567
0.18000000000000016	5.901294202427453
0.18999999999999995	5.5657933613737445
0.20000000000000018	5.156785079273772
0.20999999999999996	5.197895160923579
0.2200000000000002	5.42394781554548
0.22999999999999998	5.509098456787335
0.2400000000000002	5.41631561306465
0.25	4.877988055849265
0.26000000000000023	5.549040623665718
0.27	5.6177232382626805
0.28000000000000025	5.298099812163355
0.29000000000000004	4.773813569933658
0.30000000000000027	4.010189966840504
0.31000000000000005	3.504331851757134
0.3200000000000003	4.709549853574785
0.33000000000000007	4.671087985419751
0.33999999999999986	4.314160628144038
0.3500000000000001	3.9569099701262256
0.3599999999999999	3.7552902564485704
0.3700000000000001	5.126372736152689
0.3799999999999999	5.605734262293398
0.3900000000000001	5.082762746769853
0.3999999999999999	5.26358810877598
0.41000000000000014	4.490359815528958
0.41999999999999993	5.23792732460739
0.43000000000000016	4.928821579993788
0.43999999999999995	4.853904554598432
0.4500000000000002	5.356435425966335
0.45999999999999996	5.507679172597563
0.4700000000000002	5.12532907968312
0.48	5.475597331459263
0.4900000000000002	5.014956422594421
0.5	5.126662414628108
0.5100000000000002	5.167011226741683
0.52	4.820786013261574
0.5300000000000002	5.093865597985716
0.54	5.138956808238785
0.5500000000000003	5.056087822873131
0.56	4.937613847060598
0.5700000000000003	5.397317428313332
0.5800000000000001	4.9216207709064586
0.5899999999999999	4.744330113639138
0.6000000000000001	5.304065478316939
0.6099999999999999	4.7972197861365435
0.6200000000000001	5.316737928155469
0.6299999999999999	4.277828852016643
0.6400000000000001	4.4683412045101765
0.6499999999999999	4.564031924558291
0.6600000000000001	4.526493932044663
0.6699999999999999	2.9065358393230656
0.6800000000000002	2.4420032320860834
0.69	3.0803886654131474
0.7000000000000002	4.292108653155045
0.71	3.3745142349927884
0.7200000000000002	2.9845920083395834
0.73	3.5685671723213095
0.7400000000000002	2.8576181811931964
0.75	4.490960710105459
0.7600000000000002	4.030641139472837
0.77	3.3867560084309853
0.7800000000000002	3.675402985869483
0.79	4.381722481509438
0.8000000000000003	5.058847999394583
0.81	4.169906836656849
0.8200000000000003	4.717584227770045
0.8300000000000001	4.217174957176115
0.8399999999999999	3.8699969633163995
0.8500000000000001	4.5127310971508345
0.8599999999999999	4.2615020463398885
0.8700000000000001	4.1903775347803185
0.8799999999999999	4.354085382792266
0.8900000000000001	4.119803704579214
0.8999999999999999	4.171153678556164
0.9100000000000001	4.444880442784323
0.9199999999999999	4.76753888313939
0.9300000000000002	4.556742030403879
0.94	4.438445364853097
0.9500000000000002	4.782943738685547
0.96	4.436419761051655
0.9700000000000002	4.362805386334946
0.98	4.803190609367462
0.9900000000000002	4.288312668376332
1.	4.435151981422803
1.0099999999999998	3.799276084794652
1.0200000000000005	4.4179636025351074
1.0300000000000002	4.217113139345111
1.04	4.054646798802354
1.0499999999999998	3.9618202361427994
1.0600000000000005	4.08764838495385
1.0700000000000003	4.266453204728561
1.08	4.3850614723115235
1.0899999999999999	4.640858039785366
1.0999999999999996	3.9948049225021043
1.1100000000000003	3.6124945393344756
1.12	3.4627336371419637
1.13	3.9059975656122177
1.1399999999999997	4.017962621919752
1.1500000000000004	3.396002479822492
1.1600000000000001	3.2451360447707964
1.17	1.7736336234485763
1.1799999999999997	2.0751618852718003
1.1900000000000004	2.943387420736263
1.2000000000000002	4.2271423772104155
1.21	2.68455890468692
1.2199999999999998	3.5010905790402784
1.2300000000000004	1.5268540569945621
1.2400000000000002	3.7738765446155074
1.25	3.05254130332157
1.2599999999999998	3.5627128161315267
1.2700000000000005	3.248992523451562
1.2800000000000002	2.4904371927050595
1.29	2.6065879944955714
1.2999999999999998	3.2457070075844343
1.3100000000000005	4.188546393658604
1.3200000000000003	4.445452911859442
1.33	3.502569269366207
1.3399999999999999	3.666737199669998
1.3500000000000005	3.1315020413963413
1.3600000000000003	4.02192341798844
1.37	3.692595374026083
1.38	3.517204551340965
1.3899999999999997	3.3076014587735925
1.4000000000000004	3.0322069233508713
1.4100000000000001	3.114950744366822
1.42	3.550105134278086
1.4299999999999997	3.9096975255276916
1.4400000000000004	4.109982406156023
1.4500000000000002	3.8416892183579217
1.46	3.3001565165699622
1.4699999999999998	3.4706197337968465
1.4800000000000004	3.9461696815926897
1.4900000000000002	3.7150069238402867
1.5	3.6509540644588045
1.5099999999999998	3.462125020070447
1.5200000000000005	2.943554990367409
1.5300000000000002	3.195696512169864
1.54	3.554645809070612
1.5499999999999998	3.7398687251282783
1.5600000000000005	3.9640171948219125
1.5700000000000003	3.71091597385029
1.58	2.959171443372721
1.5899999999999999	3.473334973719465
1.6000000000000005	3.6318981121246443
1.6100000000000003	3.699323804131459
1.62	3.6634772190615132
1.63	3.3378541922533476
1.6399999999999997	2.7894059256416295
1.6500000000000004	2.8991430330644055
1.6600000000000001	2.7009239797526816
1.67	3.4868100543812663
1.6799999999999997	3.561976044770217
1.6900000000000004	3.013219167631648
1.7000000000000002	2.2747207439318076
1.71	2.336304147484712
1.7199999999999998	2.4707633032919496
1.7300000000000004	1.886772815054017
1.7400000000000002	2.338192459750387
1.75	2.49561268608125
1.7599999999999998	1.97338934918338
1.7700000000000005	1.6871079775333837
1.7800000000000002	1.7400337803358694
1.79	2.8995766951935336
1.7999999999999998	3.430390501777071
1.8100000000000005	2.550874085197789
1.8200000000000003	2.6046857858313293
1.83	2.920091574504354
1.8399999999999999	2.385511837832718
1.8500000000000005	2.55614939534188
1.8600000000000003	2.7102447111132077
1.87	2.468040688872433
1.88	2.423169777055665
1.8899999999999997	2.457922320299583
1.9000000000000004	2.961173729522917
1.9100000000000001	3.118585737420084
1.92	3.0541750029833974
1.9299999999999997	3.2219489340230183
1.9400000000000004	2.8477149404920814
1.9500000000000002	3.048833191061321
1.96	2.884342327025978
1.9699999999999998	2.7440219681196885
1.9800000000000004	2.808368912684238
1.9900000000000002	2.4639602168482293
2.	2.604349686209809
2.01	2.83575769543888
2.0200000000000005	3.043937202200215
2.0300000000000002	3.2282535888786232
2.04	3.4969234994344243
2.05	3.2875952173871688
2.0600000000000005	3.0329998864384136
2.0700000000000003	2.9072555614981894
2.08	2.829310636276289
2.09	2.416135527092327
2.1000000000000005	2.987472082350644
2.1100000000000003	2.5155647134064676
2.12	2.841708711802039
2.13	2.5706559338388035
2.1399999999999997	3.1340242552355937
2.1500000000000004	3.375085968926422
2.16	3.576268913937208
2.17	2.946160222990101
2.1799999999999997	3.021296829419364
2.1900000000000004	2.693755454324543
2.2	2.5034551074711486
2.21	2.014084190467212
2.2199999999999998	2.8819210515729607
2.2300000000000004	2.7713662199943503
2.24	2.3588330936961692
2.25	2.4694574314721778
2.26	2.7436252948445214
2.2700000000000005	2.0689212037265308
2.2800000000000002	2.127985991557425
2.29	1.6868271498503196
2.3	1.8432729153124647
2.3100000000000005	1.6061909887260317
2.3200000000000003	1.7741720859082024
2.33	1.711461077161031
2.34	1.6930247006748178
2.3500000000000005	1.7723596554685168
2.3600000000000003	2.0399877877473327
2.37	2.025054163520186
2.38	1.3869407413424615
2.3899999999999997	3.0231856889986704
2.4000000000000004	2.135216245378316
2.41	1.994356539529149
2.42	1.764106451782066
2.4299999999999997	2.2738675423268786
2.4400000000000004	2.1052039744265234
2.45	2.7399577027765503
2.46	1.9674597271416736
2.4699999999999998	2.537074843087476
2.4800000000000004	1.944903858880875
2.49	2.301482886920381
2.5	2.261555348616631
2.51	2.245215553622991
2.5200000000000005	2.1769632387354645
2.5300000000000002	2.3103925207178575
2.54	2.3248732860362056
2.55	2.830172675429603
2.5600000000000005	2.9048760276340664
2.5700000000000003	2.3504963682547935
2.58	2.3478385046936427
2.59	2.0095112306728256
2.6000000000000005	2.0101339629087187
2.6100000000000003	1.9040042305120202
2.62	2.455904648303198
2.63	2.6447062070604814
2.6399999999999997	2.5672941718991322
2.6500000000000004	2.3717445059764413
2.66	3.033910601834349
2.67	3.103930065143474
2.6799999999999997	2.44979433670243
2.6900000000000004	2.432074468169093
2.7	1.7430874238334264
2.71	1.7305702689690143
2.7199999999999998	2.2365273884180277
2.7300000000000004	2.6366321876252825
2.74	2.733839246807861
2.75	2.3556220289801595
2.76	2.2818757867893926
2.7700000000000005	2.880800250735808
2.7800000000000002	2.5571591953509696
2.79	1.7051981368410825
2.8	1.8004858397728472
2.8100000000000005	1.3932688051444115
2.8200000000000003	1.2127588699113812
2.83	1.1449293079715779
2.84	2.8535440146879836
2.8500000000000005	1.7727491358242364
2.8600000000000003	1.5163157217575252
2.87	2.095839200687368
2.88	0.9329414412978426
2.8899999999999997	1.3834087388976368
2.9000000000000004	1.292856011841773
2.91	1.644561280701931
2.92	1.4093313152469267
2.9299999999999997	1.330507633188803
2.9400000000000004	2.120337366444944
2.95	1.7241612245074391
2.96	1.52585934901163
2.9699999999999998	1.4612254168206495
2.9800000000000004	1.2602498765821575
2.99	1.7538281823263029
3.	1.8573326523989708