-3.	1.8268426880184312
-2.99	1.887841888969367
-2.98	1.6518110430579573
-2.97	1.1525155886771383
-2.96	1.4380394446311213
-2.95	1.5359072836674965
-2.94	1.5623252379409145
-2.93	2.0801718228147084
-2.92	1.2251714491492234
-2.91	1.3600453861572883
-2.9	1.535193967465463
-2.89	1.2299712631302533
-2.88	1.1602955495412604
-2.87	1.210500638084508
-2.86	1.9038513770361287
-2.85	1.3443668088519467
-2.84	1.5026226250070627
-2.83	1.5834223045106677
-2.82	1.0736339229769574
-2.81	1.438842338454574
-2.8	1.5428051527826296
-2.79	1.780853223412308
-2.78	1.8570677447492518
-2.77	2.5950276289613647
-2.76	2.7259892622326936
-2.75	2.2812079487553065
-2.74	2.3754547841629807
-2.73	2.7025655341067596
-2.7199999999999998	2.722582952945132
-2.71	2.1021859590098084
-2.7	1.6225892561929147
-2.69	1.8437023535422468
-2.68	2.256692883598595
-2.67	2.500524266544438
-2.66	2.986814781487518
-2.65	2.9399153289811353
-2.64	2.439292025047618
-2.63	2.555347392880023
-2.62	2.55636850733585
-2.61	2.260950240810526
-2.6	1.7722967561149268
-2.59	1.9129108171994977
-2.58	2.006839759718314
-2.57	2.3018135126221493
-2.56	2.4551339286701888
-2.55	2.835459883547033
-2.54	2.780321172984005
-2.53	2.06502586348824
-2.52	2.2924394179622642
-2.51	2.0613734686298066
-2.5	2.281128320812117
-2.49	2.1327088648629062
-2.48	2.0941024206986665
-2.4699999999999998	1.9405612944841941
-2.46	2.4400381157207547
-2.45	1.98240901076524
-2.44	2.7108827377788196
-2.4299999999999997	1.9260901950766067
-2.42	2.2281649447574137
-2.41	1.6120377590842727
-2.4	1.9773131234188515
-2.39	2.135788685643529
-2.38	2.8818323934404773
-2.37	1.0267951621397207
-2.36	1.8742671973705602
-2.35	1.9258871455608453
-2.34	1.4955260725664845
-2.33	1.750585496238843
-2.32	1.3146210322204877
-2.31	1.3407831288592946
-2.3	1.3788560603056588
-2.29	1.635110582871465
-2.2800000000000002	1.9964319754286877
-2.27	2.6183385279614835
-2.26	2.472000604974594
-2.25	2.767795266038614
-2.24	2.3788017495623843
-2.23	2.2840146986802985
-2.2199999999999998	2.774399258856137
-2.21	2.72612376213276
-2.2	2.044076876637213
-2.19	2.406575041305819
-2.1799999999999997	2.7180693212835987
-2.17	2.931591782479133
-2.16	3.018549431815907
-2.15	3.475323637296126
-2.14	3.3053203520378185
-2.13	2.8990867397966693
-2.12	2.4952868798350045
-2.11	2.671133974098819
-2.1	2.5395496092532577
-2.09	2.828330567234972
-2.08	2.4795388742321176
-2.07	2.7995017716959656
-2.06	2.875537040474292
-2.05	3.0056586064985114
-2.04	3.2081289635193007
-2.0300000000000002	3.423856924405103
-2.02	2.9986967001331886
-2.01	2.939671568843296
-2.	2.6298250904021043
-1.99	2.453411403954575
-1.98	2.5232084639751027
-1.97	2.74059502240622
-1.96	2.7828359965731817
-1.95	2.8503855511704805
-1.94	2.99547048980398
-1.93	2.795463103320968
-1.92	3.0359535026991646
-1.91	3.0620870864512573
-1.9	2.8727161203722242
-1.89	2.8504148239827645
-1.88	2.1604053870793587
-1.8699999999999999	2.318116820796814
-1.8599999999999999	2.526160307776752
-1.8499999999999999	2.6790250315329747
-1.84	2.5668376476846366
-1.83	2.2729405068784296
-1.82	2.7785105836632304
-1.81	2.1554425477702566
-1.8	2.442861657816669
-1.79	3.0670487044669392
-1.78	2.3185825838621907
-1.77	1.8364353466470762
-1.76	1.3652408784401713
-1.75	2.031957354655915
-1.74	2.4423480651323937
-1.73	2.076692483531306
-1.72	1.7919600898551147
-1.71	1.0670723922325809
-1.7	2.571001507682012
-1.69	2.3451360700223733
-1.68	2.9588800185417568
-1.67	3.1852257973574116
-1.66	3.2897003575932384
-1.65	2.6831905270021648
-1.64	2.791536656566735
-1.63	2.835293158580615
-1.6199999999999999	3.323593609232968
-1.6099999999999999	3.5924414727109806
-1.5999999999999999	3.683352778484128
-1.59	3.3621445540440216
-1.58	3.186273058610872
-1.57	2.9970016585914947
-1.56	3.5864918298831165
-1.55	3.5836223629695194
-1.54	3.597028677960178
-1.53	3.212778938503087
-1.52	3.178759718682441
-1.51	2.912302755520307
-1.5	3.38275793234503
-1.49	3.6042225483453616
-1.48	3.5604907219790287
-1.47	3.5535832788684756
-1.46	3.293582186430275
-1.45	3.193609950418888
-1.44	3.714078206910434
-1.43	3.762201300238269
-1.42	3.664275318168119
-1.41	3.283983916435365
-1.4	3.188132026447277
-1.39	2.8089318755504036
-1.38	3.327303301239078
-1.3699999999999999	3.6185557170791527
-1.3599999999999999	3.5010764226330267
-1.3499999999999999	3.603010606135395
-1.3399999999999999	3.0425005964019336
-1.33	3.4377275444270072
-1.32	3.3540573785811487
-1.31	3.9284496645030957
-1.3	3.793984106424632
-1.29	3.0643102372966533
-1.28	2.5684911015800997
-1.27	2.6479192969926895
-1.26	3.2412559746229563
-1.25	3.2968651509083737
-1.24	2.6868023611074237
-1.23	3.4455169819666915
-1.22	1.5272171629369011
-1.21	3.3521831992552813
-1.2	2.5748013591005288
-1.19	3.7903339506382228
-1.18	3.005253171871339
-1.17	5.313908461142645
-1.16	2.1121191064132745
-1.15	3.1973647924158866
-1.14	3.601683461398788
-1.13	3.581857151221943
-1.1199999999999999	3.60968317983012
-1.1099999999999999	3.3313563021782646
-1.0999999999999999	3.3918607960949596
-1.0899999999999999	3.868418269644021
-1.08	4.348638289366834
-1.07	4.077771629989709
-1.06	4.019672418512303
-1.05	3.9402551634730836
-1.04	3.8644201136751826
-1.03	4.07921326496124
-1.02	4.216543208137832
-1.01	3.9768247036746303
-1.	3.8123629295482115
-0.9899999999999998	4.1734038442473596
-0.98	4.080457601676277
-0.9699999999999998	4.44946876385555
-0.96	4.121716511497007
-0.9500000000000002	4.215413208301705
-0.94	4.530277738062733
-0.9300000000000002	4.099813226115679
-0.9199999999999999	4.395929083119077
-0.9100000000000001	4.737773605097401
-0.8999999999999999	4.224272327332393
-0.8900000000000001	3.8571842110380468
-0.8799999999999999	4.009938639747087
-0.8700000000000001	4.1507202879339475
-0.8599999999999999	3.925351978215209
-0.8500000000000001	4.024738997214891
-0.8399999999999999	4.260118283498515
-0.8300000000000001	3.900491829122926
-0.8199999999999998	4.090067219456922
-0.81	4.476423634960535
-0.7999999999999998	3.997208521317335
-0.79	4.910876373189023
-0.7799999999999998	3.9520909395405486
-0.77	3.2471281098247418
-0.7599999999999998	2.9903497427756234
-0.75	3.5656634262454525
-0.7399999999999998	3.9394327763116364
-0.73	3.0778964435180396
-0.7199999999999998	3.17160125263834
-0.71	2.268159816395444
-0.6999999999999997	2.90791249001023
-0.69	3.755672793054747
-0.6800000000000002	3.2875129529310154
-0.6699999999999999	3.3046369541747187
-0.6600000000000001	3.409739880203495
-0.6499999999999999	3.9825425469283426
-0.6400000000000001	3.9850513254678948
-0.6299999999999999	3.947718532844542
-0.6200000000000001	4.226839448245728
-0.6099999999999999	4.757794128616122
-0.6000000000000001	4.522086622944519
-0.5899999999999999	4.935071732481256
-0.5800000000000001	4.455463351262673
-0.5699999999999998	4.680986078953078
-0.56	4.90299244400114
-0.5499999999999998	4.968965788679062
-0.54	4.709864062878337
-0.5299999999999998	4.70233070089232
-0.52	4.656698146248047
-0.5099999999999998	4.741479467579193
-0.5	4.6258333620314325
-0.48999999999999977	4.7701926153884076
-0.48	4.739519078276724
-0.46999999999999975	4.8616379111833
-0.45999999999999996	4.766702810130858
-0.44999999999999973	5.236797141442505
-0.43999999999999995	5.345780613679779
-0.43000000000000016	4.997023729082849
-0.41999999999999993	4.563317698054716
-0.41000000000000014	4.686390490889404
-0.3999999999999999	4.605545477425166
-0.3900000000000001	4.212736579463182
-0.3799999999999999	3.7839845808099573
-0.3700000000000001	4.8782549362731755
-0.3599999999999999	4.366061397885876
-0.3500000000000001	2.9820641104534253
-0.33999999999999986	3.3642734382232478
-0.33000000000000007	3.390591864345548
-0.31999999999999984	3.679902077390943
-0.31000000000000005	2.5008568392673602
-0.2999999999999998	3.7688613830174433
-0.29000000000000004	3.867269296790501
-0.2799999999999998	3.83776584437983
-0.27	4.170033963366142
-0.2599999999999998	4.456754373446649
-0.25	4.855444472928532
-0.23999999999999977	4.681030534772009
-0.22999999999999998	4.963166186440339
-0.21999999999999975	5.2200820885023465
-0.20999999999999996	5.144715219497174
-0.19999999999999973	5.095124166192412
-0.18999999999999995	5.469715394109278
-0.18000000000000016	5.4352652431671125
-0.16999999999999993	5.131751596205649
-0.16000000000000014	5.11696286110457
-0.1499999999999999	5.1487015762086665
-0.14000000000000012	4.882463714283231
-0.1299999999999999	5.008889500722805
-0.1200000000000001	4.529441133109279
-0.10999999999999988	4.456287939274938
-0.10000000000000009	4.206326839648142
-0.08999999999999986	3.5910582421586517
-0.08000000000000007	4.233280385926315
-0.06999999999999984	4.496497011411003
-0.06000000000000005	3.976045658413883
-0.04999999999999982	4.4172321068885525
-0.040000000000000036	4.400014862470023
-0.029999999999999805	5.165400739616499
-0.020000000000000018	5.706418829735201
-0.009999999999999787	6.249210394410719
0.	6.930612605686945
0.010000000000000231	6.168789879167325
0.020000000000000018	5.7102393431034155
0.03000000000000025	5.3583711221606025
0.040000000000000036	4.859410674075979
0.050000000000000266	3.9326478249188574
0.06000000000000005	3.9092186382562004
0.07000000000000028	3.2537860875033124
0.08000000000000007	4.0238025389754135
0.08999999999999986	3.350462356081586
0.10000000000000009	3.4759397879746476
0.10999999999999988	3.8367387352211764
0.1200000000000001	4.7010437264568035
0.1299999999999999	4.474530033436573
0.14000000000000012	4.830025830657565
0.1499999999999999	4.719925678934102
0.16000000000000014	4.748949270566961
0.16999999999999993	5.09895055531193
0.18000000000000016	4.832570483627233
0.18999999999999995	4.559190883848565
0.20000000000000018	4.520204356695217
0.20999999999999996	4.344389789721109
0.2200000000000002	4.31763230728428
0.22999999999999998	4.4665936698920055
0.2400000000000002	4.286879850099823
0.25	3.8578688015325735
0.26000000000000023	4.013070753899766
0.27	4.177561629240755
0.28000000000000025	3.674972726828639
0.29000000000000004	3.1611902769907076
0.30000000000000027	3.0627080964666065
0.31000000000000005	2.3974561543445114
0.3200000000000003	3.369826884875502
0.33000000000000007	2.5125637042327504
0.33999999999999986	3.3001275049119814
0.3500000000000001	3.660775114274987
0.3599999999999999	2.619917795875181
0.3700000000000001	3.970351107164271
0.3799999999999999	4.356752783227488
0.3900000000000001	3.9840602075602463
0.3999999999999999	3.8024936814157213
0.41000000000000014	4.463174663105632
0.41999999999999993	4.3896386774557765
0.43000000000000016	4.280168955135426
0.43999999999999995	4.133863585501285
0.4500000000000002	4.241774371636656
0.45999999999999996	4.433883118577251
0.4700000000000002	4.440645708258498
0.48	4.431569422345025
0.4900000000000002	4.447065191400159
0.5	4.3756557442113575
0.5100000000000002	4.347498049961369
0.52	4.376208426962029
0.5300000000000002	4.17793344868271
0.54	4.19239914755771
0.5500000000000003	4.146750877104947
0.56	4.050441350975544
0.5700000000000003	4.170985605016726
0.5800000000000001	4.138925264491176
0.5899999999999999	3.9190263414023225
0.6000000000000001	4.058514961900425
0.6099999999999999	4.1700139187849095
0.6200000000000001	3.8242207483303896
0.6299999999999999	3.6223448573194093
0.6400000000000001	3.503123055967378
0.6499999999999999	3.413622651266016
0.6600000000000001	3.5101008171062875
0.6699999999999999	2.8291085470922224
0.6800000000000002	1.7776993673599675
0.69	2.5159537803039247
0.7000000000000002	2.9054729989172428
0.71	3.0948990073222165
0.7200000000000002	2.816879334906873
0.73	2.321897279386611
0.7400000000000002	3.2603479128213078
0.75	3.225608152833927
0.7600000000000002	3.666963186632986
0.77	3.047474779276814
0.7800000000000002	3.0170440535577354
0.79	3.438336224051798
0.8000000000000003	3.849498742975653
0.81	3.9028247221636936
0.8200000000000003	3.8532536965678004
0.8300000000000001	3.918541374463339
0.8399999999999999	3.7387603948340984
0.8500000000000001	3.7282202563092675
0.8599999999999999	3.9959278049302314
0.8700000000000001	3.623741501804412
0.8799999999999999	3.704789866203508
0.8900000000000001	3.699800558701635
0.8999999999999999	3.6592188165795587
0.9100000000000001	3.774221551948096
0.9199999999999999	3.7994989596764808
0.9300000000000002	4.017452205549897
0.94	3.7771737951854076
0.9500000000000002	3.8044428936256525
0.96	3.9197881076621126
0.9700000000000002	3.769501921260147
0.98	3.895098010387586
0.9900000000000002	3.7517574951248602
1.	3.6573168340107682
1.0099999999999998	3.5381775789679404
1.0200000000000005	3.6456559682546796
1.0300000000000002	3.6138687286805564
1.04	3.5908761750151887
1.0499999999999998	3.534194214593976
1.0600000000000005	3.3951914626043864
1.0700000000000003	3.404437702690835
1.08	3.538856073336932
1.0899999999999999	3.6263850860832596
1.0999999999999996	3.538316630426685
1.1100000000000003	3.2412620553980167
1.12	2.8162718084501672
1.13	2.9172761909445897
1.1399999999999997	2.9539364285251892
1.1500000000000004	2.6151868280523276
1.1600000000000001	2.543935024241343
1.17	1.7585892369165668
1.1799999999999997	2.738413281053701
1.1900000000000004	2.2109178692471967
1.2000000000000002	2.9594137876580944
1.21	3.1010609355706475
1.2199999999999998	2.556451288893676
1.2300000000000004	2.117607424657559
1.2400000000000002	2.4698492494476785
1.25	2.8842169451987956
1.2599999999999998	2.903362337978877
1.2700000000000005	3.0720606611034023
1.2800000000000002	2.9779421663657684
1.29	2.4488316746612493
1.2999999999999998	2.685150618461272
1.3100000000000005	3.071084816284883
1.3200000000000003	3.657895944038274
1.33	3.337248840049676
1.3399999999999999	3.1702869716790736
1.3500000000000005	3.0579426394110163
1.3600000000000003	3.1222528840068158
1.37	3.1782363957821205
1.38	3.250291339205731
1.3899999999999997	3.2428147012032715
1.4000000000000004	2.9787544228563667
1.4100000000000001	2.9230531201158607
1.42	3.0374900337450974
1.4299999999999997	3.213544052004937
1.4400000000000004	3.5764906935262832
1.4500000000000002	3.4509329411835994
1.46	3.136629069216681
1.4699999999999998	3.138505208353908
1.4800000000000004	3.1794207006656245
1.4900000000000002	3.1864310814430294
1.5	3.237296968516462
1.5099999999999998	3.301504316175235
1.5200000000000005	2.9873326972813805
1.5300000000000002	2.8749178857417017
1.54	2.967902932437395
1.5499999999999998	3.2062334759328652
1.5600000000000005	3.363114526336097
1.5700000000000003	3.284008435246542
1.58	2.9798791622583276
1.5899999999999999	2.9073131957733995
1.6000000000000005	2.9868705927349755
1.6100000000000003	2.9516684221338623
1.62	3.0834759424698395
1.63	3.1164403988408758
1.6399999999999997	2.832738999567393
1.6500000000000004	2.582477191338973
1.6600000000000001	2.4552267981030687
1.67	2.6078411892658306
1.6799999999999997	2.8639452036656468
1.6900000000000004	2.7172756156126883
1.7000000000000002	2.0840131637049635
1.71	1.926912452351495
1.7199999999999998	1.7599974098436273
1.7300000000000004	1.5183328123976867
1.7400000000000002	1.6285474842452052
1.75	2.129062053045518
1.7599999999999998	2.2336321252418982
1.7700000000000005	1.702371694883148
1.7800000000000002	1.6819069023044986
1.79	1.7756889341653819
1.7999999999999998	2.7098278571528924
1.8100000000000005	2.661288216673572
1.8200000000000003	2.0208089388209807
1.83	2.4528973173436444
1.8399999999999999	2.4989884210401523
1.8500000000000005	2.415844299474424
1.8600000000000003	2.210414616200391
1.87	2.5267414178290117
1.88	2.404870736370783
1.8899999999999997	2.2157836372594804
1.9000000000000004	2.430687642901136
1.9100000000000001	2.606760818422751
1.92	2.7664908664884464
1.9299999999999997	2.745731918593398
1.9400000000000004	2.643464740935594
1.9500000000000002	2.731048055267079
1.96	2.794615337000514
1.9699999999999998	2.613646292160901
1.9800000000000004	2.467994087109854
1.9900000000000002	2.5511779705629487
2.	2.390213904591105
2.01	2.4218601323895754
2.0200000000000005	2.6289022195075757
2.0300000000000002	2.7296387250431033
2.04	2.772401055083455
2.05	2.9373311921771537
2.0600000000000005	2.83993693389183
2.0700000000000003	2.722645437383697
2.08	2.6961663459269993
2.09	2.517623202473128
2.1000000000000005	2.4281156620917765
2.1100000000000003	2.5574167219947292
2.12	2.4459874577422633
2.13	2.4668956317995216
2.1399999999999997	2.48414966089624
2.1500000000000004	2.69077701790859
2.16	2.8849637884491783
2.17	2.907798771206457
2.1799999999999997	2.6339885389851525
2.1900000000000004	2.5872641312685447
2.2	2.37168189856603
2.21	2.103113844989589
2.2199999999999998	2.1451759687946623
2.2300000000000004	2.351484404554387
2.24	2.12986755142167
2.25	1.9786223056375078
2.26	1.9927741655430704
2.2700000000000005	1.7850119651666874
2.2800000000000002	1.4364341768042173
2.29	1.6947522643750381
2.3	1.36849588860853
2.3100000000000005	1.2775827695661541
2.3200000000000003	1.406414273881554
2.33	1.1874008887343719
2.34	1.5628972940622388
2.3500000000000005	1.2560515917168305
2.3600000000000003	1.749401015515732
2.37	1.7838918811905071
2.38	1.6023192708342122
2.3899999999999997	1.5512679146069446
2.4000000000000004	2.3522548861995993
2.41	1.9795976230592593
2.42	1.7536436357401317
2.4299999999999997	1.8078609632495748
2.4400000000000004	1.8777378239255222
2.45	1.9382164530694632
2.46	2.193417978399032
2.4699999999999998	1.9865792084029594
2.4800000000000004	2.0703980328714007
2.49	1.9412044927357086
2.5	1.8628154077453551
2.51	2.111855593935194
2.5200000000000005	2.046563720520221
2.5300000000000002	2.0754666574159137
2.54	2.010225900334119
2.55	2.151238537588385
2.5600000000000005	2.294973456418353
2.5700000000000003	2.3376889129604588
2.58	2.152543777569852
2.59	2.0913850753652556
2.6000000000000005	1.8649748254439462
2.6100000000000003	1.8409248038900696
2.62	1.9956967188956332
2.63	2.2403211823285405
2.6399999999999997	2.2651745714965266
2.6500000000000004	2.3082563185600904
2.66	2.249747539657756
2.67	2.5052861275407285
2.6799999999999997	2.29806477115297
2.6900000000000004	2.096008360445112
2.7	1.9520619085293152
2.71	1.6711545761445343
2.7199999999999998	1.763679586868901
2.7300000000000004	1.9287922476018848
2.74	2.2055568673986734
2.75	2.3106643350613902
2.76	2.0751676926083293
2.7700000000000005	2.078706006704331
2.7800000000000002	2.2519867785298957
2.79	1.7272102778994323
2.8	1.4963026727982172
2.8100000000000005	1.3304735967760926
2.8200000000000003	1.123115945337569
2.83	0.9064728300037393
2.84	1.456281799574114
2.8500000000000005	1.457320806817515
2.8600000000000003	1.3875222382158334
2.87	1.2570622033770165
2.88	1.2338663809480386
2.8899999999999997	0.8665269262452416
2.9000000000000004	1.2045859946008621
2.91	1.3137798560547407
2.92	1.1918384340384955
2.9299999999999997	1.107585240486387
2.9400000000000004	1.1048462316767962
2.95	1.5508048911508012
2.96	1.4591176267430108
2.9699999999999998	1.4594640246927943
2.9800000000000004	1.3592155730481559
2.99	1.2906249259475586
3.	1.6782311465018867