-3.	1.531522577095306
-2.99	1.5128783047132632
-2.98	1.6994937067562437
-2.97	1.2713183472198857
-2.96	1.2691859877406313
-2.95	1.3886186966331193
-2.94	1.419453963173359
-2.93	1.1756033513658803
-2.92	1.3119690957811232
-2.91	1.030341555649442
-2.9	1.0241084967881362
-2.89	1.375522275319607
-2.88	1.2591873200101704
-2.87	0.9835201913757566
-2.86	1.0968296635002395
-2.85	1.26059139596148
-2.84	1.0760539200213664
-2.83	1.1275143221670287
-2.82	1.6272361955891423
-2.81	1.2385501310948512
-2.8	1.4299319157709078
-2.79	1.6495274238172837
-2.78	1.6816758299422767
-2.77	1.8631347370947697
-2.76	2.1860292463565703
-2.75	2.1145038106729115
-2.74	2.0362188138801223
-2.73	2.223423872114269
-2.7199999999999998	2.485256802899344
-2.71	2.1781986233603927
-2.7	1.7854561008542087
-2.69	1.6210012058402437
-2.68	1.9000933893475431
-2.67	2.0316612756311625
-2.66	2.3329248688334654
-2.65	2.533069308263053
-2.64	2.384804555229808
-2.63	2.1952626678520093
-2.62	2.2752323003283
-2.61	2.2800020809536607
-2.6	2.0513699675105337
-2.59	1.7959394332062324
-2.58	1.8164192330997926
-2.57	2.01495383648018
-2.56	2.036295766983451
-2.55	2.310131127326711
-2.54	2.522560486136485
-2.53	2.3067223450554164
-2.52	1.950347554286056
-2.51	2.0200900023817994
-2.5	1.8972150652529254
-2.49	2.1843399268087214
-2.48	1.7764737242687978
-2.4699999999999998	1.8848947359559527
-2.46	1.9656969463990641
-2.45	2.0448668742335316
-2.44	2.0901702589082216
-2.4299999999999997	2.1570695673444344
-2.42	1.8995659336989796
-2.41	1.663705515148109
-2.4	1.5904510900055662
-2.39	1.872892233372304
-2.38	2.0576404560189774
-2.37	1.6953271539793355
-2.36	1.3789631061430798
-2.35	1.7555833057305315
-2.34	1.82219740789657
-2.33	1.258173388818946
-2.32	1.6171324689576219
-2.31	1.1613887456680254
-2.3	1.2755313593152973
-2.29	1.3475328774285293
-2.2800000000000002	1.4827967009285377
-2.27	2.008035547959808
-2.26	2.2554826277391236
-2.25	2.1648818515108763
-2.24	2.317156100266869
-2.23	2.1738588579257856
-2.2199999999999998	2.2753107796043945
-2.21	2.436525474190327
-2.2	2.329494105943697
-2.19	2.0895438885777855
-2.1799999999999997	2.3724051478518833
-2.17	2.608084846888991
-2.16	2.617190074410597
-2.15	2.732495085112475
-2.14	2.956749715447507
-2.13	2.834967261000386
-2.12	2.591313091793489
-2.11	2.4333921036371384
-2.1	2.4053602891646397
-2.09	2.5403286501096494
-2.08	2.5131255624239324
-2.07	2.536607096609586
-2.06	2.7071413215227427
-2.05	2.7302177726752346
-2.04	2.7769296424081995
-2.0300000000000002	2.8466570799170627
-2.02	2.8659058845601693
-2.01	2.711256807202287
-2.	2.6592847631235186
-1.99	2.353639429953689
-1.98	2.3090938154782186
-1.97	2.5021734024033
-1.96	2.4612641416304064
-1.95	2.6695496942064194
-1.94	2.7750976333677433
-1.93	2.737178162926615
-1.92	2.6354639375884146
-1.91	2.614234377378221
-1.9	2.7352830312447587
-1.89	2.4353003195399356
-1.88	2.493510824044729
-1.8699999999999999	2.1260236027635098
-1.8599999999999999	2.2832873621245584
-1.8499999999999999	2.392984404071344
-1.84	2.1399964430140264
-1.83	2.5741463337481694
-1.82	2.51010723687035
-1.81	2.5155248007571744
-1.8	1.7826766001277663
-1.79	2.2620359585776533
-1.78	2.4244541875279637
-1.77	1.6447631365275974
-1.76	1.3206046584709852
-1.75	1.5538602794958842
-1.74	1.930526549784526
-1.73	1.9159824841086492
-1.72	1.862817272259257
-1.71	1.7160194921553475
-1.7	1.8804840209973384
-1.69	2.411730181535701
-1.68	2.483304695867241
-1.67	2.7352117446638786
-1.66	2.820792097237454
-1.65	2.760168640314988
-1.64	2.5312781936573083
-1.63	2.6545255045531007
-1.6199999999999999	2.7917970138773036
-1.6099999999999999	3.119056409939051
-1.5999999999999999	3.3454934936434246
-1.59	3.1418836025981345
-1.58	3.0587925809766747
-1.57	2.916947980891161
-1.56	3.0401264279891245
-1.55	3.1510190233087183
-1.54	3.137017919856932
-1.53	3.186411564323826
-1.52	2.897939157555412
-1.51	2.9237474959344465
-1.5	2.860511169183213
-1.49	3.236289932097139
-1.48	3.367252982776655
-1.47	3.228869031968763
-1.46	3.192363718303879
-1.45	3.111902424541975
-1.44	3.054077969395778
-1.43	3.2350850847014705
-1.42	3.237031508572486
-1.41	3.1570818534551424
-1.4	2.971175041945413
-1.39	2.947355763954224
-1.38	2.8210553453602496
-1.3699999999999999	3.197971267278013
-1.3599999999999999	3.2653609809205495
-1.3499999999999999	3.0439899480248225
-1.3399999999999999	3.0679535931230686
-1.33	3.048243312490466
-1.32	3.011009653689971
-1.31	2.966685962347893
-1.3	3.270628070167117
-1.29	2.866848720694429
-1.28	2.533160038856002
-1.27	2.184529071351411
-1.26	2.8025506143029437
-1.25	2.961143125377714
-1.24	2.6874138766613225
-1.23	2.484945216937903
-1.22	2.3466808964415042
-1.21	2.0827420974792896
-1.2	2.0682876277050024
-1.19	2.2234168434790798
-1.18	2.741149923834461
-1.17	1.8753348026278067
-1.16	1.1658610359443138
-1.15	2.605945234352903
-1.14	2.9558925198335246
-1.13	3.108080055296206
-1.1199999999999999	3.124812470947558
-1.1099999999999999	3.127335164371556
-1.0999999999999999	3.026958914143494
-1.0899999999999999	3.2312976218952394
-1.08	3.435541621567968
-1.07	3.592919575469764
-1.06	3.535389117872128
-1.05	3.4647531198205614
-1.04	3.430511973014171
-1.03	3.4569507463048286
-1.02	3.6368138156240564
-1.01	3.688586711633803
-1.	3.560896546196954
-0.9899999999999998	3.5548129132613067
-0.98	3.5312575516375
-0.9699999999999998	3.612567245080815
-0.96	3.7043193569861166
-0.9500000000000002	3.5521638324242093
-0.94	3.757764199403442
-0.9300000000000002	3.7760413679540514
-0.9199999999999999	3.68793678005329
-0.9100000000000001	3.9855383820245835
-0.8999999999999999	3.8190291753646743
-0.8900000000000001	3.6795983842889166
-0.8799999999999999	3.5809883706980163
-0.8700000000000001	3.588690937668728
-0.8599999999999999	3.449999342852393
-0.8500000000000001	3.3973264941862222
-0.8399999999999999	3.6631883031438894
-0.8300000000000001	3.6101019311514664
-0.8199999999999998	3.4516630289518226
-0.81	3.71270089508257
-0.7999999999999998	3.7422847626890885
-0.79	3.952940577532055
-0.7799999999999998	3.751887464173432
-0.77	3.065327647809226
-0.7599999999999998	2.484968344083452
-0.75	2.822546715520629
-0.7399999999999998	3.1398842582949875
-0.73	2.6487929274600175
-0.7199999999999998	2.5225652059102996
-0.71	1.9587379587885838
-0.6999999999999997	2.3533288836213986
-0.69	2.5628645372552765
-0.6800000000000002	3.060076880463535
-0.6699999999999999	2.8339438521923594
-0.6600000000000001	2.6872071464308958
-0.6499999999999999	3.135812503924242
-0.6400000000000001	3.363846727966688
-0.6299999999999999	3.3254997949341587
-0.6200000000000001	3.4128080233230103
-0.6099999999999999	3.6753884351818407
-0.6000000000000001	3.8426088553868447
-0.5899999999999999	3.9551752979717594
-0.5800000000000001	4.026622783576397
-0.5699999999999998	3.9223588607805833
-0.56	3.9515821978497288
-0.5499999999999998	4.109930331008598
-0.54	4.073566399973283
-0.5299999999999998	3.955052300553541
-0.52	4.017912547627311
-0.5099999999999998	4.062119074320499
-0.5	4.030086193270199
-0.48999999999999977	3.926549015588444
-0.48	3.9675824967460445
-0.46999999999999975	4.0743610586633
-0.45999999999999996	4.090493302902143
-0.44999999999999973	4.100487256249444
-0.43999999999999995	4.489209652583279
-0.43000000000000016	4.300269162824835
-0.41999999999999993	4.011059186691856
-0.41000000000000014	3.878962532786358
-0.3999999999999999	3.7181270635882537
-0.3900000000000001	3.6960349122701333
-0.3799999999999999	3.3673817134252517
-0.3700000000000001	3.338302564224421
-0.3599999999999999	3.8457860516884934
-0.3500000000000001	3.104511659283352
-0.33999999999999986	2.0692490746467866
-0.33000000000000007	2.6624472936713066
-0.31999999999999984	2.4331685789900286
-0.31000000000000005	2.0677262711641284
-0.2999999999999998	2.623339356332455
-0.29000000000000004	3.053880919433154
-0.2799999999999998	3.0368068174424496
-0.27	2.9720952243737297
-0.2599999999999998	3.221813330803663
-0.25	3.488514523834518
-0.23999999999999977	3.7022018963821814
-0.22999999999999998	3.6836102873628964
-0.21999999999999975	3.831987605260062
-0.20999999999999996	3.991609628451491
-0.19999999999999973	3.969566064601283
-0.18999999999999995	4.197308329060357
-0.18000000000000016	4.602321242797641
-0.16999999999999993	4.064740175034684
-0.16000000000000014	3.826931509209901
-0.1499999999999999	3.8630146848051723
-0.14000000000000012	3.653305425697322
-0.1299999999999999	3.7726532563748307
-0.1200000000000001	3.6057810948106015
-0.10999999999999988	3.072701408902643
-0.10000000000000009	3.0836871075526835
-0.08999999999999986	2.6423849024312607
-0.08000000000000007	3.3179196546446654
-0.06999999999999984	2.3980549564722216
-0.06000000000000005	2.40082804016483
-0.04999999999999982	2.166219780698197
-0.040000000000000036	2.344390863369456
-0.029999999999999805	2.327140540321404
-0.020000000000000018	2.51533227492922
-0.009999999999999787	2.641970611045268
0.	2.776150215248756
0.010000000000000231	2.579698166178328
0.020000000000000018	2.3317125111570287
0.03000000000000025	2.12318869636409
0.040000000000000036	1.910616490138279
0.050000000000000266	2.0153432752538896
0.06000000000000005	1.8529107596207375
0.07000000000000028	2.248860219665876
0.08000000000000007	5.460957125817984
0.08999999999999986	2.3681027679825357
0.10000000000000009	1.7393011957400861
0.10999999999999988	2.049505414921819
0.1200000000000001	2.5066528482215062
0.1299999999999999	2.7168335374005657
0.14000000000000012	2.7954348888579905
0.1499999999999999	3.1014111926089956
0.16000000000000014	3.1361327999061848
0.16999999999999993	3.2197892831667394
0.18000000000000016	3.130752663660545
0.18999999999999995	3.079155605712663
0.20000000000000018	2.836374332026803
0.20999999999999996	2.887823543530546
0.2200000000000002	2.8311175055444386
0.22999999999999998	2.8234415013071175
0.2400000000000002	2.7907163248265054
0.25	2.5934068635789727
0.26000000000000023	2.4007885677777905
0.27	2.5913772460659237
0.28000000000000025	2.306544128542791
0.29000000000000004	2.0231026557883713
0.30000000000000027	1.8834047259109183
0.31000000000000005	1.6207112629799572
0.3200000000000003	2.7195852893491357
0.33000000000000007	1.8219040876167814
0.33999999999999986	1.9309017015946628
0.3500000000000001	2.3863463234839486
0.3599999999999999	2.3049180342459867
0.3700000000000001	2.4729484554904535
0.3799999999999999	2.92362041716935
0.3900000000000001	3.1187839114179146
0.3999999999999999	2.988925094438524
0.41000000000000014	3.108319790700666
0.41999999999999993	3.3301200851800017
0.43000000000000016	3.3043421760521343
0.43999999999999995	3.1776114423425708
0.4500000000000002	3.1403258091153905
0.45999999999999996	3.22222608132476
0.4700000000000002	3.3576567339234047
0.48	3.392162959629182
0.4900000000000002	3.325392942295778
0.5	3.3892964424199428
0.5100000000000002	3.3883261692229287
0.52	3.3642187286369354
0.5300000000000002	3.2556116573530027
0.54	3.256287433734403
0.5500000000000003	3.249249632782319
0.56	3.122675427254416
0.5700000000000003	3.0691373156729833
0.5800000000000001	3.116830738090228
0.5899999999999999	3.047430177022224
0.6000000000000001	3.0291716917537466
0.6099999999999999	2.998809773158063
0.6200000000000001	2.923474618943561
0.6299999999999999	2.6756550776338717
0.6400000000000001	2.5726548893317105
0.6499999999999999	2.492242923780644
0.6600000000000001	2.3791802680420804
0.6699999999999999	2.145108925290797
0.6800000000000002	1.5008479754218327
0.69	2.70745432665651
0.7000000000000002	1.8082652265529118
0.71	2.0145527744411367
0.7200000000000002	2.182432031282452
0.73	1.9809886392133058
0.7400000000000002	2.1453534796499665
0.75	2.6632698409803512
0.7600000000000002	2.8733901772428974
0.77	2.846429383560724
0.7800000000000002	2.554156821036687
0.79	2.618584566615252
0.8000000000000003	2.826674603741606
0.81	2.9309247742130644
0.8200000000000003	3.0353219834960936
0.8300000000000001	3.0643282661507945
0.8399999999999999	3.013680231695432
0.8500000000000001	3.0679234813885925
0.8599999999999999	3.196735610094453
0.8700000000000001	3.258549747621018
0.8799999999999999	3.101890444160872
0.8900000000000001	3.0731043946691585
0.8999999999999999	3.1400219103537417
0.9100000000000001	3.0841734068030573
0.9199999999999999	3.095270368449553
0.9300000000000002	3.0845060243162714
0.94	3.1550541678217243
0.9500000000000002	3.093934856718897
0.96	3.1482006864446244
0.9700000000000002	3.175875497806047
0.98	3.1670126852400102
0.9900000000000002	3.1382411056910824
1.	3.086604799287075
1.0099999999999998	3.0018297616670226
1.0200000000000005	3.0356254271543013
1.0300000000000002	3.000998740684664
1.04	2.9193929920883033
1.0499999999999998	2.931258835240309
1.0600000000000005	2.8410940294594513
1.0700000000000003	2.7867331231768695
1.08	2.7654950421392246
1.0899999999999999	2.7795241756932527
1.0999999999999996	2.828576852044586
1.1100000000000003	2.662804989946093
1.12	2.387261840951722
1.13	2.1674973476372217
1.1399999999999997	2.1188485939681367
1.1500000000000004	1.8708610137957353
1.1600000000000001	1.7128853566670594
1.17	1.5126262505166632
1.1799999999999997	1.797752532515969
1.1900000000000004	1.4960526176787288
1.2000000000000002	1.8627748160107205
1.21	2.223672669887865
1.2199999999999998	2.18737102497288
1.2300000000000004	2.155947660579032
1.2400000000000002	1.7976346013150364
1.25	2.085853692216882
1.2599999999999998	2.419642040614736
1.2700000000000005	2.501035891425313
1.2800000000000002	2.535294207755119
1.29	2.4198940916376537
1.2999999999999998	2.299081350510412
1.3100000000000005	2.464869551081059
1.3200000000000003	2.7304060716714904
1.33	2.8238686322451407
1.3399999999999999	2.7263403879864043
1.3500000000000005	2.7114639598674817
1.3600000000000003	2.643217278207957
1.37	2.655399886730949
1.38	2.6982622243532624
1.3899999999999997	2.7587823802344653
1.4000000000000004	2.793495570771421
1.4100000000000001	2.7148779123955173
1.42	2.642896161726713
1.4299999999999997	2.722054956046264
1.4400000000000004	2.8349835424433167
1.4500000000000002	2.8459247165896433
1.46	2.770194317455076
1.4699999999999998	2.708223416816423
1.4800000000000004	2.700594526234965
1.4900000000000002	2.7117463323472792
1.5	2.6744529889564475
1.5099999999999998	2.689670854742429
1.5200000000000005	2.757005629440584
1.5300000000000002	2.625538448273706
1.54	2.5928927017309817
1.5499999999999998	2.685469844182229
1.5600000000000005	2.767456042795805
1.5700000000000003	2.780847023156581
1.58	2.638537172301885
1.5899999999999999	2.529067422031106
1.6000000000000005	2.532162773668011
1.6100000000000003	2.518843084904229
1.62	2.4873970343848684
1.63	2.4474497843649976
1.6399999999999997	2.491557255181654
1.6500000000000004	2.3970426758690184
1.6600000000000001	2.193676510815104
1.67	2.0783326618567384
1.6799999999999997	2.0739195176558223
1.6900000000000004	2.0378202120822975
1.7000000000000002	1.786182064291511
1.71	1.368164157527896
1.7199999999999998	1.3709284188744502
1.7300000000000004	1.4124333705161025
1.7400000000000002	1.3541144911907461
1.75	1.547806013224004
1.7599999999999998	1.8045989479120095
1.7700000000000005	1.8877991416393274
1.7800000000000002	1.5809758634012063
1.79	1.6420091528007097
1.7999999999999998	1.7957595885942883
1.8100000000000005	2.1272509629359493
1.8200000000000003	2.0504218899952806
1.83	1.944004090922465
1.8399999999999999	2.0472283213926628
1.8500000000000005	1.9451275644278874
1.8600000000000003	1.9948129067722766
1.87	2.1337330141634374
1.88	2.23457166995761
1.8899999999999997	2.254219838199383
1.9000000000000004	2.1420405722447384
1.9100000000000001	2.2088936878739696
1.92	2.2543488654871364
1.9299999999999997	2.3011557639266647
1.9400000000000004	2.3127302557779603
1.9500000000000002	2.1982893260308036
1.96	2.3122859206135025
1.9699999999999998	2.3132706825110483
1.9800000000000004	2.285773807193271
1.9900000000000002	2.2732782163708753
2.	2.3002936046919027
2.01	2.2498867175351553
2.0200000000000005	2.207432446518168
2.0300000000000002	2.2690805631199154
2.04	2.363785148748518
2.05	2.330432859973869
2.0600000000000005	2.392438221708585
2.0700000000000003	2.347148282064458
2.08	2.3355899312051545
2.09	2.2955641700373772
2.1000000000000005	2.2730830505216053
2.1100000000000003	2.2609724301500727
2.12	2.2334938207166726
2.13	2.212080453523581
2.1399999999999997	2.136818220391183
2.1500000000000004	2.1054633475327855
2.16	2.192201771355326
2.17	2.297252070382894
2.1799999999999997	2.308760575951641
2.1900000000000004	2.1579796212522204
2.2	2.1094724778980742
2.21	1.9961440285179728
2.2199999999999998	1.8380021681483913
2.2300000000000004	1.832031056562377
2.24	1.8256889397463196
2.25	1.7232437940810377
2.26	1.5460452155457525
2.2700000000000005	1.3707617687970672
2.2800000000000002	0.9749562645728329
2.29	1.4189052379080067
2.3	1.2187165975295988
2.3100000000000005	1.2355394946496285
2.3200000000000003	1.2496323737658581
2.33	1.264921452577109
2.34	1.087835310273109
2.3500000000000005	1.207858115166018
2.3600000000000003	1.3245129870757324
2.37	1.4793886248798076
2.38	1.5640689635932112
2.3899999999999997	1.3640502695520826
2.4000000000000004	1.4949861906857196
2.41	1.9133891785704895
2.42	1.7317256351638552
2.4299999999999997	1.666560996170968
2.4400000000000004	1.660223473984233
2.45	1.62272075848897
2.46	1.5433280841344643
2.4699999999999998	1.7178387537880944
2.4800000000000004	1.749701862962867
2.49	1.8197226615485964
2.5	1.7799090941964446
2.51	1.7197244618251344
2.5200000000000005	1.8422102798524598
2.5300000000000002	1.8648314813470397
2.54	1.8122711580080029
2.55	1.7451317654703677
2.5600000000000005	1.7776076012809727
2.5700000000000003	1.8512419752794846
2.58	1.8904326976607835
2.59	1.8872612585049382
2.6000000000000005	1.8225419937153997
2.6100000000000003	1.7572734550016926
2.62	1.7428612980862603
2.63	1.8196990735319158
2.6399999999999997	1.8034961309804571
2.6500000000000004	1.8146174920313887
2.66	1.8484704660418765
2.67	1.8319959393829817
2.6799999999999997	1.868090048958596
2.6900000000000004	1.8706516805790747
2.7	1.793861006530953
2.71	1.7102314516287724
2.7199999999999998	1.6446433074851092
2.7300000000000004	1.617933254285826
2.74	1.6681958623705222
2.75	1.6934473146111821
2.76	1.8103458931445515
2.7700000000000005	1.6902778159237906
2.7800000000000002	1.5968851593896647
2.79	1.554437163212038
2.8	1.388609153888593
2.8100000000000005	1.140546836897846
2.8200000000000003	0.9727562787106051
2.83	0.9466570084455969
2.84	1.0840416237625718
2.8500000000000005	1.275661754314838
2.8600000000000003	1.057019788437407
2.87	1.1184732162942739
2.88	1.026037853093379
2.8899999999999997	1.058720807972624
2.9000000000000004	0.9750431420272492
2.91	0.9618504253245013
2.92	1.0354094875037887
2.9299999999999997	1.124577889817687
2.9400000000000004	0.989184976380118
2.95	1.0331755889444998
2.96	1.217076768325712
2.9699999999999998	1.300379046025932
2.9800000000000004	1.2885596035311457
2.99	1.1468889543932186
3.	1.1541006927438797