-3.	1.837290328331672
-2.99	1.7264432048592
-2.98	1.7202321849573978
-2.97	1.1058698751154683
-2.96	1.3832712951422954
-2.95	1.508704777932315
-2.94	1.6148498811891603
-2.93	2.006035987549244
-2.92	1.129120457063715
-2.91	1.2109731766495762
-2.9	1.4334986914029613
-2.89	1.1897391491887124
-2.88	1.388851400247435
-2.87	1.0699125362968007
-2.86	1.6686366108093325
-2.85	1.2586175085101001
-2.84	1.4878205957644919
-2.83	1.332539346734666
-2.82	1.1351037549394245
-2.81	1.351840584284354
-2.8	1.5467520288378553
-2.79	1.777928147442434
-2.78	1.7817318635857857
-2.77	2.3427260295169043
-2.76	2.7138858879670407
-2.75	2.193191309181511
-2.74	2.3011625121669748
-2.73	2.653482568697741
-2.7199999999999998	2.675678348118613
-2.71	2.0903130343886596
-2.7	1.6720760669501666
-2.69	1.7686044461064259
-2.68	2.194401962596211
-2.67	2.3478449840939977
-2.66	2.86847539544881
-2.65	2.875685376447442
-2.64	2.3544022387076007
-2.63	2.523188259973761
-2.62	2.501747203238009
-2.61	2.316592173332346
-2.6	1.8592968780832475
-2.59	1.883963313773969
-2.58	1.94141417258094
-2.57	2.2403243316385058
-2.56	2.2984313927194853
-2.55	2.769212494052803
-2.54	2.672991263634222
-2.53	2.1147115854565603
-2.52	2.1563182317111136
-2.51	2.0822692700869507
-2.5	2.1784584561996665
-2.49	2.252500198628452
-2.48	2.0133172091233607
-2.4699999999999998	1.934580505463865
-2.46	2.3631324709868444
-2.45	1.8391047220190007
-2.44	2.640368919232494
-2.4299999999999997	1.9592482074854851
-2.42	2.0433571067105074
-2.41	1.6409617064011628
-2.4	1.8879186985308143
-2.39	1.9916042115448138
-2.38	2.8113962361156117
-2.37	1.1579390262972706
-2.36	1.7579468994464846
-2.35	1.8806930966979212
-2.34	1.6714584145683014
-2.33	1.516909314588471
-2.32	1.4820632044735143
-2.31	1.2227965287263083
-2.3	1.2664538437955686
-2.29	1.5515004628822762
-2.2800000000000002	1.771066571716681
-2.27	2.4187986238894954
-2.26	2.4961344908520493
-2.25	2.692385448582991
-2.24	2.3802491456789685
-2.23	2.2424704025129465
-2.2199999999999998	2.6124555138201924
-2.21	2.633064341699522
-2.2	2.091121625433818
-2.19	2.3769554950274103
-2.1799999999999997	2.6215077263803304
-2.17	2.8565917384095143
-2.16	2.839202519912932
-2.15	3.3754793543090105
-2.14	3.207803342704171
-2.13	2.936814182549517
-2.12	2.533908247009138
-2.11	2.610749477827003
-2.1	2.5186825750766544
-2.09	2.791069766186007
-2.08	2.4221609963027704
-2.07	2.716290935065724
-2.06	2.8539804804231337
-2.05	2.9069192334544063
-2.04	3.148500666471654
-2.0300000000000002	3.381187145914128
-2.02	2.9626253621854945
-2.01	2.8632026784890967
-2.	2.6736167144197736
-1.99	2.4773050024725913
-1.98	2.4780690858671677
-1.97	2.7013428328965046
-1.96	2.652481652711598
-1.95	2.7855269758853205
-1.94	2.9718927875687564
-1.93	2.7450735862437177
-1.92	2.972693530580062
-1.91	2.8778970372150874
-1.9	2.8275244997132996
-1.89	2.687352125654266
-1.88	2.2501799908517364
-1.8699999999999999	2.2730303467487403
-1.8599999999999999	2.4634695172535586
-1.8499999999999999	2.6159682238471507
-1.84	2.2649596034655164
-1.83	2.352658056034671
-1.82	2.7851377963068016
-1.81	2.308578551858716
-1.8	2.203149076501688
-1.79	2.701833477558223
-1.78	2.6125054672376073
-1.77	1.6740299501630702
-1.76	1.3194456520216873
-1.75	1.8821492610760757
-1.74	2.3405938807737146
-1.73	2.044680091192658
-1.72	1.812886787917623
-1.71	1.1798311554849192
-1.7	2.3336459263737583
-1.69	2.346624081777626
-1.68	2.805922052561819
-1.67	3.0767844401041575
-1.66	3.215459423068151
-1.65	2.6747331645855783
-1.64	2.7524325250404607
-1.63	2.7976455590397973
-1.6199999999999999	3.178882484344984
-1.6099999999999999	3.4644592608071263
-1.5999999999999999	3.6162115159796726
-1.59	3.3105500415688183
-1.58	3.1713136770154553
-1.57	2.953876153743772
-1.56	3.4456571293261318
-1.55	3.496095809604625
-1.54	3.510763494255948
-1.53	3.2692565218936016
-1.52	3.108149601326207
-1.51	2.9216418210040724
-1.5	3.280265874072258
-1.49	3.5463371153362186
-1.48	3.5169779885739696
-1.47	3.4532494638034223
-1.46	3.2906568984916444
-1.45	3.1994851036729153
-1.44	3.569079585819826
-1.43	3.6586441603593713
-1.42	3.6511890596804784
-1.41	3.2863263462828542
-1.4	3.1078491950810174
-1.39	2.855485284584056
-1.38	3.2183493719290435
-1.3699999999999999	3.522861792769551
-1.3599999999999999	3.4406410389519277
-1.3499999999999999	3.5151221160639414
-1.3399999999999999	3.0094557441605896
-1.33	3.45236051987063
-1.32	3.326248307853618
-1.31	3.6122598072833334
-1.3	3.8423019159065035
-1.29	3.1087735944981483
-1.28	2.5328937329684647
-1.27	2.5158937753777617
-1.26	3.165060894004752
-1.25	3.2232243876501485
-1.24	2.6030272612460847
-1.23	3.2915341533535116
-1.22	1.5869833982443988
-1.21	2.884426048731853
-1.2	2.2497476269988557
-1.19	3.5136790265633735
-1.18	2.6498097481883116
-1.17	3.400421995201431
-1.16	1.7629367447389432
-1.15	3.1179336707821017
-1.14	3.437821875312102
-1.13	3.4660224743303325
-1.1199999999999999	3.5178192994212942
-1.1099999999999999	3.323125293530247
-1.0999999999999999	3.3007985288872694
-1.0899999999999999	3.7526190037645706
-1.08	4.0558400202663645
-1.07	3.9378050181886253
-1.06	3.935230877138983
-1.05	3.864678216384442
-1.04	3.7493963008139817
-1.03	3.940638783124663
-1.02	4.093788242637851
-1.01	3.9281916593704045
-1.	3.741801844536514
-0.9899999999999998	3.981560386112492
-0.98	3.9674059400967434
-0.9699999999999998	4.160197720506603
-0.96	4.008293668601962
-0.9500000000000002	4.0588428601166715
-0.94	4.438366427354857
-0.9300000000000002	4.072240582594108
-0.9199999999999999	4.214689755450929
-0.9100000000000001	4.622392281099499
-0.8999999999999999	4.147197117263761
-0.8900000000000001	3.8513797263611576
-0.8799999999999999	3.9427663411489657
-0.8700000000000001	3.929948515291953
-0.8599999999999999	3.781764313639272
-0.8500000000000001	3.859043092200217
-0.8399999999999999	4.155969989281962
-0.8300000000000001	3.73773119846386
-0.8199999999999998	3.99689637781244
-0.81	4.300431567824844
-0.7999999999999998	3.9125826247414643
-0.79	4.855845027874396
-0.7799999999999998	3.9220151358780724
-0.77	3.133605427803119
-0.7599999999999998	2.878465135675625
-0.75	3.3800613794772056
-0.7399999999999998	3.8560149695076626
-0.73	2.7183164315280774
-0.7199999999999998	3.161903455472163
-0.71	2.1477145287368122
-0.6999999999999997	2.9552966900603352
-0.69	2.8832093334000297
-0.6800000000000002	3.550021872738278
-0.6699999999999999	3.2323867714950847
-0.6600000000000001	3.2802718627405225
-0.6499999999999999	3.7643174242091955
-0.6400000000000001	3.8811112112901434
-0.6299999999999999	3.8420383874028534
-0.6200000000000001	3.983772129942309
-0.6099999999999999	4.579300710332827
-0.6000000000000001	4.345723471016412
-0.5899999999999999	4.776305799777483
-0.5800000000000001	4.340977005119303
-0.5699999999999998	4.489146563463734
-0.56	4.691814546449842
-0.5499999999999998	4.833572428268002
-0.54	4.599727895883246
-0.5299999999999998	4.546457518073525
-0.52	4.580555987839744
-0.5099999999999998	4.56629137441181
-0.5	4.527233277872138
-0.48999999999999977	4.54805340391026
-0.48	4.473007112286181
-0.46999999999999975	4.775059015747391
-0.45999999999999996	4.742442892830686
-0.44999999999999973	5.002672824667892
-0.43999999999999995	5.149038129156936
-0.43000000000000016	4.915364688257336
-0.41999999999999993	4.51607227023419
-0.41000000000000014	4.436874691275798
-0.3999999999999999	4.304176803171902
-0.3900000000000001	4.197160350399302
-0.3799999999999999	3.8054801046791655
-0.3700000000000001	4.437462292733925
-0.3599999999999999	3.746297700681228
-0.3500000000000001	3.096426526680731
-0.33999999999999986	2.9904505235678642
-0.33000000000000007	3.1472211278541398
-0.31999999999999984	3.300204893993902
-0.31000000000000005	2.3467683552154277
-0.2999999999999998	3.5440363762940175
-0.29000000000000004	3.438163844380235
-0.2799999999999998	3.79991283627116
-0.27	3.850347969676923
-0.2599999999999998	4.097942112418067
-0.25	4.505199122265685
-0.23999999999999977	4.537212343614478
-0.22999999999999998	4.63537190289398
-0.21999999999999975	5.019917426265931
-0.20999999999999996	4.788689816947025
-0.19999999999999973	4.938729417714792
-0.18999999999999995	5.244381708490954
-0.18000000000000016	5.306760357514004
-0.16999999999999993	4.918306728194679
-0.16000000000000014	4.89071933355519
-0.1499999999999999	4.8025859513602285
-0.14000000000000012	4.5748966571176135
-0.1299999999999999	5.085937886997299
-0.1200000000000001	4.402424523045755
-0.10999999999999988	4.180258081367937
-0.10000000000000009	3.899867875860295
-0.08999999999999986	2.9982879855117375
-0.08000000000000007	3.7576959431020067
-0.06999999999999984	3.6760554140489847
-0.06000000000000005	3.513628099573407
-0.04999999999999982	3.8165262697424707
-0.040000000000000036	4.021041270197539
-0.029999999999999805	4.7014247322016836
-0.020000000000000018	4.869823667838435
-0.009999999999999787	5.348318775316594
0.	5.83592533538582
0.010000000000000231	5.268525187651351
0.020000000000000018	4.831935175946863
0.03000000000000025	4.52099435238333
0.040000000000000036	4.172683294877699
0.050000000000000266	3.4418832070159886
0.06000000000000005	3.290593671217849
0.07000000000000028	2.7720115543678037
0.08000000000000007	4.234490655375564
0.08999999999999986	2.9201047223949574
0.10000000000000009	3.3436800498389907
0.10999999999999988	3.7628084288325665
0.1200000000000001	4.162781800990718
0.1299999999999999	4.241788597879455
0.14000000000000012	4.519877284837123
0.1499999999999999	4.514584246679593
0.16000000000000014	4.3250690742080025
0.16999999999999993	4.679140846012627
0.18000000000000016	4.593255300646581
0.18999999999999995	4.330224172602928
0.20000000000000018	4.095729036817077
0.20999999999999996	4.095223523119593
0.2200000000000002	3.958208608896803
0.22999999999999998	4.075076617999252
0.2400000000000002	3.97661034232077
0.25	3.5869792200071533
0.26000000000000023	3.6299560348628295
0.27	3.711296225923861
0.28000000000000025	3.2522236285278296
0.29000000000000004	2.843748812734395
0.30000000000000027	2.6950306563640316
0.31000000000000005	2.348557539052413
0.3200000000000003	3.3835202143797356
0.33000000000000007	2.2944682925282063
0.33999999999999986	3.1907978728310065
0.3500000000000001	3.250416618438937
0.3599999999999999	2.59775095270186
0.3700000000000001	3.5755941612117295
0.3799999999999999	4.080997110721706
0.3900000000000001	3.7496753249187282
0.3999999999999999	3.665426423178266
0.41000000000000014	4.207631081775977
0.41999999999999993	4.107092695625805
0.43000000000000016	4.052791692344322
0.43999999999999995	3.880124611967027
0.4500000000000002	4.025805949587287
0.45999999999999996	4.2223966479193225
0.4700000000000002	4.273376185771442
0.48	4.177114401603638
0.4900000000000002	4.204575391127135
0.5	4.11093736167568
0.5100000000000002	4.165985706198786
0.52	4.08583620333931
0.5300000000000002	4.018741192089339
0.54	3.9835767085518294
0.5500000000000003	3.9832586363850533
0.56	3.7711671633714103
0.5700000000000003	3.9081380533134045
0.5800000000000001	3.8745141457715837
0.5899999999999999	3.714944913289673
0.6000000000000001	3.8273893912390267
0.6099999999999999	3.994133834758395
0.6200000000000001	3.6218065008922102
0.6299999999999999	3.4260651630275722
0.6400000000000001	3.2833822675592366
0.6499999999999999	3.1598577676582984
0.6600000000000001	3.222970694176677
0.6699999999999999	2.728883821350046
0.6800000000000002	1.7176837728969576
0.69	3.376156568872945
0.7000000000000002	2.5430325180212283
0.71	3.0383831218897384
0.7200000000000002	2.6278147637579665
0.73	2.2319766665446834
0.7400000000000002	3.0150002072963984
0.75	2.962484126706625
0.7600000000000002	3.5927772511571603
0.77	3.077244765893049
0.7800000000000002	2.731232542895429
0.79	3.2057789869375486
0.8000000000000003	3.5178546133325064
0.81	3.7115281656008237
0.8200000000000003	3.5959003362300117
0.8300000000000001	3.774111490946585
0.8399999999999999	3.5566992193004943
0.8500000000000001	3.509701018815035
0.8599999999999999	3.8362520703268075
0.8700000000000001	3.6132094196013833
0.8799999999999999	3.574960561819371
0.8900000000000001	3.604479228818338
0.8999999999999999	3.5971557529047513
0.9100000000000001	3.6035868242637408
0.9199999999999999	3.61082110774945
0.9300000000000002	3.7388803552902945
0.94	3.716731073968226
0.9500000000000002	3.649974903151472
0.96	3.7782268549199975
0.9700000000000002	3.657146860108645
0.98	3.7181798640878507
0.9900000000000002	3.687327083585863
1.	3.4725827392048347
1.0099999999999998	3.485249643050421
1.0200000000000005	3.4686800820138495
1.0300000000000002	3.5078152282998873
1.04	3.3983163822769544
1.0499999999999998	3.4102492641584985
1.0600000000000005	3.3093670039733154
1.0700000000000003	3.256006609509335
1.08	3.3461911579843635
1.0899999999999999	3.415979416877334
1.0999999999999996	3.3900505874107885
1.1100000000000003	3.168994519611947
1.12	2.7171437334190287
1.13	2.7241659789246713
1.1399999999999997	2.7259352957473615
1.1500000000000004	2.504084973245991
1.1600000000000001	2.3241598722825145
1.17	1.6830525525300657
1.1799999999999997	2.4748171952530114
1.1900000000000004	1.9042591998611653
1.2000000000000002	2.5845857264081555
1.21	2.9207701913450137
1.2199999999999998	2.3042436555341026
1.2300000000000004	2.235337720085287
1.2400000000000002	2.2299773049122815
1.25	2.7730665553649176
1.2599999999999998	2.7894975897059178
1.2700000000000005	2.9576688633126564
1.2800000000000002	2.899220791820638
1.29	2.4455508100152015
1.2999999999999998	2.5769042466301335
1.3100000000000005	2.9872236014627878
1.3200000000000003	3.3726158166049647
1.33	3.2374686881454027
1.3399999999999999	3.0296825087839543
1.3500000000000005	3.0313559743363294
1.3600000000000003	2.9987636370434467
1.37	3.1175163883799915
1.38	3.1289768963717184
1.3899999999999997	3.1705995554024953
1.4000000000000004	2.989868926283303
1.4100000000000001	2.8730641811229414
1.42	2.9204350993848207
1.4299999999999997	3.1374454443046225
1.4400000000000004	3.3533279887336405
1.4500000000000002	3.2985477184154557
1.46	3.0666608030707168
1.4699999999999998	3.0200908681980017
1.4800000000000004	3.0883687164095965
1.4900000000000002	3.1298522739789645
1.5	3.0843957104964823
1.5099999999999998	3.198865053149806
1.5200000000000005	3.0046144078883112
1.5300000000000002	2.7945339864106127
1.54	2.8997520445980487
1.5499999999999998	3.084184643063883
1.5600000000000005	3.2434182108854137
1.5700000000000003	3.163042122536164
1.58	2.9521808401523475
1.5899999999999999	2.8197023524045455
1.6000000000000005	2.8719790644808914
1.6100000000000003	2.853536811805652
1.62	2.9249306602860443
1.63	2.9975561819685055
1.6399999999999997	2.8005788930249613
1.6500000000000004	2.528015736722491
1.6600000000000001	2.3923400652492077
1.67	2.3801826760117177
1.6799999999999997	2.6446862077316267
1.6900000000000004	2.5303635450360824
1.7000000000000002	1.9790803184389056
1.71	1.7333908821734412
1.7199999999999998	1.8052112281495187
1.7300000000000004	1.6169118872566783
1.7400000000000002	1.5022371814612667
1.75	1.9537423067222595
1.7599999999999998	2.187550246671953
1.7700000000000005	1.7633709689071722
1.7800000000000002	1.5832978013246921
1.79	1.788673192034389
1.7999999999999998	2.3078051566881226
1.8100000000000005	2.539350827931053
1.8200000000000003	2.0121351939370173
1.83	2.2284204740404374
1.8399999999999999	2.412779359590801
1.8500000000000005	2.3038169892378164
1.8600000000000003	2.2287117564438823
1.87	2.4310535989437794
1.88	2.3894186318796975
1.8899999999999997	2.215848001113426
1.9000000000000004	2.3090391713984872
1.9100000000000001	2.4851428044727735
1.92	2.5945261454186244
1.9299999999999997	2.666191803863101
1.9400000000000004	2.5744980330570444
1.9500000000000002	2.582475197227526
1.96	2.666165016250379
1.9699999999999998	2.571089799361204
1.9800000000000004	2.489040869731115
1.9900000000000002	2.4957126495583717
2.	2.372645227893707
2.01	2.3566518570509416
2.0200000000000005	2.5059530339952256
2.0300000000000002	2.6172628456689053
2.04	2.698151964750964
2.05	2.7676028588498656
2.0600000000000005	2.7418528769824326
2.0700000000000003	2.6437485354650945
2.08	2.6237409241416465
2.09	2.497133434155092
2.1000000000000005	2.4221327302854077
2.1100000000000003	2.526756880301421
2.12	2.410786492062709
2.13	2.3953185879870023
2.1399999999999997	2.3959403367946903
2.1500000000000004	2.5322145623509855
2.16	2.6983492095799133
2.17	2.7766078160700616
2.1799999999999997	2.5486622855948906
2.1900000000000004	2.523641676544424
2.2	2.3315004591521413
2.21	2.128997228390475
2.2199999999999998	2.0198911124948054
2.2300000000000004	2.212552715187239
2.24	2.063845998498053
2.25	1.9215324631597022
2.26	1.9093389590652132
2.2700000000000005	1.7920398394954522
2.2800000000000002	1.1280147072793751
2.29	1.4400078751399725
2.3	1.4372717373478852
2.3100000000000005	1.3328020412279251
2.3200000000000003	1.3643385529382972
2.33	1.169807157734557
2.34	1.383863194969849
2.3500000000000005	1.3108204524508211
2.3600000000000003	1.535879258970745
2.37	1.7397911603989828
2.38	1.634414210532012
2.3899999999999997	1.4252549161249268
2.4000000000000004	2.1858425597475426
2.41	1.8942610110018534
2.42	1.8066291336536053
2.4299999999999997	1.736424416339211
2.4400000000000004	1.841859088453995
2.45	1.830825540169614
2.46	2.0336926672704285
2.4699999999999998	1.8897096113247662
2.4800000000000004	2.0221892753502493
2.49	1.9033177991720405
2.5	1.819799690415727
2.51	1.9693422717522988
2.5200000000000005	2.0543195534180314
2.5300000000000002	1.9969908545004869
2.54	1.9814672501739743
2.55	2.0015704404471424
2.5600000000000005	2.152869283085221
2.5700000000000003	2.2341393633634246
2.58	2.1034408469802783
2.59	2.0475670602286073
2.6000000000000005	1.8668227119887568
2.6100000000000003	1.8499720290756572
2.62	1.9158964770704223
2.63	2.1107549633714253
2.6399999999999997	2.165982090695084
2.6500000000000004	2.1657218631296686
2.66	2.1239484800612027
2.67	2.3047616122761716
2.6799999999999997	2.243903719574998
2.6900000000000004	2.020576541156132
2.7	1.9034887598414667
2.71	1.691471594496118
2.7199999999999998	1.7119116976909354
2.7300000000000004	1.8340224218604284
2.74	2.0363660606366913
2.75	2.2200885999922577
2.76	2.010717073342407
2.7700000000000005	1.9639322936341337
2.7800000000000002	2.060152762808917
2.79	1.7285515346437728
2.8	1.495386737048269
2.8100000000000005	1.3484584121553176
2.8200000000000003	1.0786687473238883
2.83	0.9052933812593433
2.84	1.395265056488542
2.8500000000000005	1.4812232087234716
2.8600000000000003	1.3587021274981474
2.87	1.1811816752797
2.88	1.3107946537544959
2.8899999999999997	0.9920372518535665
2.9000000000000004	1.117624379454443
2.91	1.188525262897766
2.92	1.2766089603715272
2.9299999999999997	1.0596740644247131
2.9400000000000004	1.0685400278427737
2.95	1.4192904348951785
2.96	1.3951173796007357
2.9699999999999998	1.3889218479676588
2.9800000000000004	1.3652704485605636
2.99	1.2376597306108066
3.	1.4758773474149562