0.	0.001046784537538314
0.01	0.0010963915180795362
0.02	0.0011836688672296615
0.03	0.0011946106315159786
0.04	0.00118369580772125
0.05	0.0012672310178841904
0.06	0.001407406796797643
0.07	0.0014311471083620151
0.08	0.0015436974895704353
0.09	0.0016687950263857552
0.1	0.0017713226960842502
0.11	0.0018999157810452455
0.12	0.0020745288748640392
0.13	0.002072479003445224
0.14	0.002254147988432198
0.15	0.0022371357445618127
0.16	0.002559600276403054
0.17	0.0027288080462745147
0.18	0.0027346103790887003
0.19	0.002982521498105473
0.2	0.003276925577367181
0.21	0.0036482690981048007
0.22	0.003740760186707403
0.23	0.0044019486447022015
0.24	0.004802550764663194
0.25	0.005517397998232089
0.26	0.005824794646697175
0.27	0.0064266627713986425
0.28	0.007328402883159294
0.29	0.008249055010228119
0.3	0.009579002939963591
0.31	0.010491171338438793
0.32	0.01205898007373132
0.33	0.014467714406096772
0.34	0.01623983426599901
0.35000000000000003	0.018630264072753668
0.36	0.023254857482412638
0.37	0.027270392746785083
0.38	0.04942340760912442
0.39	1.1470820942193398
0.4	0.11373982715844005
0.41000000000000003	1.8528545603714268
0.42	2.728392808217418
0.43	5.6590466997468685
0.44	16.99159681756058
0.45	14.045758960026582
0.46	3.8090958378836284
0.47000000000000003	51.20763023999285
0.48	17.811757772545665
0.49	239.46224401708713
0.5	56.593674072855734
0.51	270.24769575901263
0.52	160.90643301408642
0.53	6.957401418882048
0.54	6.381396291282409
0.55	19.42440900282537
0.56	7.063943104281294
0.5700000000000001	7.818259105343098
0.58	12.000272795500818
0.59	9.68538636567778
0.6	1.600680157685609
0.61	1.085894606070268
0.62	0.8850564666417939
0.63	0.871153143195221
0.64	0.8599308273115008
0.65	0.886957673098867
0.66	1.1584200413271892
0.67	1.5169189823132414
0.68	1.7311041587991622
0.6900000000000001	2.12960509856482
0.7000000000000001	2.660605683076841
0.71	4.496267936121473
0.72	7.571713917342422
0.73	3.298232261203886
0.74	2.0241449295726084
0.75	1.5272505713826854
0.76	1.2975226434315796
0.77	1.1560679994427323
0.78	1.0642476010607713
0.79	0.946602126658525
0.8	0.8653356054926121
0.81	0.8323893923698841
0.8200000000000001	0.8631184676439093
0.8300000000000001	0.8552004434634528
0.84	0.8917860984331413
0.85	1.0081377114230494
0.86	1.171467449678517
0.87	1.3316102103124847
0.88	1.6572276477840138
0.89	1.878611150554976
0.9	2.6145301282804367
0.91	3.6032567903713515
0.92	6.186860614456537
0.93	3.4818797865252744
0.9400000000000001	2.342168299678644
0.9500000000000001	1.6365326612705648
0.96	1.1987180839560245
0.97	0.8487196058618597
0.98	0.670374286146826
0.99	0.6426116486116147
1.	0.5903780269110368
1.01	0.5281303384689675
1.02	0.5549832382362619
1.03	0.49737988768629404
1.04	0.5043419995709327
1.05	0.5464727190881726
1.06	0.4606729721420563
1.07	0.4630076368136024
1.08	0.44630488809512725
1.09	0.488701607186507
1.1	0.46234440717319997
1.11	0.47105494404291387
1.12	0.4750777882884573
1.1300000000000001	0.4736755072423477
1.1400000000000001	0.48591706699360954
1.1500000000000001	0.491108462389076
1.16	0.46242897005461586
1.17	0.4830850094265366
1.18	0.4907847187297974
1.19	0.48675983172541615
1.2	0.46979035025501786
1.21	0.48611267560486066
1.22	0.4828194748350564
1.23	0.47680341029848716
1.24	0.46842721059680437
1.25	0.48782334188208504
1.26	0.45892734071984564
1.27	0.4817693462524826
1.28	0.46842851103021194
1.29	0.4590210829404118
1.3	0.4403062594477705
1.31	0.4500580107383502
1.32	0.4335795567686868
1.33	0.43194761908928314
1.34	0.44914252064432186
1.35	0.44129326194676066
1.36	0.4256743491235047
1.37	0.42347844783333505
1.3800000000000001	0.4471441754042695
1.3900000000000001	0.45970020413267176
1.4000000000000001	0.4622395809141185
1.41	0.47958074161721453
1.42	0.4716851877704789
1.43	0.5015340367827616
1.44	0.5133268183751056
1.45	0.532686222477151
1.46	0.6185674232111293
1.47	0.656810123967017
1.48	0.7318133322453703
1.49	0.7958248547957685
1.5	0.9707132820777635
1.51	1.096143865508991
1.52	1.1636476446705777
1.53	1.844131442643618
1.54	1.9148181045773518
1.55	1.2420562920511067
1.56	0.8219821982294052
1.57	0.8247159395638368
1.58	0.8007461919417621
1.59	0.8066635995645627
1.6	0.8365128127965246
1.61	0.8578966088964673
1.62	0.8790418485971347
1.6300000000000001	0.9003875788552008
1.6400000000000001	0.8500553547729365
1.6500000000000001	0.8736196294377321
1.6600000000000001	0.8841367870773416
1.67	0.9068449375704354
1.68	0.8720204616250115
1.69	0.865812474290632
1.7	0.8500514951347315
1.71	0.857421513844618
1.72	0.8445216304073522
1.73	0.8205479354668835
1.74	0.8268355852737017
1.75	0.8315206344564711
1.76	0.7595545058082548
1.77	0.7640522463914918
1.78	0.797999468722765
1.79	0.7567836269571995
1.8	0.7589382060964323
1.81	0.7203420279349206
1.82	0.7323000696931055
1.83	0.6999707507544443
1.84	0.6821961241165295
1.85	0.6571867719197286
1.86	0.636333119251749
1.87	0.642396744447286
1.8800000000000001	0.6244050807675635
1.8900000000000001	0.5865967343623163
1.9000000000000001	0.5787426245034368
1.9100000000000001	0.5169927615902459
1.92	0.4966745964941887
1.93	0.47290296707086477
1.94	0.47736050353727955
1.95	0.4455600421991667
1.96	0.3965078723707493
1.97	0.3964126145307503
1.98	0.3879770025089363
1.99	0.3870814730638253
2.	0.376605764898737
2.0100000000000002	0.41156663162363555
2.02	0.43514036639163955
2.0300000000000002	0.5445304417767197
2.04	0.6967936393660107
2.05	1.4401848304373757
2.06	1.461611672946272
2.07	0.8292435516194616
2.08	0.7113017774750167
2.09	0.4922463038004864
2.1	0.5532768975389581
2.11	0.5723246028552262
2.12	0.6273659205202651
2.13	0.5939619078876593
2.14	0.6096903230090479
2.15	0.601620346361349
2.16	0.6112553133871537
2.17	0.634856631515393
2.18	0.6143427831300897
2.19	0.6239125136110387
2.2	0.6154856113857459
2.21	0.6280430574509028
2.22	0.5960351290853971
2.23	0.5822832782495923
2.24	0.5493251445595544
2.25	0.56426405673902
2.2600000000000002	0.5372644271103674
2.27	0.520622029161645
2.2800000000000002	0.5064338612745201
2.29	0.4864209142525741
2.3000000000000003	0.47231674320367373
2.31	0.47819296108853987
2.32	0.4502392529789928
2.33	0.4271972957254518
2.34	0.4200849905074808
2.35	0.381854026226933
2.36	0.3927138005362633
2.37	0.3557988937897624
2.38	0.31822066373432595
2.39	0.29717120928007384
2.4	0.2922681733045598
2.41	0.27856571623213533
2.42	0.2641809885602679
2.43	0.2382673913548488
2.44	0.2655034540153423
2.45	0.27100751407298845
2.46	0.31984345073433906
2.47	0.6082240575721286
2.48	0.9306680625545091
2.49	0.6712641970900577
2.5	0.4434030326715408
2.5100000000000002	0.23302494452973962
2.52	0.22909055623111815
2.5300000000000002	0.22034598418279192
2.54	0.2107353441460246
2.5500000000000003	0.21614127611367095
2.56	0.2326059903062526
2.57	0.2120379621978301
2.58	0.20224436852244426
2.59	0.20500319146714366
2.6	0.21360923037974666
2.61	0.20512275663691326
2.62	0.18870256093458584
2.63	0.17008258023610517
2.64	0.15974440407771465
2.65	0.14568832831462658
2.66	0.14209370673178245
2.67	0.14039741783981408
2.68	0.12743739873900847
2.69	0.10330999335854493
2.7	0.114691621440658
2.71	0.10187818542171821
2.72	0.08809877366714247
2.73	0.07265506017509768
2.74	0.0743935465801497
2.75	1.235664945717829
2.7600000000000002	9.777342068810972
2.77	0.8782347990619058
2.7800000000000002	0.14763224068543093
2.79	0.007896858218736855
2.8000000000000003	0.006681903746483613
2.81	0.008299771033258083
2.82	0.014773134555743013
2.83	0.0016579807603776455
2.84	0.0012323653222580547
2.85	0.0008406895101786244
2.86	0.0006649015999959019
2.87	0.000564419461090096
2.88	0.0005489757747416611
2.89	0.00041434020604571914
2.9	0.00038567210756178195
2.91	0.0002981763767707309
2.92	0.00023819311228786332
2.93	0.00025144030571407706
2.94	0.00022893936175939018
2.95	0.0002037728718799005
2.96	0.00016843293126809827
2.97	0.00014639503618636492
2.98	0.00014724878729458656
2.99	0.00014570902980939835
3.	0.00011469280635758871