0.	0.0010621586069204422
0.01	0.0010734898834996276
0.02	0.001154246007424172
0.03	0.0011435463339452654
0.04	0.0012776639258152416
0.05	0.0012380704318388622
0.06	0.0013529242507029993
0.07	0.0014774248929427607
0.08	0.0016376482816658157
0.09	0.0015551290956393325
0.1	0.001684917440872889
0.11	0.0018975506449431002
0.12	0.0017658748605283816
0.13	0.001793165662018624
0.14	0.0021279285546287963
0.15	0.002470867597363527
0.16	0.0023693845312562703
0.17	0.0028511696414802563
0.18	0.002934455038482542
0.19	0.003110119803616952
0.2	0.0034549911234255555
0.21	0.003536033146049518
0.22	0.004052551382779776
0.23	0.004447098482485763
0.24	0.004626477230264676
0.25	0.005248383889627253
0.26	0.005605354844307783
0.27	0.005845413477191481
0.28	0.006668647862834943
0.29	0.0077883980464724745
0.3	0.009157663048845077
0.31	0.009278632530925006
0.32	0.011245119905571645
0.33	0.013129393711894692
0.34	0.017169055792006796
0.35000000000000003	0.018083705888732288
0.36	0.022965566615715197
0.37	0.02824560425513658
0.38	0.03463151888289707
0.39	0.048178105515708204
0.4	0.0747295122491839
0.41000000000000003	1.5708975215763354
0.42	0.45759683655547134
0.43	2.4495090070555277
0.44	28.675183515442328
0.45	5.471432508218441
0.46	4.875236853269585
0.47000000000000003	13.950733353056036
0.48	35.223934248465895
0.49	188.10065289786496
0.5	70.0596704709967
0.51	86.96015441509529
0.52	35.37988131660862
0.53	11.048109922010996
0.54	6.58730930367753
0.55	9.139269633759623
0.56	12.060560830367937
0.5700000000000001	7.352351201033673
0.58	12.012143850323366
0.59	7.588022962377656
0.6	1.5999518314654486
0.61	1.2139889267516086
0.62	0.8841560664508613
0.63	0.843634890899842
0.64	0.7799078527295121
0.65	0.9119019153078011
0.66	0.9109975862767185
0.67	1.2661245463360906
0.68	1.4151357801793902
0.6900000000000001	2.047261738300396
0.7000000000000001	3.2041998422164832
0.71	4.3928745644434075
0.72	7.477157640354791
0.73	3.0466395744772705
0.74	1.9884975333297907
0.75	1.5541972029291027
0.76	1.3870210526698554
0.77	1.1861047019567754
0.78	1.007313385366162
0.79	0.9110058081864671
0.8	0.8742696940597781
0.81	0.8372560949389903
0.8200000000000001	0.8495968062287281
0.8300000000000001	0.836503124606662
0.84	0.8876599538565219
0.85	1.002602674953565
0.86	1.0256620580787146
0.87	1.1560941216144438
0.88	1.5434161385781795
0.89	1.7189341456055205
0.9	2.3555058951462318
0.91	3.0750851085307227
0.92	6.274994451278555
0.93	3.3702812272053815
0.9400000000000001	2.2575654939338334
0.9500000000000001	1.5859365750609968
0.96	1.1484096869332518
0.97	0.8740216913373545
0.98	0.6948259926720197
0.99	0.5897809195089364
1.	0.5816801238586152
1.01	0.5383301458223952
1.02	0.5714296499500459
1.03	0.49650854152988166
1.04	0.5408352714639686
1.05	0.5462799895507776
1.06	0.4446095797221041
1.07	0.44280079920498133
1.08	0.4504913056620226
1.09	0.4702272711933596
1.1	0.44085900927780663
1.11	0.4572518570847426
1.12	0.48409766630966455
1.1300000000000001	0.4869968312412586
1.1400000000000001	0.4744293454087326
1.1500000000000001	0.49005356531550565
1.16	0.49899737160852764
1.17	0.48387136572716555
1.18	0.511109328011782
1.19	0.45556064451406136
1.2	0.4831279381463011
1.21	0.5031357708152955
1.22	0.48644795145388015
1.23	0.4598594730715719
1.24	0.483837638238365
1.25	0.4739702867106867
1.26	0.45461589109035194
1.27	0.4430214025899648
1.28	0.4612260136385285
1.29	0.45590137356222415
1.3	0.4548150961209371
1.31	0.4651695648511026
1.32	0.4702009724901031
1.33	0.42658359133645046
1.34	0.4615623428367809
1.35	0.45560533930187397
1.36	0.447431387174416
1.37	0.45981072814901
1.3800000000000001	0.43533571393885645
1.3900000000000001	0.4662729012314395
1.4000000000000001	0.44879279576460546
1.41	0.4749361576176931
1.42	0.4569104306229781
1.43	0.49864147810859044
1.44	0.5699448301578259
1.45	0.5388702268876014
1.46	0.579929240186648
1.47	0.6832097418960322
1.48	0.7292104531153646
1.49	0.8453648684837057
1.5	0.9711238570268056
1.51	1.2391188871248708
1.52	1.3040030974878392
1.53	2.1993520374384548
1.54	2.246372003634683
1.55	1.820091882350745
1.56	1.0562576860059
1.57	0.7444435374941865
1.58	0.7326182207501011
1.59	0.724829254970332
1.6	0.763876839901062
1.61	0.7942939778397986
1.62	0.8297173152685686
1.6300000000000001	0.852418446543989
1.6400000000000001	0.8015256634441873
1.6500000000000001	0.8121773672819471
1.6600000000000001	0.837811880141208
1.67	0.8321228164779393
1.68	0.8393358145043578
1.69	0.8218563180197229
1.7	0.8179720032447277
1.71	0.7954980833095918
1.72	0.8149534096119221
1.73	0.797737989881066
1.74	0.7858213006097745
1.75	0.786024466894522
1.76	0.7939002238007911
1.77	0.7957099277594852
1.78	0.7490306604187298
1.79	0.7345528988782715
1.8	0.6865146097509992
1.81	0.7101342269999864
1.82	0.7220772096677126
1.83	0.6694500306054794
1.84	0.6543089441527031
1.85	0.6323981043071583
1.86	0.630491025943076
1.87	0.59343915639686
1.8800000000000001	0.5705963418530501
1.8900000000000001	0.5819827266353175
1.9000000000000001	0.5560985266877619
1.9100000000000001	0.5086465020600375
1.92	0.475490548307432
1.93	0.43875249259845117
1.94	0.43087032597171304
1.95	0.44372140511023905
1.96	0.39237983196975657
1.97	0.3889042557602839
1.98	0.3708600863488006
1.99	0.37540393559808827
2.	0.3635974616761304
2.0100000000000002	0.3941270993209567
2.02	0.46003812089166185
2.0300000000000002	0.5454874225018348
2.04	0.7307414094171929
2.05	1.742654161564892
2.06	2.8715171207190435
2.07	1.3479100899891805
2.08	0.6252529379063075
2.09	0.4823229254844042
2.1	0.472992742290209
2.11	0.4844044796308941
2.12	0.4875928753550836
2.13	0.5353038077431334
2.14	0.5324134030842907
2.15	0.5698960037642558
2.16	0.5434128259266936
2.17	0.5706210655334211
2.18	0.5502012680348787
2.19	0.5541540329505449
2.2	0.5479487197218549
2.21	0.5297529561521231
2.22	0.5211718729168556
2.23	0.5095313299248093
2.24	0.49730260994436426
2.25	0.5054500881054792
2.2600000000000002	0.4792228862909382
2.27	0.48476350758373815
2.2800000000000002	0.48229143136849256
2.29	0.4438692326960656
2.3000000000000003	0.45551974828709335
2.31	0.42588798169282965
2.32	0.3954203337666843
2.33	0.37682038168921267
2.34	0.3860091230889956
2.35	0.3742737537444053
2.36	0.3271760381455675
2.37	0.3330945623489491
2.38	0.3126001476185412
2.39	0.2950270068172514
2.4	0.26642682418874697
2.41	0.25204340211934473
2.42	0.2440629164568478
2.43	0.24189743746966538
2.44	0.2567756826519583
2.45	0.30394780632073126
2.46	0.37300140293087647
2.47	0.5740035075286551
2.48	1.0478540407615315
2.49	0.7331378300432052
2.5	0.572082908340721
2.5100000000000002	0.4320241099620534
2.52	0.19621531629137626
2.5300000000000002	0.17819547336603397
2.54	0.18988691217244572
2.5500000000000003	0.17985716268281537
2.56	0.17497936089688512
2.57	0.19196305041196426
2.58	0.18215724981981188
2.59	0.18041145346984824
2.6	0.16215312892126327
2.61	0.17738141410474673
2.62	0.15356531610649612
2.63	0.1534180859129526
2.64	0.13580103039343852
2.65	0.12831906331882323
2.66	0.12962326794706286
2.67	0.11001434951337527
2.68	0.10456692236784941
2.69	0.10899443067722901
2.7	0.0804683655674134
2.71	0.09227040599658733
2.72	0.0910689297099252
2.73	0.07131335743435645
2.74	0.08630814597510504
2.75	0.7013824237941607
2.7600000000000002	6.158724407237219
2.77	0.3504833138108326
2.7800000000000002	0.24136114837341224
2.79	0.16053526553216266
2.8000000000000003	0.015567825287282115
2.81	0.025055644473556547
2.82	0.0027434214828435002
2.83	0.002016328976246098
2.84	0.0012641584976662108
2.85	0.0009385025290100257
2.86	0.0008053488969846349
2.87	0.000666433608162522
2.88	0.0005534385686539975
2.89	0.0004178227276163834
2.9	0.0003721680968320874
2.91	0.00033417029498242597
2.92	0.00026310240033574706
2.93	0.0002670656046929954
2.94	0.00022410289878270636
2.95	0.00019556170575600417
2.96	0.00017263804521243443
2.97	0.0001562147215380451
2.98	0.0001393465369774577
2.99	0.00013511500264056463
3.	0.0001078157940148378