0.	0.0006864005465466842
0.01	0.000727577189651486
0.02	0.0007442624373014914
0.03	0.0007790392515053874
0.04	0.0008634919022183274
0.05	0.0008483743363028986
0.06	0.0008329665116475395
0.07	0.0008806012122298252
0.08	0.0009536142783190671
0.09	0.0010194894741248372
0.1	0.0011162186886190396
0.11	0.0010656570513226406
0.12	0.001311326387345609
0.13	0.001369512600224961
0.14	0.0013233389138601335
0.15	0.001316374369182035
0.16	0.0013974993793923784
0.17	0.0013611127024275044
0.18	0.001686161886569405
0.19	0.0017758652146301576
0.2	0.0018320482777033566
0.21	0.0020170090817810886
0.22	0.0021555639310526487
0.23	0.0023443390396075763
0.24	0.002410798772884154
0.25	0.0026154607918061324
0.26	0.00300108360265372
0.27	0.003445038405088921
0.28	0.003824294381114433
0.29	0.0038114827423082636
0.3	0.004982854362050377
0.31	0.006001223925875742
0.32	0.0060192320386305035
0.33	0.008083686265640834
0.34	0.0077121850962107085
0.35000000000000003	0.010392428478673924
0.36	0.010701278194643933
0.37	0.013037587540033644
0.38	0.01731742162945995
0.39	0.02356023492251218
0.4	0.029343016667977798
0.41000000000000003	0.04848654001618176
0.42	1.493844628081396
0.43	0.4289634983522723
0.44	0.9286133988136348
0.45	0.8513978686481055
0.46	6.490245401278427
0.47000000000000003	13.03786442560234
0.48	43.66988042836048
0.49	147.42078262064325
0.5	101.11221677672977
0.51	405.44826956189536
0.52	55.78199036289864
0.53	8.528568042785507
0.54	2.930036173540496
0.55	2.506140943903169
0.56	3.6381595517806633
0.5700000000000001	11.623104764569117
0.58	7.260816363939663
0.59	4.930855347883988
0.6	1.3470089119842765
0.61	0.9189508750401923
0.62	0.7233900411368691
0.63	0.6266346743927328
0.64	0.5827642557420664
0.65	0.564197780897704
0.66	0.601213254551832
0.67	0.6982008099393567
0.68	0.8477600366361618
0.6900000000000001	1.2021452524817047
0.7000000000000001	1.9826341354558026
0.71	3.78287999551795
0.72	6.481005562422537
0.73	2.8041447759093803
0.74	1.8387729438416496
0.75	1.419027937910696
0.76	1.1539782548674138
0.77	1.0126575814262286
0.78	0.8026742380300279
0.79	0.7433488215604012
0.8	0.6887304973079993
0.81	0.6059647306892826
0.8200000000000001	0.611283138065261
0.8300000000000001	0.5991930357371704
0.84	0.6524497850776457
0.85	0.6828555564099633
0.86	0.7145243955781204
0.87	0.7952015141416069
0.88	0.9526253653032963
0.89	1.014316986747359
0.9	1.4512288252320316
0.91	2.0915021245176595
0.92	4.635841263555567
0.93	3.0705829547283225
0.9400000000000001	2.035147409805354
0.9500000000000001	1.3154048216419714
0.96	0.8821615589679329
0.97	0.7266431216127053
0.98	0.6387129770972491
0.99	0.6602551048112049
1.	0.7317018054825973
1.01	0.7257308575211466
1.02	0.6422369537644067
1.03	0.4811093391442967
1.04	0.5711219884476366
1.05	0.5420718553957358
1.06	0.4697727293301152
1.07	0.47299760933771795
1.08	0.4435148533348791
1.09	0.44348205580363476
1.1	0.46579449045235355
1.11	0.47793570857739204
1.12	0.5037820089702446
1.1300000000000001	0.48358937282379166
1.1400000000000001	0.5020675035216763
1.1500000000000001	0.5095100523985294
1.16	0.5215727694518273
1.17	0.49948990312439145
1.18	0.5521761208542821
1.19	0.5248942227183762
1.2	0.5479792195563576
1.21	0.52991499495544
1.22	0.5053848379147998
1.23	0.5048202923720181
1.24	0.4915901104104062
1.25	0.5171549200816115
1.26	0.48905335607325456
1.27	0.4741737095995198
1.28	0.5208213399100171
1.29	0.49434421087801966
1.3	0.48999618335593037
1.31	0.47064372061934434
1.32	0.4995685411069297
1.33	0.48950071308659143
1.34	0.47022225847215193
1.35	0.4518246862847641
1.36	0.44804613662274667
1.37	0.45142092443845044
1.3800000000000001	0.4638545725740372
1.3900000000000001	0.44785905670065596
1.4000000000000001	0.46759568020190445
1.41	0.46197876533259447
1.42	0.4834324621361492
1.43	0.511185154692931
1.44	0.49192337412002074
1.45	0.5083461502160721
1.46	0.5983231792126044
1.47	0.6451218219121975
1.48	0.7547424927994066
1.49	0.8370215270072883
1.5	0.9786852619616094
1.51	1.2698513280570287
1.52	1.8100738619371746
1.53	3.4984326383056197
1.54	3.9241251727370074
1.55	3.763116179327993
1.56	1.9319006248212534
1.57	1.189073078672698
1.58	0.5956504116786743
1.59	0.5316808410805048
1.6	0.4841351829430348
1.61	0.5159893918093671
1.62	0.5996875543125024
1.6300000000000001	0.6150143206018386
1.6400000000000001	0.6304843917983071
1.6500000000000001	0.6544239083813023
1.6600000000000001	0.6624005089001479
1.67	0.6603295090005229
1.68	0.6813046054659283
1.69	0.6573687209641259
1.7	0.6682679888629507
1.71	0.6576470392868603
1.72	0.6417956606396776
1.73	0.6468720292195685
1.74	0.6723101686848738
1.75	0.6554967533655183
1.76	0.6143388892602737
1.77	0.6098479108206104
1.78	0.6408718052284191
1.79	0.5962057838910607
1.8	0.5975287061653806
1.81	0.5768012136397909
1.82	0.583332819884958
1.83	0.5624288353575041
1.84	0.518957603129983
1.85	0.5193517391448502
1.86	0.5101322604820602
1.87	0.50842743117733
1.8800000000000001	0.47791445500423024
1.8900000000000001	0.46467485727930247
1.9000000000000001	0.4513690024350361
1.9100000000000001	0.41787152675468475
1.92	0.3906329687144382
1.93	0.4206048422780295
1.94	0.394766960494999
1.95	0.3821181571361177
1.96	0.34066824569522725
1.97	0.35323711779578576
1.98	0.3472887533565748
1.99	0.35694734100546155
2.	0.3902967731727854
2.0100000000000002	0.410575468408822
2.02	0.4672831223815573
2.0300000000000002	0.6445917762686643
2.04	0.9890639290848919
2.05	2.3423138518848416
2.06	4.121673258057236
2.07	2.0815180857983733
2.08	1.4275980921437008
2.09	0.6757606582795388
2.1	0.4959730916822056
2.11	0.33452092906693887
2.12	0.3004953216532562
2.13	0.3066667307457173
2.14	0.3312165156159065
2.15	0.344029632569005
2.16	0.3330359828418734
2.17	0.35418488926135644
2.18	0.3699363141060188
2.19	0.3429536326672331
2.2	0.37645559875588713
2.21	0.3497597277623813
2.22	0.3766054548510094
2.23	0.3580418976616671
2.24	0.34527223536682905
2.25	0.3475133279649342
2.2600000000000002	0.3345155152477355
2.27	0.34647465004484673
2.2800000000000002	0.32626651796065187
2.29	0.33199388538584845
2.3000000000000003	0.3213511058003884
2.31	0.2937543809723032
2.32	0.266600148328474
2.33	0.2873173627808699
2.34	0.253055677826115
2.35	0.2556648176124851
2.36	0.24339968980710197
2.37	0.23996310338743262
2.38	0.22885927545066947
2.39	0.217389110780319
2.4	0.21074158524545145
2.41	0.21117940068922958
2.42	0.2090034254631149
2.43	0.22027854032428087
2.44	0.25949269770462663
2.45	0.2885389930809096
2.46	0.4012245030814623
2.47	0.8235528349616935
2.48	1.6971791915571854
2.49	1.3501173394068278
2.5	1.0042555191461529
2.5100000000000002	0.6915280469619017
2.52	0.4731292162881913
2.5300000000000002	0.2670827305240669
2.54	0.17372331301861138
2.5500000000000003	0.1559283297508238
2.56	0.1463295794917434
2.57	0.1260126002024942
2.58	0.12227067677342199
2.59	0.11620758395042606
2.6	0.12087625520445809
2.61	0.10454607492944959
2.62	0.10329739565414713
2.63	0.10140449737087232
2.64	0.09622154487644641
2.65	0.08753553702592051
2.66	0.09898399953147473
2.67	0.09478829601466435
2.68	0.07819421258971251
2.69	0.08343181317677638
2.7	0.07183551558272537
2.71	0.0800825226656868
2.72	0.08178121403330013
2.73	0.07429683441466707
2.74	0.10476923621218978
2.75	0.4535939069806547
2.7600000000000002	22.2321365100197
2.77	2.0627289169673784
2.7800000000000002	0.7032359086142218
2.79	1.5663447878944248
2.8000000000000003	0.45556662496990374
2.81	0.1164635319239488
2.82	0.00904826136326277
2.83	0.002935607866660671
2.84	0.001979016010614489
2.85	0.0014147203140636385
2.86	0.0010727621114775133
2.87	0.0008399038107242058
2.88	0.000617840556775988
2.89	0.0005190608053437322
2.9	0.00044181808586055913
2.91	0.0003511674988988297
2.92	0.00030694896903025716
2.93	0.0002446279340716446
2.94	0.00019577079688763499
2.95	0.00018612494888132458
2.96	0.0001596490322817736
2.97	0.0001429148118382564
2.98	0.00013100343785176128
2.99	0.00010126639144154467
3.	0.00009572270018841913