0.	0.0005612532656300024
0.01	0.0004975528744479205
0.02	0.0005508818045268806
0.03	0.0006618076567215161
0.04	0.0006451083936054087
0.05	0.0006298072323839389
0.06	0.0006820835641617375
0.07	0.0007222100861778537
0.08	0.0007545071462329044
0.09	0.0008070481104133437
0.1	0.0008511256013438701
0.11	0.0007912531328798459
0.12	0.00092107921801817
0.13	0.0011187074977289735
0.14	0.0010757699747247478
0.15	0.0011979742423985052
0.16	0.0013026316006233283
0.17	0.001312843135809564
0.18	0.001398634741052447
0.19	0.001729262235549661
0.2	0.0018590223360601043
0.21	0.0017178513802871185
0.22	0.0019610353714850748
0.23	0.0021634841920671506
0.24	0.0024593238328440327
0.25	0.0024502059928183505
0.26	0.0029190711293975847
0.27	0.0032925526781906775
0.28	0.00370111086722115
0.29	0.0036974097859799027
0.3	0.004112092535532712
0.31	0.005460891455357856
0.32	0.005363125128525281
0.33	0.006217561824886826
0.34	0.008170343234550263
0.35000000000000003	0.009726492444620536
0.36	0.010399789029082004
0.37	0.013602882325095305
0.38	0.016758672632676656
0.39	0.021052278627202256
0.4	0.032760515130912334
0.41000000000000003	1.0590274628544651
0.42	0.06171643655240243
0.43	1.0457099935593575
0.44	0.33725831852271243
0.45	1.178528035208946
0.46	36.2500664786985
0.47000000000000003	111.12608595780505
0.48	21.98636724502238
0.49	49.86762164376443
0.5	30.643835302852224
0.51	1074.8829978663362
0.52	286.4021531953329
0.53	3.5114827678923546
0.54	2.5523916671891693
0.55	3.9615303476755375
0.56	3.270809154153396
0.5700000000000001	7.991413566307734
0.58	8.472261267426644
0.59	3.5151703906100114
0.6	1.2202025885458094
0.61	0.8535908435732623
0.62	0.6600481632261403
0.63	0.6042690672421154
0.64	0.5567261911845215
0.65	0.5586442739005906
0.66	0.6225929321222353
0.67	0.6416602941210177
0.68	0.8604460819912118
0.6900000000000001	1.167673522031619
0.7000000000000001	1.8618281586426233
0.71	3.090256051765298
0.72	6.539219190137546
0.73	2.7938968675331326
0.74	1.761573318686831
0.75	1.3127715626411485
0.76	0.9267185556302663
0.77	0.8415648668246912
0.78	0.757400399327478
0.79	0.6544000271294407
0.8	0.6027908267020398
0.81	0.5714452412039581
0.8200000000000001	0.5815932066474934
0.8300000000000001	0.5641616321445764
0.84	0.5356590934103477
0.85	0.5760339628805089
0.86	0.7116639737827753
0.87	0.8143836777863745
0.88	0.8481844376912376
0.89	1.1109741380374565
0.9	1.5066370948887253
0.91	2.1772028958302037
0.92	5.257702404854679
0.93	3.0736519334476062
0.9400000000000001	1.811137011292515
0.9500000000000001	1.1202625456451354
0.96	0.7603882454810623
0.97	0.7031558775804616
0.98	0.774206030390862
0.99	0.9535975343273692
1.	0.9626785562166803
1.01	1.0311891139387552
1.02	1.0139585292954514
1.03	0.8230598609444021
1.04	0.5196961043588656
1.05	0.5177070314119153
1.06	0.7183962204301383
1.07	0.8092749161932786
1.08	0.9265987373613422
1.09	0.9047527086295872
1.1	0.9425023271768186
1.11	0.9763460392488436
1.12	0.9910378438691997
1.1300000000000001	1.0456189606776534
1.1400000000000001	1.1040486977340456
1.1500000000000001	1.0576022863860244
1.16	1.0758626382964465
1.17	1.0582609214128271
1.18	1.0841581891258447
1.19	1.0779651336243985
1.2	1.0867726387767056
1.21	1.062333205181033
1.22	1.0713061551000582
1.23	1.0863092890654147
1.24	1.065446675804421
1.25	1.062779066158418
1.26	1.0215613947399225
1.27	1.03507036293008
1.28	0.992855228872696
1.29	1.0148294097635775
1.3	1.0097141578938298
1.31	1.0099234396953993
1.32	0.9904540311656946
1.33	0.939905413486953
1.34	0.9202085222232922
1.35	0.8986149882137127
1.36	0.874788082001487
1.37	0.8845603204899829
1.3800000000000001	0.8947241957309788
1.3900000000000001	0.7730517721904243
1.4000000000000001	0.7724011127301781
1.41	0.7756340467898184
1.42	0.7457372458152622
1.43	0.6763032599936012
1.44	0.693506254394379
1.45	0.6747625860781132
1.46	0.6378058980611573
1.47	0.6045656715500074
1.48	0.5929507096967129
1.49	0.6385494530626911
1.5	0.6512523112734115
1.51	0.8616120662412022
1.52	1.0391836968579442
1.53	1.5368907413495456
1.54	1.457975637546976
1.55	1.243216913284833
1.56	1.220330559885158
1.57	1.154484620674555
1.58	1.263586659614778
1.59	1.3492916691653098
1.6	1.3680102723899044
1.61	1.4003217901368816
1.62	1.438306512981855
1.6300000000000001	1.4253166480560122
1.6400000000000001	1.413793743461817
1.6500000000000001	1.4230864580081404
1.6600000000000001	1.4172474995327324
1.67	1.4283471402379873
1.68	1.4308031928425808
1.69	1.429693091759436
1.7	1.384749149650329
1.71	1.359475496541465
1.72	1.3729506114717551
1.73	1.326657055453782
1.74	1.3365749838307661
1.75	1.3247533701845828
1.76	1.3270232461294582
1.77	1.2787647946362417
1.78	1.3108016576485582
1.79	1.26161128536586
1.8	1.252682546537696
1.81	1.2346974702508522
1.82	1.2339503250075063
1.83	1.2137745318417608
1.84	1.1886374578941425
1.85	1.173457108940928
1.86	1.1279737598082669
1.87	1.1425018025211775
1.8800000000000001	1.0936074860992488
1.8900000000000001	1.0865871000917022
1.9000000000000001	1.0601127659529588
1.9100000000000001	1.027504738148431
1.92	0.9969826010034097
1.93	0.9637105174404662
1.94	0.9292339533098622
1.95	0.8677515520448389
1.96	0.8415730885983326
1.97	0.7794109760395679
1.98	0.7263548095614037
1.99	0.6762056300872313
2.	0.6309307100553025
2.0100000000000002	0.5605860585908172
2.02	0.5413178266450425
2.0300000000000002	0.5487702577934294
2.04	0.6438658128924847
2.05	1.183376669673225
2.06	1.4826621527717292
2.07	0.7355614222129762
2.08	0.6869240815354629
2.09	0.7819123973862783
2.1	0.8455434819647507
2.11	0.8683483128707192
2.12	0.9102541201765281
2.13	0.9422856358137949
2.14	0.9181492767105224
2.15	0.9416438186028452
2.16	0.9226631266893714
2.17	0.9335558864934175
2.18	0.9348518866906845
2.19	0.9395255262592593
2.2	0.9332506054039014
2.21	0.9161954497036725
2.22	0.9056117732232838
2.23	0.8861654525102529
2.24	0.8667989458880047
2.25	0.8653985671774546
2.2600000000000002	0.8496409882976862
2.27	0.8530292909797936
2.2800000000000002	0.8118617857425914
2.29	0.7992222814403863
2.3000000000000003	0.7877622127860342
2.31	0.776692734755769
2.32	0.745736134217074
2.33	0.733548428734174
2.34	0.7053187552792147
2.35	0.7045503870821069
2.36	0.6562265598481404
2.37	0.6260445448927332
2.38	0.613916406696913
2.39	0.5716114169030408
2.4	0.5112318850194981
2.41	0.5085290234134255
2.42	0.46934839841989967
2.43	0.4177595253201972
2.44	0.3813061561012008
2.45	0.36314518394907463
2.46	0.390057359191158
2.47	0.5336016105224795
2.48	0.7029918413263081
2.49	0.5749988535442433
2.5	0.49294393331953557
2.5100000000000002	0.27911263274922465
2.52	0.2972138775917963
2.5300000000000002	0.334924567677771
2.54	0.3325240397779567
2.5500000000000003	0.36003407195158527
2.56	0.3524406713529948
2.57	0.3528015881770922
2.58	0.33931583216857075
2.59	0.33161368742670244
2.6	0.3257783449495456
2.61	0.3402654828409052
2.62	0.30268691667809267
2.63	0.30500697861620507
2.64	0.26995050637312085
2.65	0.2730707332110482
2.66	0.24544568697994817
2.67	0.21072341078837628
2.68	0.20000622007058447
2.69	0.19892812058218315
2.7	0.160831365720384
2.71	0.14802623672171825
2.72	0.12129399190347806
2.73	0.11687909661992527
2.74	0.09279567711024629
2.75	0.2115056803887963
2.7600000000000002	0.354459594569218
2.77	0.09984076375372859
2.7800000000000002	0.09768781360345048
2.79	0.004365952962770771
2.8000000000000003	0.0021987576842384033
2.81	0.0017759342610163867
2.82	0.0010582945534491856
2.83	0.0007562232478391408
2.84	0.0005858180669401086
2.85	0.0005245486493250218
2.86	0.0003880318006875039
2.87	0.0003166290127457272
2.88	0.00025708070880590874
2.89	0.00024070135574308433
2.9	0.0001992777686912588
2.91	0.0001446026372429058
2.92	0.00015714837506217023
2.93	0.00012494569066180577
2.94	0.00011624973298311479
2.95	0.00010018201993055703
2.96	0.00008103921699882366
2.97	0.00008041672913626245
2.98	0.00006766217851709607
2.99	0.00006290978495202304
3.	0.00005717653065176887