-3.	0.44363403605068435
-2.99	0.5062733384125633
-2.98	1.558457559225905
-2.97	0.6438581879015083
-2.96	0.36495790330743977
-2.95	0.3277061931753197
-2.94	0.3054677705962182
-2.93	0.32347890295561443
-2.92	0.33156397626310685
-2.91	0.3570163369650411
-2.9	0.38886607426731734
-2.89	0.4311962772591355
-2.88	0.39362369434115596
-2.87	0.46997869382069396
-2.86	0.5072039907201125
-2.85	0.5087553096703579
-2.84	0.5390343473312187
-2.83	0.5480996430613039
-2.82	0.5830755657734524
-2.81	0.5926841550403135
-2.8	0.6237609928727823
-2.79	0.626152424082513
-2.78	0.6586886899822766
-2.77	0.6982836313221783
-2.76	0.67550071344893
-2.75	0.7213260183914046
-2.74	0.7286788190867564
-2.73	0.7514012178867067
-2.7199999999999998	0.7729750577668922
-2.71	0.7648960444164403
-2.7	0.8188294384445346
-2.69	0.8025060722188507
-2.68	0.8367348759632535
-2.67	0.8494590442083907
-2.66	0.8602171177720227
-2.65	0.862960635719501
-2.64	0.8882901925804966
-2.63	0.9085134661991422
-2.62	0.9015262768085798
-2.61	0.9174920157091839
-2.6	0.9377876560118225
-2.59	0.9302561328943706
-2.58	0.9038859686293882
-2.57	0.8137247953508437
-2.56	1.5122861607752016
-2.55	2.009256124442494
-2.54	0.692584470005892
-2.53	0.4929233394832161
-2.52	0.4828573687060295
-2.51	0.44908487831324967
-2.5	0.4509807362009267
-2.49	0.4548632855363194
-2.48	0.4621378299741618
-2.4699999999999998	0.5042956894554284
-2.46	0.5388809059619168
-2.45	0.5624018658365746
-2.44	0.5748165271417232
-2.4299999999999997	0.6093634684714322
-2.42	0.6224555695348722
-2.41	0.6474069967177963
-2.4	0.696379243044029
-2.39	0.711817943029386
-2.38	0.7207406680555689
-2.37	0.7314210297494346
-2.36	0.7922647193687558
-2.35	0.8016236910254165
-2.34	0.8146976625302021
-2.33	0.8342094972151028
-2.32	0.856985134121856
-2.31	0.8485377815465436
-2.3	0.8587108781214199
-2.29	0.8964859704296371
-2.2800000000000002	0.9094091598720697
-2.27	0.9488416681211306
-2.26	0.9316917830556349
-2.25	0.9548632289794087
-2.24	0.9514748661671922
-2.23	1.0028004900543759
-2.2199999999999998	1.0329119210040159
-2.21	1.0178656651263558
-2.2	1.0312955575106357
-2.19	1.0709904618534374
-2.1799999999999997	1.088143734487374
-2.17	1.116556508531704
-2.16	1.140962670253432
-2.15	1.1092764213399569
-2.14	1.1181801448909312
-2.13	1.1221544060444295
-2.12	1.149941367828645
-2.11	1.183801940611534
-2.1	1.2145273306254485
-2.09	1.2450279087346412
-2.08	1.243432731625347
-2.07	1.2532888373968047
-2.06	1.201018150823107
-2.05	1.13303001324685
-2.04	3.613556248199499
-2.0300000000000002	2.3670783285794115
-2.02	1.1868126842986733
-2.01	0.9031929807402201
-2.	0.7367249385398159
-1.99	0.6464876680026307
-1.98	0.5600243224747465
-1.97	0.5504260847761686
-1.96	0.5424552536873953
-1.95	0.49284682829644344
-1.94	0.4769494612596012
-1.93	0.49548653513756646
-1.92	0.49105649988060707
-1.91	0.4679105324990872
-1.9	0.4934336455301792
-1.89	0.4978790796505961
-1.88	0.4729646574273967
-1.8699999999999999	0.4988589743314596
-1.8599999999999999	0.4779928063658017
-1.8499999999999999	0.47778167803441335
-1.84	0.5004328435951241
-1.83	0.5013565629247526
-1.82	0.5116547813271053
-1.81	0.5092540989621
-1.8	0.5097583276795484
-1.79	0.5267937694955838
-1.78	0.5350885143841082
-1.77	0.5411556615584261
-1.76	0.5001518030715342
-1.75	0.5378000273531852
-1.74	0.5139902125623214
-1.73	0.5505245135323776
-1.72	0.5412583016126226
-1.71	0.5625687780377261
-1.7	0.5378732826066641
-1.69	0.5534664509083846
-1.68	0.5576749908656559
-1.67	0.5556575146705056
-1.66	0.5310051500522743
-1.65	0.555263914474848
-1.64	0.5914363878959163
-1.63	0.5260192963182013
-1.6199999999999999	0.5912639065599326
-1.6099999999999999	0.5550309181424473
-1.5999999999999999	0.5560972293342656
-1.59	0.6006280316810185
-1.58	0.5713619839385797
-1.57	0.5589213503378817
-1.56	0.5541218769948969
-1.55	0.5847810138071863
-1.54	0.5766705418811177
-1.53	0.5340937712759739
-1.52	0.46796723237152366
-1.51	0.6352596644541197
-1.5	0.7202107967441314
-1.49	0.6807262822350246
-1.48	0.6540089984749947
-1.47	0.6944261498320701
-1.46	0.901981931506647
-1.45	1.2070123780548345
-1.44	1.6833162262641894
-1.43	2.8998558861952177
-1.42	3.6477566066184934
-1.41	1.9086748518451746
-1.4	1.2993338033600146
-1.39	1.0385892290773937
-1.38	0.8718067270707173
-1.3699999999999999	0.8128559684291435
-1.3599999999999999	0.8168650318436517
-1.3499999999999999	0.8678200000357482
-1.3399999999999999	0.8603600657170003
-1.33	0.8545804053062045
-1.32	0.9165875057679501
-1.31	0.9526818241467182
-1.3	1.0055281758725128
-1.29	1.1216405595983991
-1.28	1.2445617437526375
-1.27	1.3236197607860327
-1.26	1.5653652411047638
-1.25	1.7853599052719378
-1.24	2.200430497029329
-1.23	3.239351348209739
-1.22	5.646635239561765
-1.21	3.056897179296151
-1.2	2.5587844611628943
-1.19	1.7482003743661116
-1.18	1.7294426903800009
-1.17	1.6128301347406235
-1.16	1.496898587723559
-1.15	1.6512388469947632
-1.14	1.398049935977439
-1.13	1.341010328213264
-1.1199999999999999	1.43191677996733
-1.1099999999999999	1.4398962944025058
-1.0999999999999999	1.7802822507022018
-1.0899999999999999	1.8180324623650932
-1.08	1.1983763840332613
-1.07	0.7204124837147915
-1.06	12.65164340703921
-1.05	1.4711412696286161
-1.04	0.6687828848208198
-1.03	0.5221026656775084
-1.02	0.5219469275529215
-1.01	0.25503942497744797
-1.	23.066578731247205
-0.9899999999999998	8.702433535003186
-0.98	2.6512201569568083
-0.9699999999999998	277.8292313975869
-0.96	6.184944832603899
-0.9500000000000002	11.542938173102097
-0.94	95.48125521685803
-0.9300000000000002	232.9929765097334
-0.9199999999999999	2.1189068304680534
-0.9100000000000001	9.954783235197599
-0.8999999999999999	249.1203234250566
-0.8900000000000001	297.27161921776036
-0.8799999999999999	809.9309681530931
-0.8700000000000001	72.78798215484072
-0.8599999999999999	1.6867185176733093
-0.8500000000000001	0.7900271653233849
-0.8399999999999999	0.39702765317165184
-0.8300000000000001	0.2871020487703312
-0.8199999999999998	10.217383780516128
-0.81	0.6540937946800714
-0.7999999999999998	2.4785136557843104
-0.79	183.72839627425935
-0.7799999999999998	4.038649817822763
-0.77	0.6303522623189244
-0.7599999999999998	0.24417868421066652
-0.75	0.10578456235615454
-0.7399999999999998	0.06663847661448877
-0.73	0.05211846134717912
-0.7199999999999998	0.0784421257353397
-0.71	0.05950769897745438
-0.6999999999999997	1.8788723956343634
-0.69	0.03188794488628915
-0.6800000000000002	0.022852785356699937
-0.6699999999999999	0.014618407485133364
-0.6600000000000001	0.011902904918697771
-0.6499999999999999	0.010163786999757132
-0.6400000000000001	0.007892456827131834
-0.6299999999999999	0.007048008232965682
-0.6200000000000001	0.005914861821229258
-0.6099999999999999	0.004449373479568278
-0.6000000000000001	0.004439808664003802
-0.5899999999999999	0.003891557017985502
-0.5800000000000001	0.0036276055759012563
-0.5699999999999998	0.002895098119520126
-0.56	0.0027049789535178196
-0.5499999999999998	0.002409433398337029
-0.54	0.0020609369213682974
-0.5299999999999998	0.002222915173364222
-0.52	0.0016197088870756875
-0.5099999999999998	0.001796754655699472
-0.5	0.0014945391083320617
-0.48999999999999977	0.0016792054800253051
-0.48	0.0013165249126216676
-0.46999999999999975	0.001323828125901282
-0.45999999999999996	0.0010791237742979432
-0.44999999999999973	0.0009753632270520087
-0.43999999999999995	0.0011000694067480694
-0.43000000000000016	0.000922948745931269
-0.41999999999999993	0.0009039148018579017
-0.41000000000000014	0.000935312368126192
-0.3999999999999999	0.0008324486111681323
-0.3900000000000001	0.0007137833204130362
-0.3799999999999999	0.000779451212237343
-0.3700000000000001	0.0006444561155377978
-0.3599999999999999	0.000648192299140642
-0.3500000000000001	0.0006855489427852273
-0.33999999999999986	0.0005814470200953812
-0.33000000000000007	0.000611954647399997
-0.31999999999999984	0.0005976202652666087
-0.31000000000000005	0.0005001028637253647
-0.2999999999999998	0.0005518595180661743
-0.29000000000000004	0.0004917518508863823
-0.2799999999999998	0.0004236462204743572
-0.27	0.0004690689670307245
-0.2599999999999998	0.0005080648793820437
-0.25	0.00043703724928447293
-0.23999999999999977	0.0004749135722788562
-0.22999999999999998	0.000453062125205431
-0.21999999999999975	0.0004205502608171744
-0.20999999999999996	0.00042379022440522065
-0.19999999999999973	0.00038233538300914537
-0.18999999999999995	0.0004212395308034744
-0.18000000000000016	0.00038725388934513687
-0.16999999999999993	0.00039703172126388976
-0.16000000000000014	0.0004849073850572486
-0.1499999999999999	0.00041055322660924924
-0.14000000000000012	0.00042411445378242045
-0.1299999999999999	0.0004169631369403496
-0.1200000000000001	0.00041171216348767544
-0.10999999999999988	0.00041714280220060093
-0.10000000000000009	0.0004445256889101074
-0.08999999999999986	0.00042795014791114223
-0.08000000000000007	0.00044054348695243795
-0.06999999999999984	0.0004336647002936561
-0.06000000000000005	0.00040351352210346667
-0.04999999999999982	0.00045791411252512173
-0.040000000000000036	0.0004827685267653999
-0.029999999999999805	0.000470924576484229
-0.020000000000000018	0.0004690467324510581
-0.009999999999999787	0.0004910709075339563
0.	0.0004800507698724385
0.010000000000000231	0.0005731869996264064
0.020000000000000018	0.00047384964689890536
0.03000000000000025	0.0005288250510941983
0.040000000000000036	0.000591851973054935
0.050000000000000266	0.0005652269767334247
0.06000000000000005	0.0006728194097501147
0.07000000000000028	0.0006397835073036349
0.08000000000000007	0.0007509808245016725
0.08999999999999986	0.0007011832349349812
0.10000000000000009	0.0008069720996249789
0.10999999999999988	0.0007210438060247754
0.1200000000000001	0.0008178088345354501
0.1299999999999999	0.0008579512511324483
0.14000000000000012	0.001069009611448433
0.1499999999999999	0.0009440178536792301
0.16000000000000014	0.0010374522519939508
0.16999999999999993	0.0011069099214896453
0.18000000000000016	0.0010733625421929514
0.18999999999999995	0.0011223540382476163
0.20000000000000018	0.0011503481922430143
0.20999999999999996	0.0013609219104371935
0.2200000000000002	0.001507513733412885
0.22999999999999998	0.0018869607490456645
0.2400000000000002	0.001926500003338878
0.25	0.0018652699831563182
0.26000000000000023	0.002133573990104887
0.27	0.002345191423283563
0.28000000000000025	0.0022845668074705093
0.29000000000000004	0.0025315297213632927
0.30000000000000027	0.0036956201098261744
0.31000000000000005	0.004169100346074976
0.3200000000000003	0.004535651568288806
0.33000000000000007	0.005121204417057192
0.33999999999999986	0.005822548860717031
0.3500000000000001	0.006656292003317567
0.3599999999999999	0.008159103463348909
0.3700000000000001	0.012625802213176513
0.3799999999999999	0.014144654990002089
0.3900000000000001	0.01539939905287435
0.3999999999999999	0.024826557205236886
0.41000000000000014	0.05048371163245228
0.41999999999999993	1.4332774953894192
0.43000000000000016	0.13711879400852225
0.43999999999999995	0.1817514529243802
0.4500000000000002	0.5196353712244156
0.45999999999999996	4.432680653785006
0.4700000000000002	30.244584496421005
0.48	88.62081225559048
0.4900000000000002	11.853604810411234
0.5	22.10291163097161
0.5100000000000002	50.60530924970238
0.52	28.514501844974244
0.5300000000000002	3.7345097410834365
0.54	3.0671765466994243
0.5500000000000003	2.7126035060355274
0.56	8.811040129551879
0.5700000000000003	5.694127605315427
0.5800000000000001	7.746565158812173
0.5899999999999999	4.347891971058944
0.6000000000000001	1.2043968760000223
0.6099999999999999	0.7763021912255076
0.6200000000000001	0.6537184933716162
0.6299999999999999	0.5307202327995987
0.6400000000000001	0.5061362119695502
0.6499999999999999	0.5202918704085139
0.6600000000000001	0.4860546740269638
0.6699999999999999	0.6342287890453799
0.6800000000000002	0.7636647313957512
0.69	1.1231983224936841
0.7000000000000002	1.6825411514938495
0.71	2.6943410502514036
0.7200000000000002	5.642955466425224
0.73	2.586431878108071
0.7400000000000002	1.62511739299209
0.75	1.1589647876727798
0.7600000000000002	0.9658571393210483
0.77	0.8296695351462166
0.7800000000000002	0.697447694385228
0.79	0.6188369441014312
0.8000000000000003	0.5755991297206275
0.81	0.5251221142809361
0.8200000000000003	0.5242024477396071
0.8300000000000001	0.5254345711116414
0.8399999999999999	0.4680209710711024
0.8500000000000001	0.5445742951756408
0.8599999999999999	0.6032133404443619
0.8700000000000001	0.6965391551359762
0.8799999999999999	0.8130543051913586
0.8900000000000001	0.9102107183299959
0.8999999999999999	1.128657390109981
0.9100000000000001	1.7937151018022077
0.9199999999999999	4.6810341726867755
0.9300000000000002	3.149205346211581
0.94	1.7312182131589768
0.9500000000000002	1.1692357700843594
0.96	0.7320606815018688
0.9700000000000002	0.6820407895168553
0.98	0.8282852882728042
0.9900000000000002	0.929103831851152
1.	1.0826427321393717
1.0099999999999998	1.044867204356032
1.0200000000000005	0.9476187049480816
1.0300000000000002	0.6249266366028353
1.04	0.4709470197787161
1.0499999999999998	0.4711372357692749
1.0600000000000005	0.4965142413783241
1.0700000000000003	0.5518353590345421
1.08	0.6330177533217254
1.0899999999999999	0.6872901222802463
1.0999999999999996	0.740402388444121
1.1100000000000003	0.7342752280979944
1.12	0.8006966893749062
1.13	0.8547289438139969
1.1399999999999997	0.8482558420581261
1.1500000000000004	0.8877742919275283
1.1600000000000001	0.8728915021942186
1.17	0.8732422100250503
1.1799999999999997	0.9042969295210068
1.1900000000000004	0.891165634935303
1.2000000000000002	0.9432792985726633
1.21	0.8811992338399032
1.2199999999999998	0.8831516080013838
1.2300000000000004	0.8796691548904698
1.2400000000000002	0.8675040965501173
1.25	0.9112776153073108
1.2599999999999998	0.861591498759511
1.2700000000000005	0.9091949173000746
1.2800000000000002	0.8171122434208693
1.29	0.8538239921032081
1.2999999999999998	0.80484851136549
1.3100000000000005	0.8467531787565596
1.3200000000000003	0.7804915021024215
1.33	0.8282598567383888
1.3399999999999999	0.7595445166344637
1.3500000000000005	0.6910418159589427
1.3600000000000003	0.741013778757374
1.37	0.7132460543688025
1.38	0.6863362579080192
1.3899999999999997	0.6595084688754576
1.4000000000000004	0.6388729577881556
1.4100000000000001	0.6189733177750433
1.42	0.5950655014291372
1.4299999999999997	0.5627773870453643
1.4400000000000004	0.5712168122812231
1.4500000000000002	0.5283400060984682
1.46	0.5286710896150798
1.4699999999999998	0.5656530314182607
1.4800000000000004	0.6048121048987021
1.4900000000000002	0.6092944366367249
1.5	0.7412586428853161
1.5099999999999998	0.8830786799125568
1.5200000000000005	1.246803618282329
1.5300000000000002	2.6614905806278917
1.54	2.4728483523324987
1.5499999999999998	2.5137872748239203
1.5600000000000005	1.1038693427887738
1.5700000000000003	0.8512514066847491
1.58	0.8290219329575932
1.5899999999999999	0.8571350267976348
1.6000000000000005	0.8827661565023339
1.6100000000000003	0.9537933374589946
1.62	1.0077477844475458
1.63	1.0489998662418378
1.6399999999999997	1.0571498635972538
1.6500000000000004	1.0453295452265838
1.6600000000000001	1.0746289723295532
1.67	1.1053801134522796
1.6799999999999997	1.0752798725663963
1.6900000000000004	1.078047587747585
1.7000000000000002	1.0633152946669826
1.71	1.063258990251209
1.7199999999999998	1.0271451497572197
1.7300000000000004	1.0370837259469428
1.7400000000000002	1.0264233199787511
1.75	1.0345034175928405
1.7599999999999998	1.019251314014117
1.7700000000000005	1.0158274680195716
1.7800000000000002	0.9927432111716816
1.79	0.9550235770730151
1.7999999999999998	0.9695148973565004
1.8100000000000005	0.9677742325417931
1.8200000000000003	0.9251712656765765
1.83	0.9125383565341387
1.8399999999999999	0.9251234397301896
1.8500000000000005	0.8542576229532888
1.8600000000000003	0.8415522302078909
1.87	0.811280514989794
1.88	0.808715388256156
1.8899999999999997	0.7716411691374843
1.9000000000000004	0.7589512174729081
1.9100000000000001	0.7536742171338577
1.92	0.697405495825707
1.9299999999999997	0.7023796081905578
1.9400000000000004	0.6703829309376538
1.9500000000000002	0.6086861170967266
1.96	0.5703996873997234
1.9699999999999998	0.5443861499449972
1.9800000000000004	0.5200079360812078
1.9900000000000002	0.48373674478831163
2.	0.45996095112847246
2.01	0.4439376990820412
2.0200000000000005	0.43349664539703586
2.0300000000000002	0.5756737597561669
2.04	0.7091365468315444
2.05	2.2022784362362002
2.0600000000000005	2.648182400240032
2.0700000000000003	1.8712184099212266
2.08	1.0730225205219335
2.09	0.48293219726102593
2.1000000000000005	0.47564256174368685
2.1100000000000003	0.4744403098410425
2.12	0.5128763409520704
2.13	0.550766381153062
2.1399999999999997	0.58991916034624
2.1500000000000004	0.6132273242834194
2.16	0.6140938945420332
2.17	0.6133898873746225
2.1799999999999997	0.6144506081792924
2.1900000000000004	0.6195825329629538
2.2	0.6153408623687505
2.21	0.6277479686449221
2.2199999999999998	0.6047878664629205
2.2300000000000004	0.6265625025417585
2.24	0.6293439517905974
2.25	0.5814564917113143
2.26	0.5566889280864757
2.2700000000000005	0.5570408242143462
2.2800000000000002	0.5515756057502503
2.29	0.5467524928847219
2.3	0.5316526822130995
2.3100000000000005	0.5095556637221976
2.3200000000000003	0.503571790919433
2.33	0.49776596062567297
2.34	0.474170255469545
2.3500000000000005	0.4271330809911982
2.3600000000000003	0.42670268090913566
2.37	0.4192789508585873
2.38	0.39779025785949373
2.3899999999999997	0.3446908059821608
2.4000000000000004	0.3529761685646852
2.41	0.32902750033848627
2.42	0.2993860920365678
2.4299999999999997	0.2932164101155913
2.4400000000000004	0.2916891475417238
2.45	0.32203778706968494
2.46	0.34410557012790766
2.4699999999999998	0.6722256464025206
2.4800000000000004	1.4882967423150886
2.49	1.002600850495308
2.5	0.7450284308358166
2.51	0.5513303600901488
2.5200000000000005	0.21048257801372416
2.5300000000000002	0.1763770117915232
2.54	0.1738659637786183
2.55	0.21657640502334047
2.5600000000000005	0.17656129697975798
2.5700000000000003	0.17664865751412911
2.58	0.19664963795858761
2.59	0.2038762804366825
2.6000000000000005	0.19092928576245577
2.6100000000000003	0.18122079924756343
2.62	0.16830092027320864
2.63	0.16817364822281422
2.6399999999999997	0.16121632367351077
2.6500000000000004	0.1466605907272879
2.66	0.13438534019105747
2.67	0.13287388152481097
2.6799999999999997	0.11547255598883643
2.6900000000000004	0.10816262985236194
2.7	0.11866379906149355
2.71	0.10843866735897119
2.7199999999999998	0.09832701860386239
2.7300000000000004	0.08617849920916483
2.74	0.10768602322170043
2.75	1.582230087714088
2.76	18.713729731362587
2.7700000000000005	0.2699841913162142
2.7800000000000002	3.2379531051280472
2.79	0.2800818482762917
2.8	0.09228165195805146
2.8100000000000005	0.004836689668329582
2.8200000000000003	0.002263560973314238
2.83	0.0015370282477410264
2.84	0.0010489540363494592
2.8500000000000005	0.0007947523092320353
2.8600000000000003	0.0006349159565272965
2.87	0.0004701340902406724
2.88	0.00034415889578191214
2.8899999999999997	0.0003303753109447537
2.9000000000000004	0.00027006744711941937
2.91	0.00020142484858864425
2.92	0.0001669847201332027
2.9299999999999997	0.00014827085740800263
2.9400000000000004	0.00014826987149231942
2.95	0.00011241585014727743
2.96	0.00009759750425864101
2.9699999999999998	0.00009260324215861531
2.9800000000000004	0.00007784733528844134
2.99	0.0000695198188403344
3.	0.0000661442693593319