0.	0.00118919539136858
0.01	0.001292411270503888
0.02	0.0013740870931840843
0.03	0.0014656111182653566
0.04	0.0015192752478667716
0.05	0.001448718366177652
0.06	0.0016128230120194104
0.07	0.0017003290403556962
0.08	0.001727209705434995
0.09	0.0019048077604349098
0.1	0.0020138787737438058
0.11	0.0021896200506963687
0.12	0.002085262224308509
0.13	0.0023177720667823323
0.14	0.0024416869019246125
0.15	0.002616781521155668
0.16	0.0028841674225114607
0.17	0.0027969574466974647
0.18	0.0034083769828979183
0.19	0.003533016987102929
0.2	0.0036793979841759344
0.21	0.004263759584597479
0.22	0.0043782655337133375
0.23	0.004967621631920908
0.24	0.00519254110850024
0.25	0.005642038725816363
0.26	0.006690424883645937
0.27	0.00765610163951015
0.28	0.008067666438463596
0.29	0.008709234392478732
0.3	0.01107797500861064
0.31	0.011344381893768326
0.32	0.011996414494523162
0.33	0.014608005586854312
0.34	0.018447881123184837
0.35000000000000003	0.019505000507218553
0.36	0.026631379446145683
0.37	0.033937315933139416
0.38	0.041145246483868775
0.39	0.21366862175982865
0.4	0.19657189336465022
0.41000000000000003	0.658838433307379
0.42	0.8731067982304062
0.43	37.65724488256762
0.44	31.728981146828374
0.45	15.892974086583859
0.46	21.484783890807368
0.47000000000000003	62.54342928071371
0.48	23.17086458197433
0.49	110.37089269932834
0.5	430.21228191026245
0.51	143.82101460575996
0.52	166.71016212901333
0.53	8.519096893577823
0.54	6.250116098339023
0.55	7.428720972002514
0.56	11.643254419101043
0.5700000000000001	21.378460326445207
0.58	8.789659275919796
0.59	7.800477766805151
0.6	1.6563501981834634
0.61	1.1761610085416356
0.62	0.9166682778335924
0.63	0.8647033550479434
0.64	0.8307217966790058
0.65	0.9029813833911722
0.66	1.0827335592883922
0.67	1.414563175710954
0.68	1.663433268480691
0.6900000000000001	1.9852643763695303
0.7000000000000001	3.441255807480659
0.71	4.561060436083514
0.72	7.514442090802912
0.73	2.913648377027582
0.74	2.1413030423328037
0.75	1.5655918648952944
0.76	1.3651942618112798
0.77	1.1407779256506216
0.78	1.0348751929059745
0.79	0.9143066674700622
0.8	0.8629126174794927
0.81	0.872526123018172
0.8200000000000001	0.8637591404375398
0.8300000000000001	0.867882437532093
0.84	0.8965206643544607
0.85	0.9941375222431013
0.86	1.1263624809505757
0.87	1.3213854395497306
0.88	1.4323682692140383
0.89	1.7810356399741336
0.9	2.332812194658459
0.91	3.3221794629165413
0.92	5.697392313354536
0.93	3.2654230211255126
0.9400000000000001	2.245501910016629
0.9500000000000001	1.7103463492205342
0.96	1.2041697914931946
0.97	0.9175032633677893
0.98	0.6863989877982237
0.99	0.5758282164632629
1.	0.5870961958836183
1.01	0.5548717195333953
1.02	0.5156718984100896
1.03	0.520699115630304
1.04	0.6041252827565097
1.05	0.613310121210701
1.06	0.5297298131090944
1.07	0.48016451958395506
1.08	0.4560743429722229
1.09	0.4401623616177851
1.1	0.440875440508923
1.11	0.43421683356957386
1.12	0.4061477852383697
1.1300000000000001	0.41579531320759033
1.1400000000000001	0.4315113726470586
1.1500000000000001	0.44064957405263155
1.16	0.40822661425209933
1.17	0.42337005551520024
1.18	0.4151793016200341
1.19	0.4398221589269957
1.2	0.4289008828130393
1.21	0.4172717521228984
1.22	0.4336709833829733
1.23	0.4324373015245829
1.24	0.4226232279635798
1.25	0.4160780269207899
1.26	0.4177763808649812
1.27	0.3700604394470807
1.28	0.40154291399522196
1.29	0.40913302519415745
1.3	0.4215552579580292
1.31	0.4301732178983038
1.32	0.3893766148773046
1.33	0.42676506674450687
1.34	0.4156413283694028
1.35	0.4330686872430039
1.36	0.4080077626405692
1.37	0.43531802152540533
1.3800000000000001	0.42100682292962627
1.3900000000000001	0.44646062096207134
1.4000000000000001	0.4951445511520424
1.41	0.5163206528875424
1.42	0.547832002465948
1.43	0.5104103261853308
1.44	0.5871188497420303
1.45	0.5931539492823886
1.46	0.6487267836536849
1.47	0.7315145650713495
1.48	0.8491989760081597
1.49	0.9691257611437506
1.5	1.064135719584268
1.51	1.3267154065545128
1.52	1.6584220878326632
1.53	2.9660121549801293
1.54	3.1054219999652215
1.55	2.4680594322836598
1.56	1.3565930383854294
1.57	1.0235214749841817
1.58	0.5384110230121861
1.59	0.4665265118400987
1.6	0.4864372362635452
1.61	0.5280928289371737
1.62	0.5573080508946358
1.6300000000000001	0.5794763816982761
1.6400000000000001	0.5933833370062864
1.6500000000000001	0.6031931948949848
1.6600000000000001	0.6202557930335111
1.67	0.5983281271137251
1.68	0.601908277359266
1.69	0.5671583180082372
1.7	0.5667693278127193
1.71	0.618706134036779
1.72	0.5772363581260576
1.73	0.591707382636852
1.74	0.5866620639159338
1.75	0.5546086278101544
1.76	0.5489669497536116
1.77	0.5662875135371493
1.78	0.536537332433578
1.79	0.5445689368312041
1.8	0.5194697451927682
1.81	0.5229911459306956
1.82	0.4842480599795611
1.83	0.4882666867349604
1.84	0.46874157987619886
1.85	0.47490383840910294
1.86	0.4515758117774278
1.87	0.43739158636396663
1.8800000000000001	0.4277007139280105
1.8900000000000001	0.41271838602599126
1.9000000000000001	0.3816535321049464
1.9100000000000001	0.40311982877703245
1.92	0.3496863876966205
1.93	0.3647143822108656
1.94	0.3630048224804958
1.95	0.32162453740953195
1.96	0.3348226060935631
1.97	0.3228671596251868
1.98	0.3290372380584369
1.99	0.34898793404134415
2.	0.3885363981853622
2.0100000000000002	0.44943820239846577
2.02	0.49864829410590245
2.0300000000000002	0.6174393641828939
2.04	0.9182076262357525
2.05	2.1825022423615175
2.06	3.417664736981575
2.07	2.0557166847319785
2.08	1.1119192335308918
2.09	0.5946277806707676
2.1	0.37804369904305957
2.11	0.3113242951812005
2.12	0.3251562265805843
2.13	0.3332488168095963
2.14	0.3550777324821971
2.15	0.34667642834119855
2.16	0.39725024936958336
2.17	0.3897036006166833
2.18	0.3677451098742564
2.19	0.3755720245347034
2.2	0.36884740598897886
2.21	0.37585963949157203
2.22	0.35424347163875414
2.23	0.36018723403574143
2.24	0.3425029122429075
2.25	0.35418409449022925
2.2600000000000002	0.3390798015320546
2.27	0.3239488346000984
2.2800000000000002	0.31889155083120396
2.29	0.32435467480274865
2.3000000000000003	0.3220906346769539
2.31	0.29987096965810883
2.32	0.27895041085353944
2.33	0.2825231536842678
2.34	0.2753586859053542
2.35	0.25729881391640225
2.36	0.23225664578609506
2.37	0.2120708867526584
2.38	0.22420776986446286
2.39	0.20196228400995556
2.4	0.2004973741619115
2.41	0.2051031988700161
2.42	0.20931354508514194
2.43	0.23324450694303417
2.44	0.2447684603031741
2.45	0.2734783395277661
2.46	0.3946433417771052
2.47	0.7064583618944594
2.48	1.7060032218324284
2.49	1.0508510226419394
2.5	0.749740021528456
2.5100000000000002	0.47192553422235367
2.52	0.3196407003743374
2.5300000000000002	0.2025502810532774
2.54	0.16050427247284635
2.5500000000000003	0.1297994669384088
2.56	0.12794092678190952
2.57	0.11774701553992296
2.58	0.11956046432171573
2.59	0.12669721515828555
2.6	0.11484942404103225
2.61	0.10646142671202159
2.62	0.11416060262403994
2.63	0.08609656106923444
2.64	0.08435205828464283
2.65	0.10447499541854943
2.66	0.09065142823760515
2.67	0.08845340244633351
2.68	0.08603873960130408
2.69	0.089365566493795
2.7	0.07762653365372643
2.71	0.07054290593862018
2.72	0.08095132128724139
2.73	0.07119721986627552
2.74	0.09525178146280616
2.75	1.1256837320804238
2.7600000000000002	21.733245034531755
2.77	10.170748046365766
2.7800000000000002	5.44213892198533
2.79	0.12894419353740447
2.8000000000000003	0.21254631103511507
2.81	0.031283870116727994
2.82	0.004280161129518218
2.83	0.0034918911775050432
2.84	0.0019201735877187596
2.85	0.0014750335021758163
2.86	0.0011286362662740383
2.87	0.0008393532740517171
2.88	0.0007112177225637861
2.89	0.0006113867401143369
2.9	0.0005189201366101246
2.91	0.0004680595688294643
2.92	0.0003777309377331997
2.93	0.00032015254057695606
2.94	0.0002899466598185929
2.95	0.00025454714041572445
2.96	0.0002206774202061527
2.97	0.00018329795804422294
2.98	0.00017496865136673438
2.99	0.0001471349959807083
3.	0.00013394164363292685