0.	0.0007747221701203759
0.01	0.0007340688444706384
0.02	0.0007161521742977371
0.03	0.0009001504615872329
0.04	0.000860738079766942
0.05	0.0008696975881487287
0.06	0.0009384538021912744
0.07	0.0009479442990961268
0.08	0.0010319526460421007
0.09	0.0010894054153071063
0.1	0.0011030355867420825
0.11	0.0012016566534569675
0.12	0.0013995931988351308
0.13	0.0013695815389971157
0.14	0.00169893625789964
0.15	0.0016618423884898234
0.16	0.0016565888234571745
0.17	0.001758838059530342
0.18	0.0020769210843048164
0.19	0.0023489007511934452
0.2	0.002483252782597409
0.21	0.0029039620422751707
0.22	0.0029052491142764216
0.23	0.002900610269588587
0.24	0.0036428659600986186
0.25	0.003415778210593696
0.26	0.003936100404585331
0.27	0.004386584241870694
0.28	0.0055068805977351205
0.29	0.005701675605249869
0.3	0.006105110332702547
0.31	0.007556264385313396
0.32	0.00787969017432631
0.33	0.008710521459105065
0.34	0.011534033253439456
0.35000000000000003	0.012991091375799652
0.36	0.014949584407113397
0.37	0.01920910027588356
0.38	0.052615891241909726
0.39	0.035499726137986826
0.4	0.05229592599394107
0.41000000000000003	0.08053163718182978
0.42	0.09553631981406382
0.43	0.5981564880311031
0.44	0.52615717858766
0.45	15.403944932001739
0.46	31.974675743330394
0.47000000000000003	16.01019848263173
0.48	39.34911035877299
0.49	285.1051148499927
0.5	150.484354641415
0.51	326.50723735418484
0.52	89.1093258165585
0.53	5.484074749182364
0.54	7.279396712214296
0.55	4.713463619799968
0.56	8.06608512487157
0.5700000000000001	6.130001033693106
0.58	9.825686360416451
0.59	5.529248476377273
0.6	1.5243648707357755
0.61	0.9662112033106751
0.62	0.7962879275780839
0.63	0.7156540635738736
0.64	0.6887336096022159
0.65	0.7233947609898376
0.66	0.863880409471639
0.67	1.0121778183312604
0.68	1.1745871630332931
0.6900000000000001	2.124418657771832
0.7000000000000001	2.721189852690839
0.71	3.9577136645769295
0.72	7.515215327361842
0.73	3.0376865683636716
0.74	2.0454433547718636
0.75	1.507069223627632
0.76	1.213960384140654
0.77	1.0240697967605426
0.78	0.970945030758102
0.79	0.8431033265953046
0.8	0.7113092932673309
0.81	0.6932125043092019
0.8200000000000001	0.7162571470782377
0.8300000000000001	0.6779685664940965
0.84	0.7385331157665682
0.85	0.7265727516837978
0.86	0.8972752547176863
0.87	1.0365441862474878
0.88	1.1263256527547763
0.89	1.5348377643979114
0.9	2.031737886346243
0.91	2.858200144116297
0.92	6.339971738750946
0.93	3.419359993917241
0.9400000000000001	2.1445199571962403
0.9500000000000001	1.3843437869361954
0.96	0.9244959418970732
0.97	0.6763204822926391
0.98	0.6724798717936002
0.99	0.7158966323140808
1.	0.7097793922363274
1.01	0.6952018871087287
1.02	0.7361375882711871
1.03	0.6910221326669433
1.04	0.5630131638400371
1.05	0.5685038479907659
1.06	0.6347415574599676
1.07	0.6858832435870782
1.08	0.7238204999321328
1.09	0.7385528788910226
1.1	0.7298526296192007
1.11	0.7573408681272181
1.12	0.7638094698065305
1.1300000000000001	0.8363814524694153
1.1400000000000001	0.8323394098506187
1.1500000000000001	0.7885898595234208
1.16	0.7770056861835322
1.17	0.807678149289909
1.18	0.8139677143140351
1.19	0.8102780496085032
1.2	0.7818569613772174
1.21	0.7893037037289118
1.22	0.7761696041007261
1.23	0.7880711127618091
1.24	0.7689733113073917
1.25	0.8031891845079823
1.26	0.7752415323009434
1.27	0.758740737570184
1.28	0.7243001158235478
1.29	0.8149311719175762
1.3	0.740059563628596
1.31	0.7249970199419731
1.32	0.7395119306518891
1.33	0.7376610589032551
1.34	0.7164764337185895
1.35	0.6712788376207146
1.36	0.6625758797852882
1.37	0.6350176077881838
1.3800000000000001	0.6295886335416023
1.3900000000000001	0.5746929015752419
1.4000000000000001	0.6313585616959435
1.41	0.5938012214810972
1.42	0.5587834731077482
1.43	0.5648967741137129
1.44	0.5388370741104636
1.45	0.5175536655514245
1.46	0.5180716247774314
1.47	0.5516449667057957
1.48	0.5890799098251353
1.49	0.6155973753181665
1.5	0.7138809315363956
1.51	0.8479508562053858
1.52	1.027715111955123
1.53	1.2608217527054038
1.54	1.143716651311567
1.55	1.2499463957439139
1.56	1.2456211049758494
1.57	1.2754764650060615
1.58	1.3174106716019696
1.59	1.3514905111404822
1.6	1.3637245100469253
1.61	1.3687138401332537
1.62	1.3379435547837595
1.6300000000000001	1.3478265532737508
1.6400000000000001	1.344655377503887
1.6500000000000001	1.3515242654778397
1.6600000000000001	1.350216944261969
1.67	1.330446413547151
1.68	1.328129406176999
1.69	1.3194348829943137
1.7	1.296723966789681
1.71	1.300623729360712
1.72	1.2867004166829554
1.73	1.2586738930356483
1.74	1.2308314806060394
1.75	1.2472215829402915
1.76	1.2062125881015522
1.77	1.208633367566456
1.78	1.1921403001821913
1.79	1.1597283508887801
1.8	1.1592141412248242
1.81	1.1319351810236054
1.82	1.1278622539681908
1.83	1.0942409938987099
1.84	1.0840502003009809
1.85	1.0646731750809293
1.86	1.019672305178407
1.87	1.0323489356856397
1.8800000000000001	1.0211481322065474
1.8900000000000001	0.9977608249464842
1.9000000000000001	0.9295825475587695
1.9100000000000001	0.9032873696401806
1.92	0.8856775587763884
1.93	0.8308258136152663
1.94	0.8102051210921029
1.95	0.7624896386061433
1.96	0.7218445094023971
1.97	0.6918362092358488
1.98	0.6231843637297947
1.99	0.5987966480165228
2.	0.5573634589898309
2.0100000000000002	0.5273847089495909
2.02	0.4852826382902115
2.0300000000000002	0.5239171094562354
2.04	0.6179344344307193
2.05	0.8543830714927219
2.06	0.8921061042307542
2.07	0.8871302622790833
2.08	0.8809476142764684
2.09	0.9200199244409806
2.1	0.9716499834201163
2.11	0.9655934523237011
2.12	0.9662401707589479
2.13	1.0032456509863872
2.14	0.9852681442209692
2.15	0.9886507532666551
2.16	0.9731329086061169
2.17	0.9760373280671779
2.18	0.978012598265832
2.19	0.9737729852661895
2.2	0.9313016041325495
2.21	0.9441355007953782
2.22	0.9229141365726078
2.23	0.9219536737641643
2.24	0.897837284974249
2.25	0.8862525502252863
2.2600000000000002	0.8632989414887541
2.27	0.8371166704457622
2.2800000000000002	0.8368002578212388
2.29	0.8054629362089487
2.3000000000000003	0.7991399058730171
2.31	0.7747479039704824
2.32	0.7753178014555467
2.33	0.7371384781340397
2.34	0.6864343626043778
2.35	0.6641000287490624
2.36	0.6488606752715801
2.37	0.6180307759953457
2.38	0.5907092671490796
2.39	0.54535996844686
2.4	0.5120461178169126
2.41	0.46233388722876906
2.42	0.4207205413050467
2.43	0.39465130833234047
2.44	0.3714925375082028
2.45	0.3368098790712555
2.46	0.3709962277407356
2.47	0.4669573957087442
2.48	0.4030825396299814
2.49	0.3381283425739532
2.5	0.3384315022798783
2.5100000000000002	0.3941837089880007
2.52	0.39658797411105967
2.5300000000000002	0.42733465093327955
2.54	0.4238170680720299
2.5500000000000003	0.43859856919265733
2.56	0.42419307069840634
2.57	0.4264547519466988
2.58	0.414419665374418
2.59	0.40327634214984037
2.6	0.3722282150796099
2.61	0.3738266028083316
2.62	0.371425977797809
2.63	0.3264539866290847
2.64	0.3098151857349319
2.65	0.3101886918242889
2.66	0.2872489516793471
2.67	0.2736073400598244
2.68	0.23455981650035876
2.69	0.2133998725779778
2.7	0.18979151080671228
2.71	0.1727964597401325
2.72	0.13702726541819663
2.73	0.11000475965071047
2.74	0.0865865472137624
2.75	0.5488818322521585
2.7600000000000002	0.08826734522790855
2.77	0.12175672188261077
2.7800000000000002	0.019088675030126814
2.79	0.004846393513788477
2.8000000000000003	0.0026880879255130694
2.81	0.0017240147436895948
2.82	0.0011714118058334848
2.83	0.0009359972018344837
2.84	0.0007139151805647186
2.85	0.0005115174065797737
2.86	0.0004366745336894311
2.87	0.0003521634220220902
2.88	0.00030617770091402455
2.89	0.0002556495651899741
2.9	0.00021686224087933168
2.91	0.00019331362717434197
2.92	0.00016840749584415076
2.93	0.00016710652992835086
2.94	0.00013974232634312805
2.95	0.0001345571153625092
2.96	0.00010714137161333824
2.97	0.0001035783569715387
2.98	0.00009011240986211654
2.99	0.00009083973399642184
3.	0.00007523137698034082