0.	0.0007279969635696984
0.01	0.0007483442986295668
0.02	0.0007784549250377979
0.03	0.0008119121887890388
0.04	0.0008831998217903684
0.05	0.0008527761215051999
0.06	0.0009824560236962585
0.07	0.0009965426917431823
0.08	0.0010528695419664855
0.09	0.0012121084918920134
0.1	0.0013016378762201147
0.11	0.0012381556456954757
0.12	0.0013045658666077555
0.13	0.0013669890629714359
0.14	0.0015159784804749136
0.15	0.0014653187662824192
0.16	0.0016514326748521243
0.17	0.001856635769431266
0.18	0.0018801645672011542
0.19	0.0020716913774002383
0.2	0.0023227613964964416
0.21	0.002363220210912303
0.22	0.0025469489705640704
0.23	0.003025518763386822
0.24	0.003218316942870702
0.25	0.0035228091889227945
0.26	0.003832433665980066
0.27	0.004378639631977897
0.28	0.00472773805486546
0.29	0.005164494909698189
0.3	0.005441157587358713
0.31	0.006732394387274484
0.32	0.007151213528329119
0.33	0.008355365832660687
0.34	0.009651031472584755
0.35000000000000003	0.012045908953406646
0.36	0.013916742908088713
0.37	0.017169790748992952
0.38	0.019127970899666856
0.39	0.07121358773976827
0.4	0.03533164681088343
0.41000000000000003	0.05281759495005109
0.42	0.37704078417436937
0.43	2.7242506810981557
0.44	0.4790768651495746
0.45	1.1828837694552015
0.46	5.465491053959335
0.47000000000000003	51.100842629387024
0.48	129.60747158985114
0.49	20.216322289202214
0.5	87.1974971504406
0.51	201.79218346271787
0.52	58.51517625019433
0.53	4.1833156020586975
0.54	4.662373335862174
0.55	4.025121355016071
0.56	5.934017187460098
0.5700000000000001	4.556914254941414
0.58	7.597932713373574
0.59	4.969455311460423
0.6	1.3759097621206666
0.61	0.9754847929022211
0.62	0.7391591310282959
0.63	0.703284209767387
0.64	0.6659474992984717
0.65	0.7271707288421096
0.66	0.7758204978022154
0.67	0.8127798491374852
0.68	1.0937566879926097
0.6900000000000001	1.3638458106289633
0.7000000000000001	2.4419729624408757
0.71	4.386737541101191
0.72	6.849584337647797
0.73	3.077082242772378
0.74	1.8655737459889692
0.75	1.4566876167531004
0.76	1.1753632496296413
0.77	0.9789753200854445
0.78	0.8830993436531865
0.79	0.7990855822000729
0.8	0.7047265593375531
0.81	0.6822525497926148
0.8200000000000001	0.6773680866258226
0.8300000000000001	0.6478303148299775
0.84	0.6530207828846506
0.85	0.7512483922631422
0.86	0.7817392497660886
0.87	0.8943695652729363
0.88	1.1259431911304427
0.89	1.3672326895663018
0.9	1.8916848252381184
0.91	2.8166787119743577
0.92	5.687610400719903
0.93	3.341261135297044
0.9400000000000001	2.096023266544436
0.9500000000000001	1.4228580591307411
0.96	0.9194275943868113
0.97	0.6988326103450212
0.98	0.6636479408745539
0.99	0.7282172945120988
1.	0.7138115798824786
1.01	0.7018140510490266
1.02	0.6947239096991222
1.03	0.5595183508296231
1.04	0.4905291405953915
1.05	0.45224716115325386
1.06	0.4408944687560974
1.07	0.4958187990244397
1.08	0.535253437294764
1.09	0.5738268033839863
1.1	0.5690580768905413
1.11	0.598846228560465
1.12	0.6122262531205033
1.1300000000000001	0.6501520558695083
1.1400000000000001	0.6827497083143129
1.1500000000000001	0.6516065618554787
1.16	0.7013562825801375
1.17	0.6678339080708394
1.18	0.7216642881032197
1.19	0.682093600467646
1.2	0.6802801277929875
1.21	0.6563148120975681
1.22	0.6631930033514564
1.23	0.6501061631488824
1.24	0.688957720341454
1.25	0.6706343309145536
1.26	0.6429395542577786
1.27	0.6688706417976144
1.28	0.6383442267483354
1.29	0.6290908194499866
1.3	0.6316157694111797
1.31	0.6117152562793907
1.32	0.6087813006407413
1.33	0.6201362910017796
1.34	0.5822858552482099
1.35	0.5754065268774382
1.36	0.5384230817459122
1.37	0.5720341705336963
1.3800000000000001	0.5803901071153034
1.3900000000000001	0.5234729477801493
1.4000000000000001	0.5155652707874465
1.41	0.5063346936207519
1.42	0.48305124939240573
1.43	0.4566982496843225
1.44	0.5120790385584086
1.45	0.4990521919863586
1.46	0.5302258143211079
1.47	0.6019133981136736
1.48	0.6032015489531357
1.49	0.6809328268967632
1.5	0.8118480179609611
1.51	1.0416879510577308
1.52	1.3047815347812455
1.53	2.262194667339902
1.54	1.869270585520057
1.55	2.094629877231172
1.56	1.0636025422564217
1.57	0.9256806742930378
1.58	0.7902311673910546
1.59	0.8699810549550974
1.6	0.8987711015098985
1.61	0.944729434338471
1.62	0.9862278910597743
1.6300000000000001	1.0115633497649958
1.6400000000000001	0.9979771426349273
1.6500000000000001	1.0030839433219183
1.6600000000000001	1.0272783131712382
1.67	1.037527757724888
1.68	0.9990986575752001
1.69	1.025660605894253
1.7	1.0066478988853973
1.71	1.0177861039508893
1.72	0.973050673446247
1.73	0.9479190445498368
1.74	0.988647118485427
1.75	0.980639839145023
1.76	0.9602634792739554
1.77	0.9222900498524874
1.78	0.9206770728729948
1.79	0.8884558500604588
1.8	0.8864857640681696
1.81	0.8905195492524126
1.82	0.863256603843244
1.83	0.8370275379128584
1.84	0.8158214317789529
1.85	0.8302934445684078
1.86	0.795838665569729
1.87	0.7515123243132386
1.8800000000000001	0.7397185972635675
1.8900000000000001	0.7294770826796142
1.9000000000000001	0.6773680455872009
1.9100000000000001	0.6393681316979948
1.92	0.6434668444933948
1.93	0.6417351485754903
1.94	0.5930675375393746
1.95	0.5527822318637281
1.96	0.5203975782765082
1.97	0.4974070371885768
1.98	0.4482089611616493
1.99	0.42643691905953585
2.	0.40506862560953916
2.0100000000000002	0.41725395720016556
2.02	0.45194743017813904
2.0300000000000002	0.5306107927111295
2.04	0.6796198137410211
2.05	1.6751287852406174
2.06	1.8871741015669408
2.07	1.3519735424569626
2.08	0.902294661159979
2.09	0.5526454621965714
2.1	0.51338850713131
2.11	0.5619523644189116
2.12	0.5960762950649906
2.13	0.6082453985915797
2.14	0.6140057874314395
2.15	0.6272697898079891
2.16	0.6437063889740621
2.17	0.6263384645146073
2.18	0.6560178825097839
2.19	0.6239341974826498
2.2	0.6384604700215141
2.21	0.6012516823638635
2.22	0.631677813022828
2.23	0.6042177770033006
2.24	0.6012474245875828
2.25	0.5964264845277509
2.2600000000000002	0.5812758412034634
2.27	0.5683825630941821
2.2800000000000002	0.5447619376388927
2.29	0.5521765715541784
2.3000000000000003	0.5262109574136077
2.31	0.5142584696685225
2.32	0.4916680961299711
2.33	0.47851607220304515
2.34	0.4516674488436912
2.35	0.4328684271873625
2.36	0.41547556682323067
2.37	0.3886656630027745
2.38	0.38242527438089274
2.39	0.34513327743076977
2.4	0.3270550440267749
2.41	0.31943111496148774
2.42	0.3098888417813357
2.43	0.2811876021859328
2.44	0.2653995322718273
2.45	0.29930734763272154
2.46	0.3635504003162231
2.47	0.6582038687494213
2.48	0.9711875842559718
2.49	0.9687774831181053
2.5	0.5747509951826633
2.5100000000000002	0.25044581038303965
2.52	0.19907576887914014
2.5300000000000002	0.18739104996818504
2.54	0.19446991981864956
2.5500000000000003	0.20403492365437761
2.56	0.21272125101717615
2.57	0.19233748334358344
2.58	0.20749794883594921
2.59	0.21152448531320456
2.6	0.2013597352543139
2.61	0.18703880099542652
2.62	0.18632209764829474
2.63	0.18720811411050836
2.64	0.17481374991566487
2.65	0.1567474717222791
2.66	0.15094012197965828
2.67	0.13078422268282328
2.68	0.13706082756289903
2.69	0.1228404713596025
2.7	0.11263895791868844
2.71	0.08951943703596293
2.72	0.08846487040648536
2.73	0.09048129949669628
2.74	0.07521098748079703
2.75	9.148417675863971
2.7600000000000002	0.7160400539659466
2.77	4.625270153496849
2.7800000000000002	0.5098460073134441
2.79	0.020143670618321
2.8000000000000003	0.9790667703108736
2.81	0.0036799583716852907
2.82	0.0026250932287382213
2.83	0.0012645262623074735
2.84	0.0010885270298802454
2.85	0.0008754542691060458
2.86	0.0006571512863193732
2.87	0.0005290368192810515
2.88	0.0004387581867404219
2.89	0.0003246517556944505
2.9	0.0002836527105840222
2.91	0.000264350742498497
2.92	0.000223726782916937
2.93	0.00019799887351664236
2.94	0.0001749750313803563
2.95	0.0001523550210131418
2.96	0.00013249694114477522
2.97	0.000127574512175606
2.98	0.00010884278664523123
2.99	0.0000948393973527656
3.	0.00008360805881328206