0.	0.0011258756619066653
0.01	0.001122510948572418
0.02	0.0010672194009530508
0.03	0.0013436536311962003
0.04	0.001444095926186405
0.05	0.0014000789795142994
0.06	0.0015006332758721107
0.07	0.0015796639245502914
0.08	0.0018793482398815039
0.09	0.001828222539814162
0.1	0.002036485521582572
0.11	0.002206042786362928
0.12	0.002180615426252411
0.13	0.0024662124607191453
0.14	0.002637734982704783
0.15	0.0026006682461329187
0.16	0.002793439123266891
0.17	0.003121163627029894
0.18	0.003581074898686151
0.19	0.003971443630566445
0.2	0.004267414465393379
0.21	0.004079048125762355
0.22	0.004778883885901653
0.23	0.004910373739048339
0.24	0.0061159753174885
0.25	0.005666365848429522
0.26	0.006947204579164355
0.27	0.00822146767313012
0.28	0.007998447092055263
0.29	0.01001631043011298
0.3	0.01002437203019412
0.31	0.011824982979349379
0.32	0.015545847687938933
0.33	0.015908021237348
0.34	0.019453953046133277
0.35000000000000003	0.02234888837313552
0.36	0.027437071454260695
0.37	0.03766870742255703
0.38	0.05594445690892694
0.39	2.2844028178170723
0.4	0.8103975835540067
0.41000000000000003	8.76190245362343
0.42	1.5947393143504265
0.43	2.9085160886425627
0.44	14.196919648429448
0.45	19.349560775332115
0.46	25.435559721398736
0.47000000000000003	23.90935968997327
0.48	92.83549302121673
0.49	76.88604038992638
0.5	59.50475423407718
0.51	123.06708317447672
0.52	266.0873974898312
0.53	13.063497720063102
0.54	8.644892111486042
0.55	8.078397123691126
0.56	6.885422260734917
0.5700000000000001	6.118836178415377
0.58	14.738118896786848
0.59	10.111690263516929
0.6	1.7188450534422428
0.61	1.1095552711117975
0.62	1.0333635743364167
0.63	0.9473819049703373
0.64	0.9052246901032852
0.65	0.9886503276320634
0.66	1.2292297533011092
0.67	1.7045607412899213
0.68	1.807750112185212
0.6900000000000001	2.4132214756768553
0.7000000000000001	3.33317582489885
0.71	5.93183642043476
0.72	8.441153283908422
0.73	3.10168784878162
0.74	2.099459636849484
0.75	1.606016998597508
0.76	1.3200457000966976
0.77	1.164463277248308
0.78	1.0385916719383081
0.79	0.9492274240563139
0.8	0.8792630278250144
0.81	0.8669241125207586
0.8200000000000001	0.8839572248336183
0.8300000000000001	0.8740305203194614
0.84	1.0090972458922258
0.85	1.0216982599737832
0.86	1.0937254369324243
0.87	1.3950113932079795
0.88	1.5006397493528767
0.89	1.9921016201959765
0.9	2.6075523745921063
0.91	3.377808078069293
0.92	6.474164841907772
0.93	3.6338952984280555
0.9400000000000001	2.2979798655609494
0.9500000000000001	1.626404364349665
0.96	1.136865542123111
0.97	0.8366164133593184
0.98	0.7355232935730146
0.99	0.597613834165038
1.	0.6289261046023368
1.01	0.5621734815285584
1.02	0.5374060845264041
1.03	0.5583961958471098
1.04	0.5317221826691059
1.05	0.5775084245715766
1.06	0.535695847953995
1.07	0.5396231699731289
1.08	0.5605201545746089
1.09	0.5101392066225626
1.1	0.5340977081521442
1.11	0.5203075326554994
1.12	0.57026879358724
1.1300000000000001	0.5927230103219845
1.1400000000000001	0.5273780502550238
1.1500000000000001	0.5584345259420186
1.16	0.5414468360737239
1.17	0.5353325801937704
1.18	0.5069026398710472
1.19	0.5310251823692826
1.2	0.5168892911420896
1.21	0.5277648015383355
1.22	0.514455686728022
1.23	0.5294217846111492
1.24	0.5105589861546618
1.25	0.48529355617157816
1.26	0.4924214736632193
1.27	0.5017985430704389
1.28	0.4811911347712577
1.29	0.4906798378332787
1.3	0.4951292142713617
1.31	0.49171271538726835
1.32	0.4789021796826056
1.33	0.5122139418064244
1.34	0.48962370538107614
1.35	0.47177433272989877
1.36	0.4638224502109532
1.37	0.4623808575456581
1.3800000000000001	0.4454183377457051
1.3900000000000001	0.4325480434036573
1.4000000000000001	0.47140802808574317
1.41	0.465798945711767
1.42	0.463400237616728
1.43	0.46968217453729344
1.44	0.4682715364681188
1.45	0.5264228135634584
1.46	0.5739492886765413
1.47	0.6437079501140972
1.48	0.7742827217989255
1.49	0.7691890951659767
1.5	0.9109538192848793
1.51	1.0288703983333711
1.52	0.9966260473137241
1.53	0.9040162502889818
1.54	1.103579412791908
1.55	1.2104150587102371
1.56	1.2318908259871308
1.57	1.2365694450167104
1.58	1.231068385292266
1.59	1.253476848296412
1.6	1.2233323511496574
1.61	1.197013584872894
1.62	1.15374615585999
1.6300000000000001	1.1912239970440404
1.6400000000000001	1.1715114628395409
1.6500000000000001	1.1537024816817647
1.6600000000000001	1.1339678331986234
1.67	1.1330174475417825
1.68	1.1526604001666332
1.69	1.121276538327937
1.7	1.0704458629837788
1.71	1.0660764470570216
1.72	1.078182379824609
1.73	1.0502131736711269
1.74	1.0111368554370717
1.75	1.0091445269479764
1.76	1.004597372368408
1.77	1.0188479484052397
1.78	0.9754306484264463
1.79	0.9604515996004895
1.8	0.9413276322399121
1.81	0.9457596467685084
1.82	0.9525615883281121
1.83	0.9187070357786662
1.84	0.9053653530604213
1.85	0.8606244343439055
1.86	0.8287243260988013
1.87	0.7991190017669055
1.8800000000000001	0.8061100424898743
1.8900000000000001	0.7846893561523722
1.9000000000000001	0.7572446676239187
1.9100000000000001	0.7131165280686547
1.92	0.6966885669355064
1.93	0.6508335386834396
1.94	0.627274956042739
1.95	0.5802313724856384
1.96	0.5416429924451983
1.97	0.4937328379550671
1.98	0.4898345863918438
1.99	0.45539309889997265
2.	0.41586658547349986
2.0100000000000002	0.4033047894608428
2.02	0.46368150492950333
2.0300000000000002	0.5179691913112668
2.04	0.6326369932172747
2.05	0.7652040364062689
2.06	1.0083999321665316
2.07	1.0163197808262099
2.08	1.0409753855927526
2.09	1.020398970964785
2.1	0.9936647380417394
2.11	0.9992923939948407
2.12	0.9831353932491056
2.13	0.9858712140587118
2.14	0.9862980709763843
2.15	0.9667870022655941
2.16	0.9355097822538081
2.17	0.9103101519148483
2.18	0.9207560694040113
2.19	0.9049577983223469
2.2	0.896097929063177
2.21	0.8666623971116342
2.22	0.862272530475987
2.23	0.8316937422716764
2.24	0.8188893656398455
2.25	0.8172584035330033
2.2600000000000002	0.7966245737078319
2.27	0.8000946893906746
2.2800000000000002	0.7405814074657685
2.29	0.770269402636892
2.3000000000000003	0.6980780883737634
2.31	0.7417391413467811
2.32	0.7026206103665411
2.33	0.668019814600467
2.34	0.6106814632088504
2.35	0.6316537856469933
2.36	0.5935863710771557
2.37	0.5449420189729826
2.38	0.530024304090268
2.39	0.4947679624941164
2.4	0.45318040085967964
2.41	0.38413089444718457
2.42	0.375111697631963
2.43	0.3541392950644705
2.44	0.30280761333079304
2.45	0.32800904382942775
2.46	0.37684368529119855
2.47	0.4788287811803118
2.48	0.5653471862864649
2.49	0.5719522440543472
2.5	0.5881636318091473
2.5100000000000002	0.5619254089550686
2.52	0.5648042252866607
2.5300000000000002	0.561783867409355
2.54	0.5564166372139373
2.5500000000000003	0.5573853917408532
2.56	0.5240855372712437
2.57	0.49923417862168507
2.58	0.5068089589211152
2.59	0.48887260538381355
2.6	0.4652485476440219
2.61	0.4624922466461582
2.62	0.42121562651535865
2.63	0.40723035600489693
2.64	0.3987753634572119
2.65	0.3794033434860834
2.66	0.3458633645527942
2.67	0.3275968844200717
2.68	0.2727649913474037
2.69	0.2384869081338987
2.7	0.20928467834121642
2.71	0.17095462760319066
2.72	0.14643103824771014
2.73	0.11090026392087919
2.74	0.07558926358673708
2.75	0.024425917920011676
2.7600000000000002	0.009069792987537696
2.77	0.00470049659041883
2.7800000000000002	0.003652277755624649
2.79	0.0026073425680183046
2.8000000000000003	0.0018187681539749278
2.81	0.0013947311318020432
2.82	0.0010848956482105163
2.83	0.0008875930962014534
2.84	0.0008350220704332285
2.85	0.0006563033216065933
2.86	0.000642138697314889
2.87	0.0004856565267217552
2.88	0.0004474750939866288
2.89	0.0004124138495208916
2.9	0.00030291243538594904
2.91	0.0003031305362671909
2.92	0.000249982650244486
2.93	0.0002538386619895509
2.94	0.00022739788317107645
2.95	0.00017240875483253278
2.96	0.00017811601561312158
2.97	0.0001567894114363159
2.98	0.000151544160226107
2.99	0.00013370175852730153
3.	0.00012460046256161826