0.	0.000718445028202444
0.01	0.0007159266219045151
0.02	0.0008504167690132201
0.03	0.0008462691902775042
0.04	0.0008762218131783488
0.05	0.0009614870352566826
0.06	0.0008776490858802663
0.07	0.0010183635049946297
0.08	0.001068612225212191
0.09	0.0011493471189852993
0.1	0.0011211056145158103
0.11	0.00120854545598882
0.12	0.0012771625862064515
0.13	0.001351014575624215
0.14	0.0015153814547857675
0.15	0.001613862710310567
0.16	0.0017208930774080208
0.17	0.0016536179370286383
0.18	0.0017320610049646966
0.19	0.0020546009549025825
0.2	0.002199318491110156
0.21	0.0024360898141268963
0.22	0.002515570623551495
0.23	0.0029395110684157294
0.24	0.002982877037191374
0.25	0.003136744676499463
0.26	0.003421273371290548
0.27	0.003789173474296331
0.28	0.004674776115028751
0.29	0.005348892500139799
0.3	0.0054370083484798
0.31	0.006735853367729664
0.32	0.007368266365534134
0.33	0.008077533964454936
0.34	0.009691667338092588
0.35000000000000003	0.01090162670007473
0.36	0.013707008777006468
0.37	0.015536705976944152
0.38	0.02068656678881188
0.39	0.023989268752484888
0.4	0.0640932943051348
0.41000000000000003	0.05356978875644568
0.42	0.5624340087575689
0.43	4.868236031924503
0.44	0.4589737862696568
0.45	78.25017755962752
0.46	47.93344746295833
0.47000000000000003	42.7600102205729
0.48	18.227060732971832
0.49	147.2557043170739
0.5	133.66359577478906
0.51	68.66803864272143
0.52	46.206347105343475
0.53	4.109233335260628
0.54	3.666325685441294
0.55	3.5603853580412843
0.56	10.065048394514523
0.5700000000000001	8.565320970906114
0.58	11.76872379594758
0.59	4.845362532922678
0.6	1.3586182377572786
0.61	0.9594617493730451
0.62	0.7660146274386016
0.63	0.6759969892976844
0.64	0.6026591228458622
0.65	0.67468734016745
0.66	0.7071672078924888
0.67	0.7866512830776995
0.68	1.0049914257159451
0.6900000000000001	1.619819777241121
0.7000000000000001	2.575673633278688
0.71	4.283075194706921
0.72	7.071075371728006
0.73	2.9331059833295
0.74	1.8636447953539927
0.75	1.3978649589313672
0.76	1.1851314947659286
0.77	0.9232224747267144
0.78	0.8316293421870088
0.79	0.7656769040893835
0.8	0.7606081824124298
0.81	0.742676080092198
0.8200000000000001	0.6859966265473447
0.8300000000000001	0.6943542172954085
0.84	0.766463975116836
0.85	0.7600073111647615
0.86	0.8265606479886562
0.87	0.8716087858921914
0.88	1.099153209522807
0.89	1.2028351447907755
0.9	1.554219486226094
0.91	2.4939351627041253
0.92	5.118335166812734
0.93	3.2440404135992105
0.9400000000000001	2.0146807537049187
0.9500000000000001	1.4223119375419315
0.96	0.9657212606311387
0.97	0.6877686568142154
0.98	0.6542968127176164
0.99	0.6555217375128121
1.	0.7467773853611138
1.01	0.6998711830968938
1.02	0.6785996565372018
1.03	0.48898242289539484
1.04	0.5446607834486303
1.05	0.5451569828276692
1.06	0.46110751735881605
1.07	0.45991117278979904
1.08	0.46863841218232255
1.09	0.48588029559166623
1.1	0.4990190818834238
1.11	0.5476093436905233
1.12	0.5366682497692313
1.1300000000000001	0.558545379275437
1.1400000000000001	0.5801581487764838
1.1500000000000001	0.6067784355609719
1.16	0.5666275174186758
1.17	0.5921561939633805
1.18	0.5754163180879218
1.19	0.5596385716901546
1.2	0.5649396441998933
1.21	0.5934504262393939
1.22	0.593448275292091
1.23	0.6121083703200352
1.24	0.5594977227557013
1.25	0.5803443333417646
1.26	0.5653983098616742
1.27	0.5937767134860041
1.28	0.5692849427070431
1.29	0.5775156746938728
1.3	0.5791034128672436
1.31	0.5329898202509141
1.32	0.524901943170951
1.33	0.5633344566270314
1.34	0.4817413084655301
1.35	0.5001085213436299
1.36	0.476250351362027
1.37	0.45483897301563486
1.3800000000000001	0.4786147566186346
1.3900000000000001	0.4674258012687369
1.4000000000000001	0.47874248748052095
1.41	0.47960295062644764
1.42	0.4729813252679625
1.43	0.4603808071005291
1.44	0.4843241061480577
1.45	0.5101419104631182
1.46	0.5411210278841638
1.47	0.6010217936864382
1.48	0.675987016963815
1.49	0.7287155688938384
1.5	0.9045182246053534
1.51	1.0621390593573947
1.52	1.5292560400049289
1.53	2.9715358177524003
1.54	2.7198160558362385
1.55	1.9026340017112349
1.56	1.2186536051991508
1.57	0.8765985699694498
1.58	0.6374198728665319
1.59	0.6684763042010095
1.6	0.6842174725651141
1.61	0.7508897887375159
1.62	0.7632895509966799
1.6300000000000001	0.7961848466420993
1.6400000000000001	0.8134145136832793
1.6500000000000001	0.854055513059235
1.6600000000000001	0.8630081406302303
1.67	0.8287075976287198
1.68	0.8307837364837068
1.69	0.8375662331946208
1.7	0.830323766370796
1.71	0.8140611952944248
1.72	0.8135518138238933
1.73	0.7874679595128886
1.74	0.7934371216757163
1.75	0.7693625195461481
1.76	0.7677343397698684
1.77	0.7866390924894844
1.78	0.7726412841520945
1.79	0.7248148569346974
1.8	0.7312545727053987
1.81	0.7133794038914085
1.82	0.737198732312868
1.83	0.7147066172298349
1.84	0.6819100479487465
1.85	0.680806053572557
1.86	0.6673665860445819
1.87	0.6197778104049542
1.8800000000000001	0.5983375355115718
1.8900000000000001	0.564131565331631
1.9000000000000001	0.5790276271779572
1.9100000000000001	0.5308156068779849
1.92	0.5218529019167452
1.93	0.47374615529163344
1.94	0.49834965805406684
1.95	0.464455526480136
1.96	0.43512464761628017
1.97	0.42551109467642556
1.98	0.3919762502223827
1.99	0.37415295614208904
2.	0.4041831922985712
2.0100000000000002	0.38176192853162
2.02	0.4493311424295811
2.0300000000000002	0.5253202470370729
2.04	0.8459748176464272
2.05	2.002181406204214
2.06	2.9851460457969834
2.07	1.8391354155960375
2.08	0.7056008401668754
2.09	0.4962509944642819
2.1	0.46427563227469937
2.11	0.40343199377432515
2.12	0.43483134976462484
2.13	0.4277378516677006
2.14	0.464885182909037
2.15	0.4748676724608268
2.16	0.4961993199881634
2.17	0.4958796445184106
2.18	0.48703744977159885
2.19	0.4939894650612181
2.2	0.5114816362609973
2.21	0.4824806902572584
2.22	0.4808511622668934
2.23	0.48769592952057117
2.24	0.48639266514746843
2.25	0.4631454597793604
2.2600000000000002	0.45459858568459494
2.27	0.40572995025574654
2.2800000000000002	0.44006361075555517
2.29	0.42092655229861003
2.3000000000000003	0.39851242514026375
2.31	0.4010381420418439
2.32	0.393203974069956
2.33	0.35283536561433837
2.34	0.35433362294001325
2.35	0.32853506402711097
2.36	0.30829159876987433
2.37	0.32768250848343433
2.38	0.2942162413487971
2.39	0.29082709477415986
2.4	0.25663237914321585
2.41	0.24147831498673195
2.42	0.2363906409912326
2.43	0.24226410230428724
2.44	0.2685194741355383
2.45	0.29348074790123657
2.46	0.40011075250547395
2.47	0.8205058334357062
2.48	1.6927839308279038
2.49	1.2809437406439375
2.5	0.5633715526552499
2.5100000000000002	0.3696230174974997
2.52	0.2768073850616065
2.5300000000000002	0.17873335316506767
2.54	0.13264349582398924
2.5500000000000003	0.15260682360033406
2.56	0.13963039608314784
2.57	0.14849986089933753
2.58	0.14086752850021683
2.59	0.15072467937239437
2.6	0.13626593586578253
2.61	0.1370457209037245
2.62	0.13120817253871297
2.63	0.1175616770959942
2.64	0.11573631979344773
2.65	0.119941956224667
2.66	0.12847958820152308
2.67	0.1065918474565887
2.68	0.09703108420365793
2.69	0.08935040322856902
2.7	0.08734972432574072
2.71	0.0815295438994044
2.72	0.08720474026945439
2.73	0.06770170478631368
2.74	0.08937048349919727
2.75	0.28289540477282227
2.7600000000000002	3.479244726162568
2.77	6.396827708666231
2.7800000000000002	0.26135743380508464
2.79	0.0355793763404311
2.8000000000000003	0.08717276823957654
2.81	0.03283777497051374
2.82	0.004727873945053125
2.83	0.002922083215665159
2.84	0.0013587153324713611
2.85	0.0009961667144963824
2.86	0.0007721094450503547
2.87	0.0007362818105605734
2.88	0.0005271513961108772
2.89	0.00042958061391440357
2.9	0.00037984948400180096
2.91	0.0002781211560993899
2.92	0.0002444698216451762
2.93	0.00021422299675690325
2.94	0.0002022350899876954
2.95	0.00017089892051056792
2.96	0.00015552240085456523
2.97	0.00014514328784789472
2.98	0.00010538478813180151
2.99	0.00009553455347313889
3.	0.00008901357940303092