0.	0.0004113892285120382
0.01	0.00040407788336707255
0.02	0.0005113928068401899
0.03	0.0005042535345003323
0.04	0.000513973068660745
0.05	0.00045065265052103586
0.06	0.0005837265584009364
0.07	0.0004967070153807086
0.08	0.0005615972288412145
0.09	0.0005834538083659881
0.1	0.000645088326442449
0.11	0.0006848706526339343
0.12	0.0007186292110650239
0.13	0.0006901392851601796
0.14	0.0007242551118020382
0.15	0.0008556944119768118
0.16	0.000916088040033081
0.17	0.0008525041881329092
0.18	0.0009489411959582735
0.19	0.000813421247974788
0.2	0.001086120426557033
0.21	0.0008998184345197396
0.22	0.0009670367354433798
0.23	0.0012104606353309673
0.24	0.0014549536495789188
0.25	0.0015419047074849822
0.26	0.0013555730060002436
0.27	0.0019401269670268585
0.28	0.0021384352931936813
0.29	0.002196185387587037
0.3	0.0022897944440604793
0.31	0.0030738450597923503
0.32	0.003644108286379985
0.33	0.003925884313273971
0.34	0.003793811162655925
0.35000000000000003	0.005883429250253879
0.36	0.006249516353496752
0.37	0.007663092689324547
0.38	0.009623064668871037
0.39	0.012930574721547338
0.4	0.016945579927099566
0.41000000000000003	0.029023252539527727
0.42	0.6487039647883669
0.43	0.08523029349177072
0.44	0.16399544129544433
0.45	8.547733426012343
0.46	0.24475471891803718
0.47000000000000003	14.255829547376008
0.48	7.729765307267043
0.49	5.3400068534789735
0.5	33.16750012343545
0.51	455.1136149580134
0.52	11.68684982807121
0.53	2.358381501173073
0.54	1.718740500210563
0.55	2.4203915740089754
0.56	4.661113779988516
0.5700000000000001	3.9147136804974307
0.58	10.713571690818215
0.59	3.0681138773806462
0.6	0.994739123919595
0.61	0.7108284391375039
0.62	0.5393110471318312
0.63	0.4710920158492012
0.64	0.4490811985559267
0.65	0.45191291934359623
0.66	0.4221028753675532
0.67	0.4662770169981021
0.68	0.5575491185602626
0.6900000000000001	0.832074822298565
0.7000000000000001	1.4286271507287658
0.71	2.3030172562842037
0.72	4.829394271191704
0.73	2.3888079775829936
0.74	1.482838331813311
0.75	1.1359792475167514
0.76	0.9142194816508827
0.77	0.7603289895937144
0.78	0.684209351210927
0.79	0.5718591526815184
0.8	0.5309618457448109
0.81	0.514055054717754
0.8200000000000001	0.4963769711633978
0.8300000000000001	0.46387333357253524
0.84	0.4550206174349439
0.85	0.4713863995483149
0.86	0.4840379470727073
0.87	0.6404928965342283
0.88	0.7036395192181525
0.89	0.693981137029413
0.9	0.8441308117401215
0.91	1.3558089187712061
0.92	3.659071694484566
0.93	2.651878609351467
0.9400000000000001	1.656220204234267
0.9500000000000001	1.0435079950793456
0.96	0.7355479139204784
0.97	0.6921781361540761
0.98	0.7771373281938352
0.99	0.9622609087836301
1.	1.1172021364179787
1.01	1.071087917146701
1.02	0.964537920747299
1.03	0.535426631984568
1.04	0.5318516982370727
1.05	0.5065929698490499
1.06	0.44196202899303666
1.07	0.45132442241615833
1.08	0.4911137911657672
1.09	0.5459532029572556
1.1	0.6052079404919698
1.11	0.5969187250046158
1.12	0.657822641407522
1.1300000000000001	0.6886968608260864
1.1400000000000001	0.7080740857210813
1.1500000000000001	0.7270712260323078
1.16	0.7209909042057544
1.17	0.7264713077824251
1.18	0.7914645800250698
1.19	0.7578965828351645
1.2	0.7683996139652927
1.21	0.7348825171301232
1.22	0.7654907676909596
1.23	0.7783593443912187
1.24	0.7757789438445568
1.25	0.7580503102233619
1.26	0.7224719101161811
1.27	0.7735884711506896
1.28	0.7005042184648849
1.29	0.7009307115655824
1.3	0.7073308243062095
1.31	0.7272654553235427
1.32	0.7289555077081352
1.33	0.6586761458922035
1.34	0.6496726481185854
1.35	0.6128787038252385
1.36	0.5868179366170757
1.37	0.5839569466828399
1.3800000000000001	0.5676288691840293
1.3900000000000001	0.5516929725874609
1.4000000000000001	0.5544583001667855
1.41	0.5145991986893105
1.42	0.5710831573551602
1.43	0.5156599166319209
1.44	0.5375941992033595
1.45	0.5369999380824503
1.46	0.5418119961544894
1.47	0.5618152091072305
1.48	0.629415952458885
1.49	0.6877601486307416
1.5	0.8724202412491938
1.51	0.9478086793721213
1.52	1.430175206472242
1.53	3.2952449380748603
1.54	3.2984424827134182
1.55	3.7391081093602754
1.56	1.700688876081779
1.57	0.9878717503557379
1.58	0.6243118264138036
1.59	0.5806315289437437
1.6	0.6206070630091135
1.61	0.6758759222208457
1.62	0.777042502212005
1.6300000000000001	0.7905551938642613
1.6400000000000001	0.8160172812034338
1.6500000000000001	0.7932025317047391
1.6600000000000001	0.8329770554488859
1.67	0.8545794415362411
1.68	0.8119453712132061
1.69	0.8533166138780008
1.7	0.8172749880638284
1.71	0.8307578444845624
1.72	0.8492041433193126
1.73	0.8092123065217393
1.74	0.8055346472588609
1.75	0.8232444213118918
1.76	0.79962685890278
1.77	0.7999723146329356
1.78	0.7661202695025702
1.79	0.7926169700630592
1.8	0.7514931722883452
1.81	0.7728488892072326
1.82	0.728698349300397
1.83	0.7053328114210928
1.84	0.6882126644856985
1.85	0.7053115205309887
1.86	0.6857980958177017
1.87	0.6552470528230468
1.8800000000000001	0.6192172838062163
1.8900000000000001	0.6101788947448215
1.9000000000000001	0.605741335195501
1.9100000000000001	0.5629318845896787
1.92	0.5425489625421208
1.93	0.508138062308418
1.94	0.5006069504494356
1.95	0.45149179014400675
1.96	0.44197701530309746
1.97	0.42107421789651756
1.98	0.37766236905195943
1.99	0.3788193501605026
2.	0.39796328991592567
2.0100000000000002	0.4119690548839011
2.02	0.48529144498116455
2.0300000000000002	0.5637649382870924
2.04	0.8283106332789021
2.05	2.636787467230598
2.06	3.137620246071082
2.07	2.3301972216932794
2.08	1.4274902536656333
2.09	0.5512402646933577
2.1	0.38925666873676923
2.11	0.35869712185275376
2.12	0.34997094617369134
2.13	0.37540266261688787
2.14	0.4126555300988184
2.15	0.43777982310782404
2.16	0.41879987812065417
2.17	0.46275824146163147
2.18	0.46738624526999784
2.19	0.44772067622724987
2.2	0.4574001191627681
2.21	0.4551525439978575
2.22	0.42701377747277636
2.23	0.4368929461170795
2.24	0.4372222609819183
2.25	0.4605472522274182
2.2600000000000002	0.4340855297409267
2.27	0.40317973930899403
2.2800000000000002	0.41164844141086965
2.29	0.39346011448384866
2.3000000000000003	0.37513898922691163
2.31	0.36280561064505706
2.32	0.33912114709013835
2.33	0.3298154473789149
2.34	0.3348293706870688
2.35	0.3318244701868147
2.36	0.3171392777735579
2.37	0.2825730777987805
2.38	0.28425950143151035
2.39	0.26862548765556293
2.4	0.24910386833064507
2.41	0.25591603428080023
2.42	0.25115054105195705
2.43	0.24525077684347085
2.44	0.26075341568160393
2.45	0.2965076058064209
2.46	0.3839338810469711
2.47	0.7756989134338248
2.48	1.9804063263421712
2.49	1.5338143503522657
2.5	1.311619772878283
2.5100000000000002	0.5064556087369959
2.52	0.28832174176711717
2.5300000000000002	0.20382285264048924
2.54	0.1741578903990515
2.5500000000000003	0.13910647077824465
2.56	0.1409158640516491
2.57	0.1218671605003116
2.58	0.12970731265376173
2.59	0.12914871514025014
2.6	0.1320414067437768
2.61	0.13864279823919462
2.62	0.12084312010319821
2.63	0.12794848653954752
2.64	0.11968106321705228
2.65	0.11919839033339637
2.66	0.1022825044064283
2.67	0.09920772600477369
2.68	0.09845980239816265
2.69	0.0873282993863148
2.7	0.08275670793651056
2.71	0.08139421618771538
2.72	0.07797957101857447
2.73	0.07664146913381174
2.74	0.08289337141599959
2.75	0.5410824308824008
2.7600000000000002	2.2514249386718728
2.77	8.249006067747262
2.7800000000000002	0.8734374843932471
2.79	0.10090426882469644
2.8000000000000003	0.10778571514426913
2.81	0.012193312096204115
2.82	0.005870307813998468
2.83	0.005317682176195518
2.84	0.0015384540546903973
2.85	0.000987819636540321
2.86	0.000711725784802701
2.87	0.0005896145499208236
2.88	0.00045920090305433557
2.89	0.0003830566895296727
2.9	0.00028897000836701655
2.91	0.0002308276948303244
2.92	0.0001908863553308074
2.93	0.00018334175870837903
2.94	0.00014242171048335628
2.95	0.00012369627456281697
2.96	0.000100976788384629
2.97	0.00008404827869577916
2.98	0.00007586854817497132
2.99	0.0000674382338411748
3.	0.00006945859372920648