0.	2.9919654475212815e-8
0.01	2.9705458777786228e-8
0.02	2.969105575564661e-8
0.03	2.9508869810179134e-8
0.04	2.9539939698047206e-8
0.05	2.9366622372186525e-8
0.06	2.9244835691458484e-8
0.07	2.9197980049859507e-8
0.08	2.9033152313507975e-8
0.09	2.9059828625256976e-8
0.1	2.8921645513891923e-8
0.11	2.8847345975205236e-8
0.12	2.893678442413177e-8
0.13	2.8865547881942768e-8
0.14	2.8884287167702685e-8
0.15	2.898096654377063e-8
0.16	2.9017870975396033e-8
0.17	2.9120250075585884e-8
0.18	2.9028277380555468e-8
0.19	2.9120257323458587e-8
0.2	2.9074593844561864e-8
0.21	2.885707233343149e-8
0.22	2.9121404813961852e-8
0.23	2.925793642167218e-8
0.24	2.9169918066161826e-8
0.25	2.9380190112624482e-8
0.26	2.9758835957636457e-8
0.27	2.9874399848942674e-8
0.28	2.952563578853551e-8
0.29	2.98991901691908e-8
0.3	3.035801109497739e-8
0.31	3.0433662783860354e-8
0.32	3.022936622495083e-8
0.33	3.0773029212589904e-8
0.34	3.110951824880861e-8
0.35000000000000003	3.079096830398896e-8
0.36	3.134280643322418e-8
0.37	3.151901295487106e-8
0.38	3.25264588153346e-8
0.39	3.210732127866425e-8
0.4	3.250557306314841e-8
0.41000000000000003	3.335734517422721e-8
0.42	3.3434439530369274e-8
0.43	3.44284176816681e-8
0.44	3.4613952556457665e-8
0.45	3.525492108209635e-8
0.46	3.570609355456162e-8
0.47000000000000003	3.680057660912132e-8
0.48	3.6851105650966804e-8
0.49	3.798731330536544e-8
0.5	3.843612388206959e-8
0.51	3.953157067564191e-8
0.52	3.9797315678156495e-8
0.53	4.05535059414909e-8
0.54	4.2307567482084965e-8
0.55	4.2832474319937667e-8
0.56	4.3675170391360026e-8
0.5700000000000001	4.5501962926260446e-8
0.58	4.630477022024748e-8
0.59	4.8236739451867325e-8
0.6	4.98095899226437e-8
0.61	5.202962935902086e-8
0.62	5.3342038027758396e-8
0.63	5.482418381353305e-8
0.64	5.642956821240605e-8
0.65	5.9026218413203026e-8
0.66	6.080352810617632e-8
0.67	6.32428049170519e-8
0.68	6.57688953762356e-8
0.6900000000000001	6.828157572913261e-8
0.7000000000000001	7.115890046903527e-8
0.71	7.300831145154019e-8
0.72	7.608172334277447e-8
0.73	7.95707641842998e-8
0.74	8.3344218004563e-8
0.75	9.005485674325814e-8
0.76	9.630295942615072e-8
0.77	1.0276806947507948e-7
0.78	1.0752054715141477e-7
0.79	1.1555598341067201e-7
0.8	1.2273932644209078e-7
0.81	1.317384377681201e-7
0.8200000000000001	1.400841901420231e-7
0.8300000000000001	1.5383188175397191e-7
0.84	1.666378783242338e-7
0.85	1.816089347226299e-7
0.86	1.988633953601112e-7
0.87	2.1646347315192975e-7
0.88	2.411831153186044e-7
0.89	2.7259805245182666e-7
0.9	2.9750647194299975e-7
0.91	3.4702339635433927e-7
0.92	4.1399299221386467e-7
0.93	4.877983924265709e-7
0.9400000000000001	5.96886336260803e-7
0.9500000000000001	7.514400030465797e-7
0.96	9.810909927284208e-7
0.97	1.3435143649884457e-6
0.98	2.0113801609585147e-6
0.99	3.6617914829994146e-6
1.	8.30771942327393e-6
1.01	0.00004119694912199148
1.02	0.35870906050495055
1.03	0.34826341274626665
1.04	0.3979511148029997
1.05	0.4321267671019059
1.06	0.4842849395424348
1.07	0.5270109570069121
1.08	1.1811955272476875
1.09	0.819018906920473
1.1	0.6442503399928969
1.11	0.5647070226217066
1.12	0.48978703201260426
1.1300000000000001	0.4750894993543206
1.1400000000000001	0.5013685429612107
1.1500000000000001	0.5192775338931358
1.16	0.6121171944422872
1.17	0.7353569416086175
1.18	0.9408770567473272
1.19	1.2598537583014424
1.2	2.1738121570884905
1.21	1.6529378418599878
1.22	1.2457568152400085
1.23	0.9946476446059216
1.24	0.8354292019753105
1.25	0.6827629845166
1.26	0.6264200680325467
1.27	0.6127441310113353
1.28	0.5651644187891846
1.29	0.6158656030274418
1.3	0.5286540721667975
1.31	0.5722509590637236
1.32	0.6033510558937227
1.33	0.6587103968694201
1.34	0.6746858985044292
1.35	0.7875374649463085
1.36	0.8912573921203164
1.37	1.078641269018299
1.3800000000000001	1.9630089285173193
1.3900000000000001	2.193421507667452
1.4000000000000001	1.4311815404956012
1.41	0.926650574469327
1.42	0.6687712115576603
1.43	0.7373292434180558
1.44	0.8585479830153546
1.45	0.9686911989757612
1.46	0.975656718784764
1.47	0.9677618296236037
1.48	0.7781954767030128
1.49	0.49924928655227185
1.5	0.4925830669079803
1.51	0.46053568107609666
1.52	0.4564372160423954
1.53	0.5272368968119672
1.54	0.5763190605460252
1.55	0.621597934930913
1.56	0.6665331214955985
1.57	0.6976943261395857
1.58	0.7409736871532943
1.59	0.7482078191443732
1.6	0.7804844387594476
1.61	0.7853975516027208
1.62	0.7571489183839407
1.6300000000000001	0.7943205487401794
1.6400000000000001	0.8296512888339912
1.6500000000000001	0.7887678872218408
1.6600000000000001	0.8120895106685134
1.67	0.811916833794059
1.68	0.7981946988906943
1.69	0.8101588979216652
1.7	0.7837059255798657
1.71	0.7900760944280789
1.72	0.7853464704032077
1.73	0.8010417956663077
1.74	0.7241210003235032
1.75	0.7043629840408913
1.76	0.7047874911256496
1.77	0.6866566589196446
1.78	0.665557902462024
1.79	0.6609047644110949
1.8	0.6769150325313249
1.81	0.6656005183544305
1.82	0.6162439534879074
1.83	0.6180094782500539
1.84	0.585491836946821
1.85	0.5499060735328751
1.86	0.5725091792265545
1.87	0.5550798015603445
1.8800000000000001	0.5455351069222324
1.8900000000000001	0.5342638896505059
1.9000000000000001	0.556922361877178
1.9100000000000001	0.5759863916457054
1.92	0.6650721923337316
1.93	0.7075069392164354
1.94	0.8863275317337682
1.95	1.2161269646435107
1.96	1.888700298879007
1.97	1.247806682862131
1.98	1.0126794712555383
1.99	0.7503520062779651
2.	0.6525318918691386
2.0100000000000002	0.6730811414073606
2.02	0.6594949344809643
2.0300000000000002	0.7268264126721486
2.04	0.7500564354803518
2.05	0.8122157835367874
2.06	0.8334446131849803
2.07	0.8517790511635326
2.08	0.8800462361122912
2.09	0.9180635981465382
2.1	0.8716174009699905
2.11	0.9201745583395183
2.12	0.9139914709136137
2.13	0.8688458845073781
2.14	0.9027718610956977
2.15	0.8913950489384846
2.16	0.9089133050718908
2.17	0.8741699522133786
2.18	0.8915879703156263
2.19	0.8721798643244933
2.2	0.8455799708482044
2.21	0.8526790801619132
2.22	0.8387341042454303
2.23	0.822410294977193
2.24	0.7873262904592694
2.25	0.7935017095718702
2.2600000000000002	0.7749105719201281
2.27	0.7602278739596792
2.2800000000000002	0.7383394459891224
2.29	0.7287563849669092
2.3000000000000003	0.7145569385667626
2.31	0.6923228390100772
2.32	0.6569253612354612
2.33	0.6489013782941435
2.34	0.6432316371608469
2.35	0.6008969908474959
2.36	0.5885646749805661
2.37	0.5221866580858817
2.38	0.5318780076842806
2.39	0.503460545418654
2.4	0.45974479753935066
2.41	0.4298896354803006
2.42	0.4374480599049284
2.43	0.43593047003859
2.44	0.4416316020231702
2.45	0.543565303640155
2.46	0.7546196069134087
2.47	1.2035863600859473
2.48	0.7156817360896719
2.49	0.543114463337714
2.5	0.5273958121006157
2.5100000000000002	0.41216439263517307
2.52	0.37772162137068177
2.5300000000000002	0.35891471619659965
2.54	0.409379799638725
2.5500000000000003	0.42598992142389314
2.56	0.4234485005818952
2.57	0.41428621068837335
2.58	0.4717984544780862
2.59	0.47318673942666395
2.6	0.46055639168943596
2.61	0.4859054965124112
2.62	0.4923340020454215
2.63	0.48728794127955305
2.64	0.45731217655151507
2.65	0.5001779073600618
2.66	0.4732807448621652
2.67	0.4546436535543397
2.68	0.45561991925759043
2.69	0.44742411954456957
2.7	0.4576125113955091
2.71	0.446315304396301
2.72	0.4199948542293384
2.73	0.38490448126176774
2.74	0.3941321743547289
2.75	0.3762106853305599
2.7600000000000002	0.3715391576631951
2.77	0.3347882014404084
2.7800000000000002	0.34954919307977567
2.79	0.327303351965061
2.8000000000000003	0.3228168479655174
2.81	0.3105478677475752
2.82	0.2804857969565151
2.83	0.2573114272503779
2.84	0.2528723240592486
2.85	0.2665335915903412
2.86	0.3215067465900472
2.87	0.3183028109696653
2.88	0.5257376067940074
2.89	0.46250220787162677
2.9	0.33135485783066404
2.91	0.22081810882214234
2.92	0.22032863087573115
2.93	0.18586938160068278
2.94	0.15095458180819474
2.95	0.14706473718967647
2.96	0.13323418260296085
2.97	0.12717902107886125
2.98	0.13329230473298764
2.99	0.13520801033960925
3.	0.12927696120998655
3.0100000000000002	0.13624367223735764
3.02	0.13832855785713247
3.0300000000000002	0.12052946701699593
3.04	0.1266680518434088
3.0500000000000003	0.10931699051222461
3.06	0.11405685519884924
3.0700000000000003	0.10424571725785242
3.08	0.10709747944330036
3.09	0.09851673874649788
3.1	0.08745112241724275
3.11	0.08925276092149802
3.12	0.09514208238927001
3.13	0.09056564209270869
3.14	0.08675964579426503
3.15	0.08835292410286409
3.16	0.0001297011199235341
3.17	0.000011969117982385438
3.18	4.132080514617241e-6
3.19	2.0633436854891973e-6
3.2	1.2314757588835654e-6
3.21	8.173893926443028e-7
3.22	5.863209808283972e-7
3.23	4.3980064063480397e-7
3.24	3.42575482645443e-7
3.25	2.6605508253110865e-7
3.2600000000000002	2.1353170331439832e-7
3.27	1.7882714402215397e-7
3.2800000000000002	1.53479587032417e-7
3.29	1.3219746009114586e-7
3.3000000000000003	1.1361635709573553e-7
3.31	9.873005045224392e-8
3.3200000000000003	8.591066082034334e-8
3.33	7.670479089219069e-8
3.34	6.913350179468372e-8
3.35	6.314774064612425e-8
3.36	5.794951871352888e-8
3.37	5.3157981781137995e-8
3.38	4.879307162583648e-8
3.39	4.5540646218836657e-8
3.4	4.187174576182294e-8
3.41	3.820940313462593e-8
3.42	3.5639383905503756e-8
3.43	3.3147218431880006e-8
3.44	3.123695221125871e-8
3.45	2.9153342688181526e-8
3.46	2.7343832784545165e-8
3.47	2.5816713653243115e-8
3.48	2.4285102928722494e-8
3.49	2.298142445855108e-8
3.5	2.1782054378702273e-8