0.	0.0012652114185767028
0.01	0.0013923991744889546
0.02	0.001317399303086839
0.03	0.0014192467605671246
0.04	0.0015616731710656163
0.05	0.001678772955585949
0.06	0.0016350009877462738
0.07	0.0018235561653158468
0.08	0.0019438044165349152
0.09	0.002073830262433454
0.1	0.0023023833747087188
0.11	0.0023014436804534785
0.12	0.0024462924822726
0.13	0.002580293563303454
0.14	0.0027939466297782164
0.15	0.0028316564777239347
0.16	0.003198473977881827
0.17	0.003155140330208735
0.18	0.0036342050344530473
0.19	0.003883149475426961
0.2	0.004241026390731641
0.21	0.004393606178319387
0.22	0.005252352132475394
0.23	0.005553074322168818
0.24	0.006137582636365659
0.25	0.006583890614747608
0.26	0.007356949795394616
0.27	0.0074237238607490355
0.28	0.00862923979960236
0.29	0.009837680955070115
0.3	0.011960553189716656
0.31	0.013480728829950472
0.32	0.014547180606520821
0.33	0.01675027047543566
0.34	0.019273455428292032
0.35000000000000003	0.022997126418807624
0.36	0.029351004766383575
0.37	0.03479780705135264
0.38	0.04766262582833674
0.39	0.06325051979374482
0.4	18.564323201228824
0.41000000000000003	2.5570474589980483
0.42	1.3215856151406624
0.43	5.48337343133201
0.44	4.881799048331956
0.45	63.106543816591596
0.46	8.120761491128473
0.47000000000000003	18.50839976066212
0.48	30.913541609870567
0.49	147.18812943376452
0.5	76.52211027546134
0.51	643.5212839138392
0.52	226.49367586232637
0.53	7.83129930780321
0.54	8.517494912500212
0.55	12.731803623571693
0.56	8.04192951641707
0.5700000000000001	9.223961101618455
0.58	9.024415302411162
0.59	15.989379753276259
0.6	1.7312936176609892
0.61	1.1793257163296058
0.62	0.987206090686169
0.63	0.9966424454269097
0.64	0.9264147972382499
0.65	1.124812700258952
0.66	1.2563854847649032
0.67	1.403649984260309
0.68	1.822929563762497
0.6900000000000001	2.0432020737912193
0.7000000000000001	3.332534172022824
0.71	4.583583283940567
0.72	6.420774082080665
0.73	3.0785602153298077
0.74	2.1191914272224386
0.75	1.689785377463128
0.76	1.413837045838513
0.77	1.1868160809466834
0.78	1.0458076071944327
0.79	1.0175759082565532
0.8	0.8723058174265291
0.81	0.8313242881805993
0.8200000000000001	0.8556646663510129
0.8300000000000001	0.9397966290074794
0.84	1.0163483313580874
0.85	1.009927978324559
0.86	1.1353324507981288
0.87	1.3206160821042603
0.88	1.567461253215637
0.89	1.7695597075857503
0.9	2.5722846114447204
0.91	3.229575948936778
0.92	5.869371583720779
0.93	3.3529307136785294
0.9400000000000001	2.205566111752907
0.9500000000000001	1.7607293470319565
0.96	1.2619941382364264
0.97	0.9486134852705883
0.98	0.7411472716081606
0.99	0.5722080203109762
1.	0.6297045035986423
1.01	0.5903976436490996
1.02	0.5277630094797119
1.03	0.5084203665695046
1.04	0.6111746518404215
1.05	0.5932192151607002
1.06	0.4668710651527489
1.07	0.4666341636883093
1.08	0.4477074014892321
1.09	0.4430087365384361
1.1	0.4465759281981301
1.11	0.4183972055262954
1.12	0.4088838293128076
1.1300000000000001	0.422625589678322
1.1400000000000001	0.41940328720311837
1.1500000000000001	0.4160327132208447
1.16	0.3947222474114059
1.17	0.4168307132915355
1.18	0.42511236744131925
1.19	0.4365514245376146
1.2	0.3943939818202825
1.21	0.41794904513165493
1.22	0.40259625506767466
1.23	0.4164456501362338
1.24	0.44578457270466243
1.25	0.3992361002765505
1.26	0.4037200507270771
1.27	0.4251038026379383
1.28	0.41278086946685816
1.29	0.38994514252458223
1.3	0.3801472375591436
1.31	0.40597936030711107
1.32	0.42069962609540473
1.33	0.39439335672181125
1.34	0.4069980663849018
1.35	0.41229088699710315
1.36	0.4286526610332232
1.37	0.42458916379472
1.3800000000000001	0.43160062739263294
1.3900000000000001	0.44791531935031514
1.4000000000000001	0.45553412328912696
1.41	0.48183748280118
1.42	0.4830359198547825
1.43	0.5276611895371135
1.44	0.5768628333435345
1.45	0.6039602376481883
1.46	0.6890597406048664
1.47	0.7359761468554086
1.48	0.8622994244674675
1.49	0.940982438180034
1.5	1.1148805175310434
1.51	1.2449144083680488
1.52	1.4854343671299504
1.53	2.5946576323111996
1.54	3.210222873443463
1.55	1.7164369295273258
1.56	1.1708288979337538
1.57	0.7398270095328487
1.58	0.5407365454040857
1.59	0.5230928948609117
1.6	0.5653990117641929
1.61	0.5702092786801991
1.62	0.6209999716137782
1.6300000000000001	0.6258506867139109
1.6400000000000001	0.6118243371370832
1.6500000000000001	0.6326315797451405
1.6600000000000001	0.6469746149158884
1.67	0.6307280735968073
1.68	0.6442343453418764
1.69	0.6343730702579482
1.7	0.631617975904654
1.71	0.6364710120350221
1.72	0.6163976406679345
1.73	0.587382283482047
1.74	0.5800760339709131
1.75	0.5841335797172086
1.76	0.5725511564723945
1.77	0.5702460725781491
1.78	0.5298284043954248
1.79	0.5609117237405173
1.8	0.5562157117036947
1.81	0.5206826204504743
1.82	0.5235368033887431
1.83	0.5269921487841567
1.84	0.5180915001510316
1.85	0.48512540800067555
1.86	0.46669701791654744
1.87	0.44755532962766936
1.8800000000000001	0.4261486220643637
1.8900000000000001	0.41492737218678166
1.9000000000000001	0.414498716003836
1.9100000000000001	0.3754711011257058
1.92	0.39195453774655276
1.93	0.3778187182272074
1.94	0.3737701450788323
1.95	0.3503194823500174
1.96	0.3455664752660943
1.97	0.32806855609797814
1.98	0.34915110845685543
1.99	0.35777417760002433
2.	0.36829879380389396
2.0100000000000002	0.4362166753124113
2.02	0.4689734256826895
2.0300000000000002	0.5557609150343226
2.04	0.7628986483373993
2.05	1.7766208439165923
2.06	2.6386226804978574
2.07	1.0878500639583053
2.08	0.8044365079244089
2.09	0.5561246807204022
2.1	0.3440100633866522
2.11	0.3581660878550041
2.12	0.37997123068253436
2.13	0.37937552369279276
2.14	0.37509722085847746
2.15	0.41842158513072336
2.16	0.3905615976097862
2.17	0.4199819953204559
2.18	0.3929582943149542
2.19	0.3966179314635798
2.2	0.41896866853261167
2.21	0.3939136480757228
2.22	0.3884026545158251
2.23	0.39856485341330056
2.24	0.39139999067639136
2.25	0.3836386249344431
2.2600000000000002	0.3368611515257913
2.27	0.3545585745647744
2.2800000000000002	0.3417488877904763
2.29	0.3376494186847623
2.3000000000000003	0.3403134944795006
2.31	0.3254855709662565
2.32	0.311959377528739
2.33	0.2846889472872219
2.34	0.27053925222422287
2.35	0.2634950050460012
2.36	0.2556112135544372
2.37	0.2266403837965646
2.38	0.23717908301959076
2.39	0.2206924433267822
2.4	0.2209276892320054
2.41	0.20304839784696366
2.42	0.2161667057848461
2.43	0.20222194263950416
2.44	0.23080663281081
2.45	0.2811965916351135
2.46	0.3851946487944316
2.47	0.7706738550602279
2.48	1.2248477814618015
2.49	0.9297221959801606
2.5	0.5216187389500527
2.5100000000000002	0.26301463137194503
2.52	0.2343933166873922
2.5300000000000002	0.167913194930661
2.54	0.1818597952128625
2.5500000000000003	0.12812657776006264
2.56	0.1420026715261576
2.57	0.1260797240706085
2.58	0.12471759642794546
2.59	0.12364807188051279
2.6	0.11001586949642345
2.61	0.12983853650151544
2.62	0.10880899098730526
2.63	0.1066812216118956
2.64	0.0939646787142959
2.65	0.10239230226903709
2.66	0.09712520039820349
2.67	0.09007445177215956
2.68	0.08666541598301625
2.69	0.06823124193373556
2.7	0.06935868849753637
2.71	0.07788557993623013
2.72	0.07490900871594555
2.73	0.07530901436318223
2.74	0.0766480874380459
2.75	1.9363471454861307
2.7600000000000002	8.522721903382623
2.77	0.7396539870412405
2.7800000000000002	0.6163568642218997
2.79	0.0851979915518164
2.8000000000000003	0.016231958732392773
2.81	0.00794890585690398
2.82	0.015645310934032416
2.83	0.002349085594775897
2.84	0.0017523606945288237
2.85	0.0012813111042393817
2.86	0.0010108331281285551
2.87	0.0007979043318872592
2.88	0.0006674457679129349
2.89	0.0006266142900582877
2.9	0.0005270175885241328
2.91	0.0004373890236966095
2.92	0.0003810171280097261
2.93	0.0003253277967511525
2.94	0.00028685767729578115
2.95	0.0002500467773548458
2.96	0.000223211574384787
2.97	0.00020386295823414304
2.98	0.00018818055645571257
2.99	0.0001647276707936362
3.	0.00015167538819505898