0.	0.00044353625338786783
0.01	0.0005074139634910503
0.02	0.00046859142386222876
0.03	0.00044956566328082666
0.04	0.0005386965879487258
0.05	0.0004743216532024757
0.06	0.0004922611257611767
0.07	0.00051808873435556
0.08	0.0006082930641172213
0.09	0.0005330692050438586
0.1	0.0005212821781479126
0.11	0.0005114866253425224
0.12	0.000589133617859245
0.13	0.0006111102261927991
0.14	0.000560220938349139
0.15	0.0006519453901567247
0.16	0.0007108426468377084
0.17	0.0007715378931681162
0.18	0.0007761097212167362
0.19	0.0008227395378924859
0.2	0.0008707947442484875
0.21	0.0008598873242247875
0.22	0.0008103536695371663
0.23	0.0007398611303019854
0.24	0.0008574678564300299
0.25	0.001188251520802537
0.26	0.0012363008434492409
0.27	0.0011775924071191393
0.28	0.00153815798998936
0.29	0.0015390816630252368
0.3	0.0016707256432641367
0.31	0.0020033200048157297
0.32	0.002459254788024871
0.33	0.0026662683420511785
0.34	0.00229253531106204
0.35000000000000003	0.0038056461224273133
0.36	0.0038208688141582927
0.37	0.0037031123920399063
0.38	0.00502030926534189
0.39	0.006965762311620975
0.4	0.006648738155261762
0.41000000000000003	0.009118425312828832
0.42	0.01483681321185075
0.43	0.022673866813519943
0.44	0.03151976622732586
0.45	0.03720579413724982
0.46	0.09786382707678705
0.47000000000000003	0.5802579819966251
0.48	1.7020115739248742
0.49	6.1935993589555745
0.5	2.5789925756017666
0.51	602.8017762467612
0.52	3.3322613288456178
0.53	0.8584844817802973
0.54	0.8161818351097386
0.55	0.9825122977505522
0.56	3.0921474644125584
0.5700000000000001	2.406125677292754
0.58	3.4624056543190527
0.59	2.362678250277382
0.6	0.7862461850159184
0.61	0.5568403885641628
0.62	0.46895159957076
0.63	0.43617731846318414
0.64	0.4446795230220511
0.65	0.44999612869461936
0.66	0.4235003539973925
0.67	0.44625090722703403
0.68	0.4721498809753019
0.6900000000000001	0.5247970844062749
0.7000000000000001	0.8800844744620724
0.71	1.3678226229799197
0.72	3.2612314301563967
0.73	2.0119047755700663
0.74	1.1413043675375143
0.75	0.8962519506825711
0.76	0.7111369922894737
0.77	0.6332659575059866
0.78	0.6023271880015822
0.79	0.558693485142346
0.8	0.5371025110866205
0.81	0.5192554448781085
0.8200000000000001	0.5221903618848819
0.8300000000000001	0.5047011034050586
0.84	0.5179927952253082
0.85	0.5020592482874237
0.86	0.4822588585687208
0.87	0.46839249961083285
0.88	0.5072396849436028
0.89	0.5155546808613055
0.9	0.5498800008321294
0.91	0.8133921123174948
0.92	1.8976964813275035
0.93	2.0423461371418767
0.9400000000000001	1.5224107840868328
0.9500000000000001	0.9227129874406664
0.96	0.7163442520848202
0.97	0.7723334606339647
0.98	0.9333041266993132
0.99	1.1007393187735308
1.	1.2050520538757263
1.01	1.23673197968803
1.02	1.0203251930712118
1.03	0.4829154751421322
1.04	0.570794108004031
1.05	0.5795490533567002
1.06	0.4748447922819456
1.07	0.437259340742825
1.08	0.4589233510761684
1.09	0.4892084412439311
1.1	0.5029190047235312
1.11	0.5206097424546939
1.12	0.5423537175833192
1.1300000000000001	0.5833238732766144
1.1400000000000001	0.6456582936962314
1.1500000000000001	0.6285506625056755
1.16	0.6635963492163255
1.17	0.7289766028822392
1.18	0.6847997925240255
1.19	0.678933303506633
1.2	0.680120841822884
1.21	0.6714447528186022
1.22	0.6672770161153397
1.23	0.681762745683526
1.24	0.6434880598880415
1.25	0.6710294523389468
1.26	0.6621564351470597
1.27	0.6558171657399842
1.28	0.6445802788472299
1.29	0.6473040775691122
1.3	0.6219581729866067
1.31	0.6260271793833699
1.32	0.6058973780121966
1.33	0.5863520303759427
1.34	0.6102534786502514
1.35	0.5860853449056227
1.36	0.5567250807436565
1.37	0.5523600133093716
1.3800000000000001	0.5071416798951811
1.3900000000000001	0.5368404531553798
1.4000000000000001	0.5008131181523693
1.41	0.46446159703830686
1.42	0.49387198668526894
1.43	0.5043910743452724
1.44	0.5152795620549087
1.45	0.49932548387196
1.46	0.5346421565609999
1.47	0.5999677316649841
1.48	0.6428755578614478
1.49	0.7907871078244821
1.5	1.0376672392170367
1.51	1.2515170645363323
1.52	2.049221084282141
1.53	3.7749644584486286
1.54	5.493701989382564
1.55	3.4641696688062225
1.56	2.113522217265704
1.57	1.204033287927823
1.58	0.6326403467617133
1.59	0.4794478877864128
1.6	0.45935657595701523
1.61	0.4821902996738205
1.62	0.49976861601768724
1.6300000000000001	0.558577187045618
1.6400000000000001	0.618153425327235
1.6500000000000001	0.614373194257266
1.6600000000000001	0.6626993521872946
1.67	0.6440678565348338
1.68	0.6929773256166132
1.69	0.6574750750291641
1.7	0.6480274120014192
1.71	0.6182578399858191
1.72	0.6520169445377588
1.73	0.6699585368749705
1.74	0.6704756434877327
1.75	0.6584151575972869
1.76	0.6321849296550596
1.77	0.6546081566947384
1.78	0.6178215724456095
1.79	0.6103056085846664
1.8	0.5772493381695162
1.81	0.563507638555514
1.82	0.5849831814720645
1.83	0.5411226110250782
1.84	0.5547532966997659
1.85	0.5187120648992024
1.86	0.49997469117610377
1.87	0.4906568889704588
1.8800000000000001	0.4938050650451049
1.8900000000000001	0.4426074443435028
1.9000000000000001	0.455027603125005
1.9100000000000001	0.43569603901264203
1.92	0.4171359579863618
1.93	0.43007094149520203
1.94	0.41496867717678304
1.95	0.38947822750626965
1.96	0.3566190793660703
1.97	0.36757275582295185
1.98	0.36227371489669896
1.99	0.37426662156660134
2.	0.36730554695380513
2.0100000000000002	0.39892260152688985
2.02	0.49695940334878325
2.0300000000000002	0.6528896045842478
2.04	1.0957916125820732
2.05	2.836198527002779
2.06	3.6122686838442277
2.07	2.5377123103726045
2.08	1.8716484100201727
2.09	1.5792163382163862
2.1	0.6493918854868578
2.11	0.3447226096144686
2.12	0.2910012472187557
2.13	0.26647062650271264
2.14	0.2629013608657385
2.15	0.2786382061671086
2.16	0.29240295660838733
2.17	0.3134229700240992
2.18	0.3007284641260298
2.19	0.31296080127234904
2.2	0.3070083651686053
2.21	0.30623768792858896
2.22	0.30142453158261495
2.23	0.3009095620805751
2.24	0.3187587206192537
2.25	0.308339273481115
2.2600000000000002	0.29631550506034615
2.27	0.3000295526127829
2.2800000000000002	0.2918228733547143
2.29	0.3030377855919709
2.3000000000000003	0.2656693224501239
2.31	0.26723506204276515
2.32	0.26547018258532423
2.33	0.25882884833679976
2.34	0.25194084634497277
2.35	0.22202686881460254
2.36	0.2400256677031934
2.37	0.23480603346959383
2.38	0.2118484562888401
2.39	0.2104926878645098
2.4	0.20101777454607475
2.41	0.20305722929345085
2.42	0.2116136897664756
2.43	0.2254974077715417
2.44	0.2618198815677758
2.45	0.2927942158106368
2.46	0.43726045788611895
2.47	0.9024588330624472
2.48	1.795142701944686
2.49	1.8978137780296245
2.5	1.4277504221581425
2.5100000000000002	0.8565845778157981
2.52	0.4979824121130834
2.5300000000000002	0.3418094333842811
2.54	0.23603488141142046
2.5500000000000003	0.21109365041438197
2.56	0.17238654352648616
2.57	0.12312126591415185
2.58	0.1292437172291963
2.59	0.11460464173742047
2.6	0.10685376850468856
2.61	0.10727174370473741
2.62	0.11332955314719939
2.63	0.11094140196094915
2.64	0.1015650814218696
2.65	0.10622722952118328
2.66	0.09543078845906666
2.67	0.08953151439208559
2.68	0.08956369919227605
2.69	0.07713365032462813
2.7	0.076503717876423
2.71	0.07599083328234657
2.72	0.08907704182996784
2.73	0.08778184882076426
2.74	0.10397345416985837
2.75	0.5685722227041378
2.7600000000000002	1.2708919750013439
2.77	0.6401640958008565
2.7800000000000002	4.210343352375019
2.79	0.46937192905624764
2.8000000000000003	0.2294477817499988
2.81	0.02969768890647356
2.82	0.05365262382271167
2.83	0.011407978443247452
2.84	0.002403852109797514
2.85	0.001886181532276528
2.86	0.0011519069593027482
2.87	0.0009237402568244397
2.88	0.0006777992281658824
2.89	0.0006056729423304337
2.9	0.0004185209212598753
2.91	0.00036783528819434285
2.92	0.00028952496062201915
2.93	0.00023246414807110615
2.94	0.00018995286677572947
2.95	0.00016505140674619623
2.96	0.00015015629224070194
2.97	0.00012068223160510351
2.98	0.00010627295808307685
2.99	0.0000928482804486646
3.	0.00008159781757580132