-3.	0.42724367144441144
-2.99	0.40826331386080045
-2.98	1.0566614564683638
-2.97	0.5846158629413192
-2.96	0.34661065921800116
-2.95	0.2837637185508421
-2.94	0.27157212092589567
-2.93	0.2651150475462749
-2.92	0.2934341022549064
-2.91	0.2818809056068512
-2.9	0.31342541310422034
-2.89	0.3364164668924959
-2.88	0.35684077115451907
-2.87	0.37943935051575567
-2.86	0.4037522710738083
-2.85	0.42150408631101827
-2.84	0.42152775140554055
-2.83	0.44260930795404974
-2.82	0.47439718300441924
-2.81	0.5024640172626522
-2.8	0.518911304390938
-2.79	0.5143539931477397
-2.78	0.5713394553327421
-2.77	0.5467524905754904
-2.76	0.560493777189117
-2.75	0.5899353069321023
-2.74	0.6311331117324023
-2.73	0.6385633318118002
-2.7199999999999998	0.6396780598380898
-2.71	0.6625110498049066
-2.7	0.699436656885022
-2.69	0.706485025364833
-2.68	0.6989665205313541
-2.67	0.7423541704742088
-2.66	0.7319897828680525
-2.65	0.7498551522388114
-2.64	0.7664717226929002
-2.63	0.799777794758244
-2.62	0.779857080370158
-2.61	0.8132812731185367
-2.6	0.8189649727288243
-2.59	0.832600837109233
-2.58	0.8235859311916442
-2.57	0.7977801086715584
-2.56	1.143025193542022
-2.55	1.8223005312611986
-2.54	0.6484287717411271
-2.53	0.5333598441457077
-2.52	0.44703767455814386
-2.51	0.3953415252374054
-2.5	0.3971848293815474
-2.49	0.39098134437688936
-2.48	0.4028213353896496
-2.4699999999999998	0.4087998509558696
-2.46	0.4074707351658135
-2.45	0.44614059096066055
-2.44	0.45737348752157686
-2.4299999999999997	0.4508314399625898
-2.42	0.4889743506303605
-2.41	0.5156780243297577
-2.4	0.5193744079625205
-2.39	0.5462123925005726
-2.38	0.5384311823314104
-2.37	0.5928484592386912
-2.36	0.6213866633125997
-2.35	0.6189563798907136
-2.34	0.6369651174939024
-2.33	0.6171084567996805
-2.32	0.6496088616138568
-2.31	0.6483465018247564
-2.3	0.6871036322950351
-2.29	0.7205440028284357
-2.2800000000000002	0.7454383221554378
-2.27	0.7418512008396834
-2.26	0.7415339204324566
-2.25	0.7504425580513869
-2.24	0.7745845180385287
-2.23	0.7752852432391769
-2.2199999999999998	0.7966232155634037
-2.21	0.8033480623034572
-2.2	0.856009957310827
-2.19	0.9027836440874981
-2.1799999999999997	0.9197442300894773
-2.17	0.8908766889079693
-2.16	0.9268344841959536
-2.15	0.9043028965146449
-2.14	0.9281812059613501
-2.13	0.9675729527521036
-2.12	0.9627090654516652
-2.11	0.9609643299123989
-2.1	1.005428721798645
-2.09	1.043185358631491
-2.08	1.0452525471930625
-2.07	1.0754834185748532
-2.06	1.072107084975019
-2.05	1.0887507486628112
-2.04	2.2064304217219064
-2.0300000000000002	1.988546401613473
-2.02	1.1229137710706805
-2.01	0.9998300517521687
-2.	0.8731822175926459
-1.99	0.7252789748922048
-1.98	0.6637295033904624
-1.97	0.5993415931684707
-1.96	0.5963476717212238
-1.95	0.5450222133162766
-1.94	0.5415335554822619
-1.93	0.48545478925244945
-1.92	0.4764756784781747
-1.91	0.44289659987723856
-1.9	0.434537529224942
-1.89	0.41540728887527917
-1.88	0.4273973089253935
-1.8699999999999999	0.42325658647958436
-1.8599999999999999	0.4373053979008113
-1.8499999999999999	0.4284152838327185
-1.84	0.41108433777303777
-1.83	0.4002963142260207
-1.82	0.40474814949429994
-1.81	0.400993025624916
-1.8	0.4136269171621842
-1.79	0.4383699220159013
-1.78	0.41206337284716454
-1.77	0.41552799586309863
-1.76	0.42468767216621406
-1.75	0.4127266099913311
-1.74	0.4308875610802941
-1.73	0.4212431063364848
-1.72	0.4235624294908235
-1.71	0.4152262043034854
-1.7	0.44720739127388975
-1.69	0.4488001762145257
-1.68	0.42350849267182067
-1.67	0.41926456207484025
-1.66	0.4314738449163464
-1.65	0.43351707265996037
-1.64	0.4286237442077953
-1.63	0.45026389779169035
-1.6199999999999999	0.4423872745026348
-1.6099999999999999	0.4438068802690278
-1.5999999999999999	0.4490778222991638
-1.59	0.4961710334585855
-1.58	0.476839410645487
-1.57	0.46665360409878476
-1.56	0.4643483150903238
-1.55	0.4996026598079935
-1.54	0.48886474459521717
-1.53	0.5083983846662151
-1.52	0.5207503888394445
-1.51	0.599927232072142
-1.5	0.8266678744940218
-1.49	0.7108300604212384
-1.48	0.7719409595821901
-1.47	0.9195140544713942
-1.46	1.1488728411551778
-1.45	1.4644174768237979
-1.44	1.9463341590893273
-1.43	3.049328308331198
-1.42	4.611025258495993
-1.41	2.467355005947463
-1.4	1.4995134408429207
-1.39	1.2878907380763782
-1.38	1.1486132948717354
-1.3699999999999999	1.222063461976261
-1.3599999999999999	1.1696425231832097
-1.3499999999999999	1.1608072163021739
-1.3399999999999999	1.1083109053462685
-1.33	1.0660333241809006
-1.32	1.109010258600427
-1.31	1.2093408620345414
-1.3	1.260853474130859
-1.29	1.328765713566196
-1.28	1.4022719555026824
-1.27	1.5780822835622952
-1.26	1.5894390852221667
-1.25	1.9214224155843669
-1.24	2.5230000807581203
-1.23	3.420300429575091
-1.22	6.612391493802299
-1.21	4.331799148241329
-1.2	3.192436410712019
-1.19	2.175746337381912
-1.18	2.289442037881241
-1.17	1.7389751331345396
-1.16	2.022566231162565
-1.15	1.9174768448353272
-1.14	1.6703388706650073
-1.13	1.8560702642920928
-1.1199999999999999	1.8419025780945542
-1.1099999999999999	1.791189565368086
-1.0999999999999999	1.9812491455870507
-1.0899999999999999	2.0515229926250047
-1.08	1.4845573722454288
-1.07	1.494408231799326
-1.06	1.0157074572745095
-1.05	0.7485572115429624
-1.04	0.7345888820441485
-1.03	0.7321016802680514
-1.02	1.02199008278504
-1.01	0.4860604857171892
-1.	0.437553705846153
-0.9899999999999998	1.1169883334143642
-0.98	1.3912971121616617
-0.9699999999999998	8.993962128831663
-0.96	15.131993479563357
-0.9500000000000002	766.3047945579989
-0.94	157.85113321053453
-0.9300000000000002	14.830188131877478
-0.9199999999999999	3.765719646963552
-0.9100000000000001	22.39826450586531
-0.8999999999999999	184.8190387010473
-0.8900000000000001	8.86193487187896
-0.8799999999999999	381.4655179763888
-0.8700000000000001	23.663800997551228
-0.8599999999999999	29.691656395415322
-0.8500000000000001	1.7001817621697501
-0.8399999999999999	1.803812247627046
-0.8300000000000001	9.562889886401225
-0.8199999999999998	0.613787743771175
-0.81	0.5937799064068738
-0.7999999999999998	2.1215796968337983
-0.79	448.6562637992885
-0.7799999999999998	19.841487641194444
-0.77	2.704413197121411
-0.7599999999999998	0.3565190725995425
-0.75	0.1691466255380037
-0.7399999999999998	0.10234473594468425
-0.73	0.06899421555446573
-0.7199999999999998	0.052023756351179645
-0.71	0.09528502959095757
-0.6999999999999997	0.6524385262592223
-0.69	0.04552759443285917
-0.6800000000000002	0.027571201593257592
-0.6699999999999999	0.018263223195888828
-0.6600000000000001	0.014853013495585878
-0.6499999999999999	0.012169442431532288
-0.6400000000000001	0.009801154373393168
-0.6299999999999999	0.008006653971884896
-0.6200000000000001	0.007621376526215023
-0.6099999999999999	0.006625914050748213
-0.6000000000000001	0.0053044392100198914
-0.5899999999999999	0.004152483538998136
-0.5800000000000001	0.004148091561743947
-0.5699999999999998	0.003634441525056919
-0.56	0.00327603107637919
-0.5499999999999998	0.002885171669740669
-0.54	0.0026892058488246348
-0.5299999999999998	0.0027213460479027732
-0.52	0.002258218475367455
-0.5099999999999998	0.001928184331551328
-0.5	0.002012363991413393
-0.48999999999999977	0.001855890036476537
-0.48	0.0017527549271269132
-0.46999999999999975	0.00151197182212114
-0.45999999999999996	0.0014745434112549986
-0.44999999999999973	0.0013632756676062166
-0.43999999999999995	0.0012741225273742655
-0.43000000000000016	0.0012037792117874351
-0.41999999999999993	0.0009985509821487863
-0.41000000000000014	0.000892872083910483
-0.3999999999999999	0.0010314308020540723
-0.3900000000000001	0.001095842400503871
-0.3799999999999999	0.0009022310016128923
-0.3700000000000001	0.000918711063282824
-0.3599999999999999	0.0008815550853932706
-0.3500000000000001	0.0007999366704563981
-0.33999999999999986	0.0007121989173814803
-0.33000000000000007	0.0007711846598184656
-0.31999999999999984	0.0006162364795680863
-0.31000000000000005	0.0006515818147200751
-0.2999999999999998	0.0005866313918808106
-0.29000000000000004	0.0006266206937909874
-0.2799999999999998	0.0005822651523583344
-0.27	0.0005291279418925004
-0.2599999999999998	0.0005074602089479185
-0.25	0.0004668236102801281
-0.23999999999999977	0.0005079969366718285
-0.22999999999999998	0.0005535906328085853
-0.21999999999999975	0.0005311120973870068
-0.20999999999999996	0.0004851697444176297
-0.19999999999999973	0.0004897601298865776
-0.18999999999999995	0.00046164606984065894
-0.18000000000000016	0.0004713084770530029
-0.16999999999999993	0.00044743384585340014
-0.16000000000000014	0.0004352501486235282
-0.1499999999999999	0.0003861082513756474
-0.14000000000000012	0.000433123167498834
-0.1299999999999999	0.00041623936594571866
-0.1200000000000001	0.00042039153470954427
-0.10999999999999988	0.0003846142138122299
-0.10000000000000009	0.0004329635428691741
-0.08999999999999986	0.00041043895079769676
-0.08000000000000007	0.00041550342920161805
-0.06999999999999984	0.0004305029484930727
-0.06000000000000005	0.0003951168218094264
-0.04999999999999982	0.0004187063815670261
-0.040000000000000036	0.0004406363867174089
-0.029999999999999805	0.0003834578451481847
-0.020000000000000018	0.00041854983971842494
-0.009999999999999787	0.00038146794888999904
0.	0.00040054111740304245
0.010000000000000231	0.00038382906097301
0.020000000000000018	0.0004930031343427412
0.03000000000000025	0.0004116125351500849
0.040000000000000036	0.0004955404559748632
0.050000000000000266	0.0004700195062485017
0.06000000000000005	0.0004944967966568351
0.07000000000000028	0.000493347445532859
0.08000000000000007	0.0005034233597068252
0.08999999999999986	0.000556894541510053
0.10000000000000009	0.0006440963904720907
0.10999999999999988	0.0006185257622103945
0.1200000000000001	0.0006425315668072223
0.1299999999999999	0.0006347913888849077
0.14000000000000012	0.0006067715043118624
0.1499999999999999	0.0007899183951515978
0.16000000000000014	0.0007081087126012302
0.16999999999999993	0.0008212950597872533
0.18000000000000016	0.0007884652053834159
0.18999999999999995	0.0009737998714563061
0.20000000000000018	0.0010138348978063765
0.20999999999999996	0.0011747814146406683
0.2200000000000002	0.0011390401098569064
0.22999999999999998	0.0011921326119223408
0.2400000000000002	0.0015863910099295233
0.25	0.0016274675451548978
0.26000000000000023	0.0016481342685483685
0.27	0.0017139995899854408
0.28000000000000025	0.002364175605337742
0.29000000000000004	0.0020970021702312095
0.30000000000000027	0.0023357709707811586
0.31000000000000005	0.002836346879082616
0.3200000000000003	0.002692893084361823
0.33000000000000007	0.0032319663138891956
0.33999999999999986	0.004599340911982812
0.3500000000000001	0.0048767143072919366
0.3599999999999999	0.006038719091905954
0.3700000000000001	0.0060793857202537434
0.3799999999999999	0.008891912658459521
0.3900000000000001	0.008817661610999998
0.3999999999999999	0.01398894265998833
0.41000000000000014	0.01695134426793776
0.41999999999999993	0.019625971682180065
0.43000000000000016	0.07865329692938033
0.43999999999999995	0.04252586518996479
0.4500000000000002	16.199369165856403
0.45999999999999996	0.5853926621654878
0.4700000000000002	1.601653976940054
0.48	15.328585069690135
0.4900000000000002	196.31329989737876
0.5	3.641830884924798
0.5100000000000002	491.46517262729463
0.52	8.577974136919359
0.5300000000000002	3.5950487930648616
0.54	1.1330976553440204
0.5500000000000003	1.5676752998213481
0.56	3.622034203390549
0.5700000000000003	2.2315080596864467
0.5800000000000001	7.394387405522816
0.5899999999999999	2.903849469863958
0.6000000000000001	0.8526034626228173
0.6099999999999999	0.7022480635881366
0.6200000000000001	0.5244712605117376
0.6299999999999999	0.4703610350676996
0.6400000000000001	0.42790866839654323
0.6499999999999999	0.41428411545249527
0.6600000000000001	0.4114116629224344
0.6699999999999999	0.4127464723958796
0.6800000000000002	0.5088634702543307
0.69	0.6753817491757186
0.7000000000000002	1.2283095871612164
0.71	2.2996792554064838
0.7200000000000002	4.954491641170989
0.73	2.2617279627270443
0.7400000000000002	1.3476469475777624
0.75	0.9489359186141936
0.7600000000000002	0.8041362717555419
0.77	0.6498812746919287
0.7800000000000002	0.5914591112006288
0.79	0.5230992242475129
0.8000000000000003	0.4948224200496803
0.81	0.48430051891700443
0.8200000000000003	0.4562451817100256
0.8300000000000001	0.457405027509791
0.8399999999999999	0.46096195847430466
0.8500000000000001	0.471305324712126
0.8599999999999999	0.4832012665883701
0.8700000000000001	0.48944765707590954
0.8799999999999999	0.5988100203162592
0.8900000000000001	0.5998258718373536
0.8999999999999999	0.8120975561834496
0.9100000000000001	1.0112732074898134
0.9199999999999999	3.7211991607689536
0.9300000000000002	2.5081429531655903
0.94	1.4617084795545092
0.9500000000000002	0.9002012130825064
0.96	0.7169512513152827
0.9700000000000002	0.8149437503010188
0.98	1.0120056001792774
0.9900000000000002	1.2096546694536296
1.	1.3767567913308114
1.0099999999999998	1.3364537211169552
1.0200000000000005	1.1594272567526078
1.0300000000000002	0.5865828688950386
1.04	0.4979899083947557
1.0499999999999998	0.4956660565300546
1.0600000000000005	0.4544570607153269
1.0700000000000003	0.5049268205887255
1.08	0.5859252168086125
1.0899999999999999	0.6762245204055108
1.0999999999999996	0.7540789061728135
1.1100000000000003	0.7642629665147478
1.12	0.8320137857908034
1.13	0.8823377819071143
1.1399999999999997	0.907001145090635
1.1500000000000004	0.9349145998161382
1.1600000000000001	0.9248080165316677
1.17	0.944862434032223
1.1799999999999997	0.9612630936179023
1.1900000000000004	0.9704092174012976
1.2000000000000002	0.9422713999308618
1.21	0.9494740238738076
1.2199999999999998	0.9393293605545107
1.2300000000000004	0.9596765492606908
1.2400000000000002	0.9663741736451075
1.25	0.9423344620649252
1.2599999999999998	0.9303524027502789
1.2700000000000005	0.93069970348976
1.2800000000000002	0.9108475601457295
1.29	0.9228016338126176
1.2999999999999998	0.9042895325039755
1.3100000000000005	0.840731214719197
1.3200000000000003	0.8922018933346044
1.33	0.8361680897208142
1.3399999999999999	0.7628069372474195
1.3500000000000005	0.8016886264669811
1.3600000000000003	0.751153222226182
1.37	0.7532291142236328
1.38	0.7431204678497603
1.3899999999999997	0.6702893469899471
1.4000000000000004	0.6765452989349094
1.4100000000000001	0.6685215367615996
1.42	0.6446702239710577
1.4299999999999997	0.6061201307630171
1.4400000000000004	0.57745483084868
1.4500000000000002	0.5548981149926162
1.46	0.5390938613153301
1.4699999999999998	0.5602135561892885
1.4800000000000004	0.5732541089275317
1.4900000000000002	0.6345293157902308
1.5	0.7711705788141502
1.5099999999999998	0.9778478180740054
1.5200000000000005	1.324640954266751
1.5300000000000002	2.8050128458683776
1.54	3.1129981160982934
1.5499999999999998	2.768125732305126
1.5600000000000005	1.4976205910067986
1.5700000000000003	0.8628293393784836
1.58	0.6839320575948782
1.5899999999999999	0.6557255755834256
1.6000000000000005	0.7165208619610876
1.6100000000000003	0.8025411260767188
1.62	0.894902547428779
1.63	0.9173020765050246
1.6399999999999997	0.960025296294166
1.6500000000000004	0.9546726656508285
1.6600000000000001	0.9596409504708517
1.67	0.9610968052881922
1.6799999999999997	0.9852418575635709
1.6900000000000004	0.9457641362787916
1.7000000000000002	0.9632174655307101
1.71	0.9702535924966067
1.7199999999999998	0.9559545457818093
1.7300000000000004	0.9461723855382445
1.7400000000000002	0.9687158903974765
1.75	0.9346006812356314
1.7599999999999998	0.9188813243533318
1.7700000000000005	0.9085307808295608
1.7800000000000002	0.9148774961586427
1.79	0.9153248711350531
1.7999999999999998	0.8643899190766492
1.8100000000000005	0.8781974473772817
1.8200000000000003	0.8591881270018064
1.83	0.8365988168559261
1.8399999999999999	0.835185916556913
1.8500000000000005	0.808062236163868
1.8600000000000003	0.7887095236721093
1.87	0.7807036844928484
1.88	0.743282625660788
1.8899999999999997	0.7109771024882612
1.9000000000000004	0.7096641258885283
1.9100000000000001	0.6538461700548404
1.92	0.6609414970622915
1.9299999999999997	0.6589342295257093
1.9400000000000004	0.5854308820290185
1.9500000000000002	0.5349253591660906
1.96	0.523764252616839
1.9699999999999998	0.5207118701728899
1.9800000000000004	0.4642335205068634
1.9900000000000002	0.4470792515726772
2.	0.4445651284325886
2.01	0.4411978563469453
2.0200000000000005	0.46468459869937084
2.0300000000000002	0.5690531065993512
2.04	0.8238586821792947
2.05	2.2844413728899924
2.0600000000000005	2.8625981156862146
2.0700000000000003	2.2261911856395664
2.08	1.1166586646626393
2.09	0.5256554585453301
2.1000000000000005	0.4313525384916651
2.1100000000000003	0.3785580471165722
2.12	0.38812764507641945
2.13	0.42940017709002903
2.1399999999999997	0.4451565141904471
2.1500000000000004	0.5011924795007978
2.16	0.484262081968856
2.17	0.529558997028602
2.1799999999999997	0.5410548489735123
2.1900000000000004	0.5378351718048022
2.2	0.5161335219389217
2.21	0.5180545420225737
2.2199999999999998	0.5315170927704281
2.2300000000000004	0.5092900636422397
2.24	0.5098492569632599
2.25	0.5126086944404988
2.26	0.4856113581736013
2.2700000000000005	0.4830783574389505
2.2800000000000002	0.462334721596843
2.29	0.4686474572302132
2.3	0.45147764909562577
2.3100000000000005	0.44697778747980077
2.3200000000000003	0.4187867629437023
2.33	0.4066318067876731
2.34	0.40493247918344366
2.3500000000000005	0.37895647089718876
2.3600000000000003	0.37640910352723633
2.37	0.3308938421313883
2.38	0.29657647013984256
2.3899999999999997	0.2867687833632635
2.4000000000000004	0.3018215987285762
2.41	0.2978019631077634
2.42	0.27935077223149374
2.4299999999999997	0.2716719852257324
2.4400000000000004	0.2764281763498802
2.45	0.29536214484856216
2.46	0.4087557963443624
2.4699999999999998	0.7687578448684473
2.4800000000000004	2.1644917471585674
2.49	1.4344117995615555
2.5	1.0547884025076502
2.51	0.5105952405836622
2.5200000000000005	0.27982629077758037
2.5300000000000002	0.2030381177396511
2.54	0.15089221804470715
2.55	0.1666568972002298
2.5600000000000005	0.14445055267367243
2.5700000000000003	0.16388079729273247
2.58	0.15577131534604233
2.59	0.1442945045098708
2.6000000000000005	0.1445560186953423
2.6100000000000003	0.14355239287790772
2.62	0.14772730090607625
2.63	0.14259517630006088
2.6399999999999997	0.13244854675875317
2.6500000000000004	0.12169398839638412
2.66	0.1179397108969526
2.67	0.12343476501503547
2.6799999999999997	0.10157488790684645
2.6900000000000004	0.10189444716014229
2.7	0.09657883736342876
2.71	0.09559331667394645
2.7199999999999998	0.09753223826260816
2.7300000000000004	0.08522938633947146
2.74	0.09814535507781973
2.75	1.2763817247849152
2.76	2.031799026819558
2.7700000000000005	2.2583294288814852
2.7800000000000002	0.299698496144717
2.79	1.816757338329739
2.8	0.022560153720600766
2.8100000000000005	0.022847003460959425
2.8200000000000003	0.008282697827829064
2.83	0.0031217476873774725
2.84	0.0014852878973978824
2.8500000000000005	0.0009279489257062291
2.8600000000000003	0.000804677339347812
2.87	0.000563657762387355
2.88	0.00037214644065028255
2.8899999999999997	0.00043066117534298713
2.9000000000000004	0.0003251741460348092
2.91	0.00021422277471765393
2.92	0.000198660689134675
2.9299999999999997	0.00018072748973343975
2.9400000000000004	0.00013856964019148116
2.95	0.00013244232875492858
2.96	0.00010844661728080176
2.9699999999999998	0.00009760623581252835
2.9800000000000004	0.00007705470630421291
2.99	0.00006865732227436966
3.	0.000060326768050511786