0.	0.0004337041996263896
0.01	0.0004951015625998844
0.02	0.00045453812921498186
0.03	0.0005078519296622413
0.04	0.000565046988296366
0.05	0.00046822669285344473
0.06	0.0004991166480084614
0.07	0.0006353198140479342
0.08	0.0005876625028151069
0.09	0.0005486483159363565
0.1	0.000629356000022982
0.11	0.0007418258961832987
0.12	0.0006687281029568875
0.13	0.0006798734502337455
0.14	0.0007317418056562282
0.15	0.0007001606155306641
0.16	0.0007594876041276237
0.17	0.0007152596655357353
0.18	0.0008589357489774326
0.19	0.000958808081058651
0.2	0.000997738428918011
0.21	0.0008179372301643922
0.22	0.001138085160438921
0.23	0.0013308409984982056
0.24	0.0011016354228067407
0.25	0.0015208074609600504
0.26	0.0015170020936437472
0.27	0.0016646259364685076
0.28	0.001908926333006668
0.29	0.0017804310202933693
0.3	0.002834834298870006
0.31	0.0024197796449964056
0.32	0.002944024273493975
0.33	0.0032919111206285226
0.34	0.004067066949559714
0.35000000000000003	0.004272622945183715
0.36	0.005818357713684662
0.37	0.006078635915858867
0.38	0.00697795649259138
0.39	0.0077262795504706395
0.4	0.0172000850975151
0.41000000000000003	0.017374233448884672
0.42	0.04140075249324651
0.43	0.0304967168485624
0.44	0.0724254807830742
0.45	0.07006693441641926
0.46	0.3753698264934585
0.47000000000000003	0.7049832338268064
0.48	6.259852049906181
0.49	9.84247177941338
0.5	3.390610501710625
0.51	420.1342414426277
0.52	7.035507831775702
0.53	1.5716399538448242
0.54	1.8584102958280524
0.55	2.5242938288586227
0.56	1.991260472627748
0.5700000000000001	2.163746303155821
0.58	2.8499488081312387
0.59	3.0030939386214985
0.6	0.9735531140001377
0.61	0.6407388174481723
0.62	0.5138164242366572
0.63	0.44394558873134565
0.64	0.4294432534370443
0.65	0.39861104596364555
0.66	0.41393514922099817
0.67	0.4478420742161352
0.68	0.46670424948798656
0.6900000000000001	0.6412134113297859
0.7000000000000001	1.3467638489033935
0.71	2.363814969142676
0.72	4.416434891093479
0.73	2.402938149725213
0.74	1.3543233609830276
0.75	1.0049592708422475
0.76	0.802072693670676
0.77	0.6375800803866573
0.78	0.5928880017329813
0.79	0.5530851101436877
0.8	0.5374772617656318
0.81	0.4885691266272034
0.8200000000000001	0.4772557046202094
0.8300000000000001	0.4602108961478785
0.84	0.45057843475410403
0.85	0.4661607521277272
0.86	0.4557358070032218
0.87	0.46914684864594847
0.88	0.551861000330642
0.89	0.6254272429594024
0.9	0.7851674364838889
0.91	1.1560489544509651
0.92	3.1432460191904994
0.93	2.5214946851462194
0.9400000000000001	1.5305846334447266
0.9500000000000001	0.9782377690488826
0.96	0.717251676234022
0.97	0.7461123760783684
0.98	0.9383892965141715
0.99	1.0614348179994268
1.	1.2045714351504895
1.01	1.1928380604838384
1.02	1.0416294478635633
1.03	0.5349350539816866
1.04	0.5465971836748167
1.05	0.5316867623067277
1.06	0.43462980655207334
1.07	0.44527664133152256
1.08	0.47299327975652
1.09	0.5432094888966835
1.1	0.5801044722442443
1.11	0.6282033289234403
1.12	0.6792867312205626
1.1300000000000001	0.7056489028198155
1.1400000000000001	0.7501416745621483
1.1500000000000001	0.7714181931491787
1.16	0.7694805465526655
1.17	0.8082704624230437
1.18	0.8071568710771784
1.19	0.8114495217285185
1.2	0.8144215352508911
1.21	0.7736240570243017
1.22	0.7502907608109185
1.23	0.8272150911198474
1.24	0.8001288596626467
1.25	0.7889537707877596
1.26	0.7654632720889393
1.27	0.7744565268380084
1.28	0.7583377030429447
1.29	0.7561895624050723
1.3	0.6994532929032371
1.31	0.7524529120936472
1.32	0.6925652771500382
1.33	0.6950468329029199
1.34	0.6822955811970626
1.35	0.6131862423498666
1.36	0.6341299096174842
1.37	0.6207066344459831
1.3800000000000001	0.5891676686543926
1.3900000000000001	0.5358954566616032
1.4000000000000001	0.5678266726386785
1.41	0.571578183473533
1.42	0.5422139689523405
1.43	0.5631625559301683
1.44	0.5227027068374066
1.45	0.49427601549032796
1.46	0.5189137507707275
1.47	0.556774844118882
1.48	0.592662389375586
1.49	0.7728259841359213
1.5	0.8357607116503878
1.51	1.0682706433101719
1.52	1.532474307563248
1.53	3.538453945282806
1.54	4.356338676013554
1.55	3.1812326680669387
1.56	1.584167849835767
1.57	0.8737777474580576
1.58	0.596903689425943
1.59	0.5292336959235278
1.6	0.5615610361484628
1.61	0.6527361848424449
1.62	0.7034712493259804
1.6300000000000001	0.7506661122200016
1.6400000000000001	0.7616063987307632
1.6500000000000001	0.7670720807863716
1.6600000000000001	0.812322550835167
1.67	0.8082904678905989
1.68	0.818459520454438
1.69	0.792074978103476
1.7	0.8111406498204762
1.71	0.8009497881140053
1.72	0.8182826981442588
1.73	0.8132636431421948
1.74	0.7569801661824647
1.75	0.800043719521894
1.76	0.7596194370251351
1.77	0.7645456418469413
1.78	0.777177933189812
1.79	0.7520226010801496
1.8	0.7191585451257437
1.81	0.7392443668452905
1.82	0.7318108904982584
1.83	0.6781610918844836
1.84	0.6845848821034597
1.85	0.6790611902449191
1.86	0.6408592867790626
1.87	0.6293701950866543
1.8800000000000001	0.6041570228489254
1.8900000000000001	0.5810847948656475
1.9000000000000001	0.5831442299860927
1.9100000000000001	0.5416853516600582
1.92	0.5378361748074257
1.93	0.49716882848750116
1.94	0.4693416708350523
1.95	0.4441536824248472
1.96	0.42069849618628735
1.97	0.4264459237530957
1.98	0.411041960346539
1.99	0.3680247195418192
2.	0.39134783070764617
2.0100000000000002	0.42629343504968775
2.02	0.4641276335779911
2.0300000000000002	0.6005817989859342
2.04	0.876611664348164
2.05	2.523043078638012
2.06	3.6319571711677363
2.07	2.4131450264648904
2.08	1.4128886702168548
2.09	0.705969076044151
2.1	0.44549276913372127
2.11	0.31309822640447077
2.12	0.321107348623015
2.13	0.35381518327956785
2.14	0.36928611198135136
2.15	0.38692513429455905
2.16	0.37480981607024144
2.17	0.40001567663381477
2.18	0.39904874271831603
2.19	0.4327597104226215
2.2	0.42247835338838263
2.21	0.42301499685092336
2.22	0.41439795587453093
2.23	0.43497494826924504
2.24	0.39605632676052166
2.25	0.39222746489791677
2.2600000000000002	0.3905718625469134
2.27	0.3949599062673967
2.2800000000000002	0.3744770184135803
2.29	0.3488578979645673
2.3000000000000003	0.3482207908253961
2.31	0.34910753538108485
2.32	0.3363459270818619
2.33	0.32694719375160597
2.34	0.3171972686175229
2.35	0.3066020447770189
2.36	0.308263989050186
2.37	0.289592002207097
2.38	0.25590842241097783
2.39	0.26511865156240194
2.4	0.24997293262828998
2.41	0.2289523345853181
2.42	0.22038699179176643
2.43	0.24446064292693154
2.44	0.253388012812377
2.45	0.2925841407769642
2.46	0.40524334710931864
2.47	0.8498795760133128
2.48	1.9719620509421283
2.49	1.719408576984926
2.5	1.370747714589178
2.5100000000000002	0.7552924398255569
2.52	0.4167964038664751
2.5300000000000002	0.23810328184491333
2.54	0.22207390494203744
2.5500000000000003	0.1730638185384323
2.56	0.1312911551999602
2.57	0.1343623309748915
2.58	0.13283460530656616
2.59	0.13796322011533776
2.6	0.1343173201626156
2.61	0.11157432466939747
2.62	0.11430767039067119
2.63	0.11275385761590195
2.64	0.11901485503594836
2.65	0.11822825185331519
2.66	0.09495445271390121
2.67	0.11006420517014052
2.68	0.09959040804311155
2.69	0.09052333164932112
2.7	0.08768403290139719
2.71	0.08130187898299776
2.72	0.0871033021894091
2.73	0.07733132458746755
2.74	0.10013943310044147
2.75	0.47111841977058033
2.7600000000000002	4.0760335187693775
2.77	1.0221261463300169
2.7800000000000002	0.8733617596125578
2.79	6.362308309798802
2.8000000000000003	0.023923049601622892
2.81	0.025455926208713276
2.82	0.0052214472369665225
2.83	0.01958780284116428
2.84	0.0018155959373564391
2.85	0.001130266933762547
2.86	0.0009193898177112973
2.87	0.0006956682451484398
2.88	0.0005487358888625521
2.89	0.00042663782547446537
2.9	0.0003304131865207336
2.91	0.00028308791080398573
2.92	0.00023617500090892515
2.93	0.0001519759445043337
2.94	0.00014636323539954745
2.95	0.00014100328546126655
2.96	0.0001157666098736577
2.97	0.00011199735717549588
2.98	0.00008841672528795379
2.99	0.00008003244481830708
3.	0.00006092505114922091