0.	0.0009737360738075691
0.01	0.0010129376821700782
0.02	0.0010472508824005283
0.03	0.0011411839198385346
0.04	0.0011081271499322556
0.05	0.0011112034197641402
0.06	0.0011517393582929432
0.07	0.0011772917324471774
0.08	0.0013586378430221228
0.09	0.0012218460270088784
0.1	0.0015206820515186314
0.11	0.0015142248588408376
0.12	0.0015219130819270211
0.13	0.0014895922714273043
0.14	0.0019804479964596745
0.15	0.0017344537517201004
0.16	0.0021517159636373516
0.17	0.0021989249002812164
0.18	0.00209482077091571
0.19	0.0024921725997680026
0.2	0.0028976830071467223
0.21	0.0028226929174283008
0.22	0.0029296692805235035
0.23	0.003424463429459719
0.24	0.0035311165526946244
0.25	0.004538280635765365
0.26	0.0042045100460677155
0.27	0.005051906772841315
0.28	0.005920888236737368
0.29	0.006095606770389796
0.3	0.006966354942531574
0.31	0.007925654638320043
0.32	0.00790591778647336
0.33	0.009947949204684664
0.34	0.01092435204479372
0.35000000000000003	0.014071030767292193
0.36	0.016026282772339143
0.37	0.020691524842623484
0.38	0.026121334753213005
0.39	0.02974941638860558
0.4	0.04104385473640281
0.41000000000000003	0.055751704855769135
0.42	4.405231381115007
0.43	0.44370599211317685
0.44	0.771869045435858
0.45	157.87189662753616
0.46	3.564889111177291
0.47000000000000003	81.13312481309363
0.48	107.95357779899282
0.49	31.26361706398496
0.5	130.90812093376186
0.51	219.95702287518455
0.52	113.7081764978674
0.53	4.865612635015504
0.54	4.382692959643714
0.55	4.783226149111219
0.56	10.826355579722572
0.5700000000000001	6.78508687756218
0.58	10.667654809287946
0.59	5.824111059465832
0.6	1.4882047730106014
0.61	1.0037369861624768
0.62	0.7136110196093091
0.63	0.7047416703784422
0.64	0.6748281672293992
0.65	0.7193740032669897
0.66	0.7266368656028938
0.67	0.9661410745971796
0.68	1.359014867215093
0.6900000000000001	1.7056606424852854
0.7000000000000001	2.591614162013058
0.71	3.578190070738092
0.72	7.225018792903849
0.73	2.858653595943828
0.74	1.9957343128953897
0.75	1.5511492893830627
0.76	1.1747689953688825
0.77	1.0374612894877513
0.78	0.9335780714540939
0.79	0.8961141337596453
0.8	0.7642980833998023
0.81	0.6957587403999796
0.8200000000000001	0.7532074891818572
0.8300000000000001	0.6987756562783162
0.84	0.7170318277510979
0.85	0.7748833544967775
0.86	0.9572462718288004
0.87	0.9990228294775262
0.88	1.1227446906640783
0.89	1.4729202600997642
0.9	1.690963891423758
0.91	2.464653535259538
0.92	4.845778837686555
0.93	3.2569126372336594
0.9400000000000001	2.093542951816089
0.9500000000000001	1.6632395512919955
0.96	1.132146954700565
0.97	0.7877669829568652
0.98	0.6655915135275341
0.99	0.6001370992463452
1.	0.6215172213030068
1.01	0.5870706202065057
1.02	0.5808780817336022
1.03	0.4920497163902813
1.04	0.5879571821616097
1.05	0.611198743058485
1.06	0.506458628371694
1.07	0.4737674258171215
1.08	0.45809721800955105
1.09	0.41116960832997634
1.1	0.4346963677484989
1.11	0.45903257597286895
1.12	0.42582084202262
1.1300000000000001	0.46143100522928393
1.1400000000000001	0.44009608391101634
1.1500000000000001	0.46253500158711247
1.16	0.4506196722065486
1.17	0.43265688820278
1.18	0.4876484815437382
1.19	0.4660540120501978
1.2	0.4549119851859425
1.21	0.4557869295018237
1.22	0.43558829484267353
1.23	0.4618997978366908
1.24	0.4854518840056796
1.25	0.4567930218632423
1.26	0.45910721883011657
1.27	0.44672492025043936
1.28	0.43841793842198656
1.29	0.4507740301431544
1.3	0.4347111681975999
1.31	0.4499752148936944
1.32	0.4246924563747963
1.33	0.43776690646637256
1.34	0.43402223344636065
1.35	0.4040012173070653
1.36	0.42319302915258505
1.37	0.4421945351289818
1.3800000000000001	0.43180891160333856
1.3900000000000001	0.43713401268644486
1.4000000000000001	0.45025093364226715
1.41	0.4629019263446227
1.42	0.4739342956129444
1.43	0.523115138762479
1.44	0.5503052022108632
1.45	0.5402406683109436
1.46	0.608121622476155
1.47	0.6922174940425818
1.48	0.7564123359923931
1.49	0.9153482589028545
1.5	1.110211633980707
1.51	1.3051327239212414
1.52	1.872040160530164
1.53	3.3812272889376347
1.54	4.0556920694761605
1.55	2.962209195125932
1.56	1.8820368843525592
1.57	0.9578082387666343
1.58	0.5645032230153655
1.59	0.4480426018608363
1.6	0.4587832458411195
1.61	0.5052484704215148
1.62	0.5390594825466479
1.6300000000000001	0.5684196048361723
1.6400000000000001	0.5912477135105698
1.6500000000000001	0.6071809939448498
1.6600000000000001	0.5834085267066957
1.67	0.6220090785707084
1.68	0.6206361022624448
1.69	0.5933458784600608
1.7	0.6115721894736125
1.71	0.6113465758321237
1.72	0.6227578597388199
1.73	0.5763328395630706
1.74	0.5929259035761968
1.75	0.6005059652139929
1.76	0.5918351666700677
1.77	0.5616142166697662
1.78	0.5884475267656487
1.79	0.5536948513430002
1.8	0.5432265733406308
1.81	0.5241382419378956
1.82	0.5515804836137215
1.83	0.4896982017324001
1.84	0.4680148435395754
1.85	0.46985696458102677
1.86	0.4670167794458034
1.87	0.44304660815177216
1.8800000000000001	0.4441111160275365
1.8900000000000001	0.4144425312485963
1.9000000000000001	0.4057958894523947
1.9100000000000001	0.3631362520176246
1.92	0.3619533974816537
1.93	0.39438669225410616
1.94	0.3449622752925161
1.95	0.33938562395564825
1.96	0.3191456709525843
1.97	0.3495018266270458
1.98	0.3548354361271761
1.99	0.35090196931668116
2.	0.37659642762254353
2.0100000000000002	0.4322345866017383
2.02	0.506543008960363
2.0300000000000002	0.6059878876320471
2.04	0.9402431745741824
2.05	2.199255069159197
2.06	3.1839706368341454
2.07	2.482740264424842
2.08	1.2988773521915578
2.09	0.7863136018504158
2.1	0.3854317432018488
2.11	0.29281153762532763
2.12	0.30616954119480566
2.13	0.315552866418446
2.14	0.2998137425004063
2.15	0.33656415175162774
2.16	0.3173218002178139
2.17	0.33651657640918176
2.18	0.34505069719723286
2.19	0.32845682688768346
2.2	0.341957350242374
2.21	0.3081133579640862
2.22	0.31715324630018
2.23	0.3388725329140101
2.24	0.3287353579090276
2.25	0.3238595226680208
2.2600000000000002	0.3116966346785818
2.27	0.32855990446428546
2.2800000000000002	0.3134649810570117
2.29	0.2744989351669777
2.3000000000000003	0.27172034336927453
2.31	0.2726419689357307
2.32	0.2600197667467887
2.33	0.27159850297723176
2.34	0.2561134597503725
2.35	0.23559846504688306
2.36	0.22706041186840553
2.37	0.20697256057874583
2.38	0.20954279279651974
2.39	0.21937010590311692
2.4	0.19055715933075734
2.41	0.19535798905681967
2.42	0.19001090314798483
2.43	0.21321157896736218
2.44	0.2463178158359622
2.45	0.2983133501076464
2.46	0.41077909258342166
2.47	0.8482480899902078
2.48	2.2200111881062066
2.49	1.5871592212758527
2.5	1.1133011238423294
2.5100000000000002	0.5930797550386593
2.52	0.37372323559374077
2.5300000000000002	0.19762363161787064
2.54	0.2129288638207583
2.5500000000000003	0.15026236908666
2.56	0.120144193503374
2.57	0.10875474390643886
2.58	0.10864894985085426
2.59	0.11309568713043669
2.6	0.10289435847123912
2.61	0.09381003595770647
2.62	0.08914542459426308
2.63	0.0920743439123157
2.64	0.08925574288620704
2.65	0.08421951592388632
2.66	0.09422906997149692
2.67	0.08349683103186001
2.68	0.08632645518815568
2.69	0.07757840921796091
2.7	0.06778926222465294
2.71	0.08297975764569358
2.72	0.062327638351407144
2.73	0.08687480137797182
2.74	0.10135709966833353
2.75	1.792325522661234
2.7600000000000002	9.909152135531187
2.77	5.096774474964941
2.7800000000000002	1.3549692338316417
2.79	0.059435543708341136
2.8000000000000003	0.5052737543570524
2.81	0.0466446735679985
2.82	0.02348452676975292
2.83	0.0036452938605344106
2.84	0.002261048168389431
2.85	0.0015986460782468485
2.86	0.0010742856831612185
2.87	0.0008099025223975316
2.88	0.0008016262666846436
2.89	0.0006343128427489712
2.9	0.0005101616270316105
2.91	0.0004207054152692888
2.92	0.00035291529806717406
2.93	0.0003187102105082539
2.94	0.00026674948624630016
2.95	0.0002185607784838059
2.96	0.00018279786835346704
2.97	0.00016198147225716036
2.98	0.00014424408660130983
2.99	0.00013115440872981909
3.	0.0001083231437555794