0.	0.0004276417204263559
0.01	0.0004394305726519647
0.02	0.0004524736881264991
0.03	0.00046686772330880666
0.04	0.0004827223763770295
0.05	0.000500162168205968
0.06	0.0005193285085580698
0.07	0.0005403820413841806
0.08	0.0005635056290898764
0.09	0.0005889077303217925
0.1	0.0006168264656297319
0.11	0.0006475344759539
0.12	0.0006813447523741063
0.13	0.0007186176622113325
0.14	0.0007597694571405738
0.15	0.0008052826281686607
0.16	0.0008557185766598413
0.17	0.000911733209128869
0.18	0.000974096249041724
0.19	0.001043715404375635
0.2	0.0011216665394645578
0.21	0.0012092317637944286
0.22	0.0013079481509789134
0.23	0.0014196706177027887
0.24	0.0015466533656317994
0.25	0.0016916566383543424
0.26	0.0018580884640068244
0.27	0.0020501950701218253
0.28	0.0022733200385490855
0.29	0.0025342625698041125
0.3	0.0028417803924297327
0.31	0.003207311490152771
0.32	0.003646026505759886
0.33	0.004178410700289124
0.34	0.004832708369015504
0.35000000000000003	0.005648836596821809
0.36	0.006684944259704654
0.37	0.00802907311096605
0.38	0.009821666125465178
0.39	0.012304707185623919
0.4	0.015953599197960067
0.41000000000000003	0.022034768987069745
0.42	0.058986616596576925
0.43	0.14663375154594346
0.44	0.7430530594080502
0.45	0.20076920013729388
0.46	54.017808596475525
0.47000000000000003	1.4687995143331458
0.48	10.808942976038288
0.49	12.247047354531519
0.5	88.97236754967523
0.51	507.2115610753495
0.52	26.28947639449835
0.53	2.0001290378239442
0.54	1.4898125480973063
0.55	1.8802703154130123
0.56	2.9909825883672063
0.5700000000000001	3.512652127112822
0.58	6.328557462162562
0.59	4.167079547959629
0.6	1.2196382239648316
0.61	0.7823937907035106
0.62	0.6152668761816323
0.63	0.5261076188425234
0.64	0.47386644511079967
0.65	0.4506719217932932
0.66	0.503786224782635
0.67	0.6679827373323085
0.68	0.6680940469976971
0.6900000000000001	0.8891834247429127
0.7000000000000001	1.8061674260259386
0.71	2.554094389233892
0.72	6.1036822709834775
0.73	2.643484117156149
0.74	1.5985372992186326
0.75	1.0879741130212541
0.76	1.0080143795772392
0.77	0.7668694308618417
0.78	0.6936066524277801
0.79	0.6076690270532034
0.8	0.5916717603377766
0.81	0.5370278424464022
0.8200000000000001	0.47771223790953454
0.8300000000000001	0.4943752779444881
0.84	0.5069918406805128
0.85	0.5560242082240174
0.86	0.5767861683504645
0.87	0.6193308686591887
0.88	0.7117377717338809
0.89	0.8805877738707968
0.9	1.0210988540963473
0.91	1.577125768382732
0.92	4.419090573642766
0.93	2.973757636031907
0.9400000000000001	1.7080415498484909
0.9500000000000001	1.0631002500501485
0.96	0.7286318887749861
0.97	0.6708022457265989
0.98	0.8207486685710671
0.99	0.9382744513432167
1.	1.071455315363838
1.01	1.0596293149555736
1.02	0.9697417353693735
1.03	0.6116965509455744
1.04	0.48327092093406077
1.05	0.48528025887742454
1.06	0.46238829165202555
1.07	0.5303339705472412
1.08	0.6406380200789311
1.09	0.6784696922690547
1.1	0.7128799706284433
1.11	0.7666632136021589
1.12	0.7673750100997613
1.1300000000000001	0.7959511363346076
1.1400000000000001	0.8567589974425712
1.1500000000000001	0.8864413188042788
1.16	0.8523473932231357
1.17	0.9047725778455503
1.18	0.8719558499249754
1.19	0.9163443284966645
1.2	0.8941552135117481
1.21	0.8761205432587044
1.22	0.9231707338059825
1.23	0.9021205456592047
1.24	0.8959393725315867
1.25	0.891926690732017
1.26	0.8893854693020165
1.27	0.8525055614630164
1.28	0.8688790214836927
1.29	0.849390879049849
1.3	0.8596403439279133
1.31	0.8397906425609785
1.32	0.8119374294418203
1.33	0.7990315163985426
1.34	0.756210562981181
1.35	0.6947610627872447
1.36	0.7586192976537798
1.37	0.7087117679347024
1.3800000000000001	0.7280768626717455
1.3900000000000001	0.6540366349562996
1.4000000000000001	0.6414841177157125
1.41	0.5913458412257223
1.42	0.5874703179161167
1.43	0.5720803460723498
1.44	0.5371644452117312
1.45	0.5247723604333575
1.46	0.5559278825722329
1.47	0.5639158102851587
1.48	0.5871322270009127
1.49	0.653356783515181
1.5	0.7147621700353802
1.51	0.917527260199714
1.52	1.296041419641563
1.53	2.6223530285857453
1.54	2.89296659955206
1.55	2.2928250337175564
1.56	1.3175979854510846
1.57	0.9487240872471614
1.58	0.8272053911716339
1.59	0.8366169326099281
1.6	0.8813900619883449
1.61	0.9656890781874455
1.62	1.0237918700494153
1.6300000000000001	1.0282681708451467
1.6400000000000001	1.043980500257914
1.6500000000000001	1.0486951776563322
1.6600000000000001	1.0902679611603177
1.67	1.07850023787096
1.68	1.0666865612418985
1.69	1.0776272165600502
1.7	1.0656725545162093
1.71	1.0624804875235476
1.72	1.0489223672765822
1.73	1.0324040852294827
1.74	1.0506447599104305
1.75	1.0348463789562174
1.76	1.0170596568878472
1.77	0.9997189920267533
1.78	0.9883901707369009
1.79	0.9753791618750454
1.8	0.9638468145193256
1.81	0.9722425993159002
1.82	0.9041891542907252
1.83	0.9172452449569364
1.84	0.9060867445832066
1.85	0.9012329127411423
1.86	0.8497008984792606
1.87	0.839840354103748
1.8800000000000001	0.8244715390506515
1.8900000000000001	0.8030805429759421
1.9000000000000001	0.8039522118675174
1.9100000000000001	0.7521840564682877
1.92	0.7092066048800718
1.93	0.6830432689848173
1.94	0.6486755036289974
1.95	0.5993359263433041
1.96	0.5779488480550999
1.97	0.5883694929927578
1.98	0.5434775133255446
1.99	0.48766576011069335
2.	0.4595153088645965
2.0100000000000002	0.4555879961735494
2.02	0.47889869457357737
2.0300000000000002	0.5112443778828382
2.04	0.7025447265514717
2.05	2.076135137794622
2.06	2.5473215368787394
2.07	1.7544604055298478
2.08	0.8004756600404875
2.09	0.4802590691227762
2.1	0.4628138557479788
2.11	0.5317613217956528
2.12	0.5245949694356548
2.13	0.5928430808451425
2.14	0.5977797513765586
2.15	0.6023195678226998
2.16	0.6204870093168713
2.17	0.6231703986000517
2.18	0.6367581669487028
2.19	0.6203491496570647
2.2	0.6366009808046056
2.21	0.6000542911537705
2.22	0.6519863942481677
2.23	0.60623370722973
2.24	0.5977908738261494
2.25	0.6075569160264037
2.2600000000000002	0.5590604660761579
2.27	0.5929729673697564
2.2800000000000002	0.563979907170565
2.29	0.550504218505036
2.3000000000000003	0.5559213850340409
2.31	0.515982717834719
2.32	0.5330536260874397
2.33	0.47817820325895316
2.34	0.45987111484919113
2.35	0.46389259481829664
2.36	0.41651368366231234
2.37	0.3930064747845576
2.38	0.3844601721733075
2.39	0.36990076492465535
2.4	0.34689916566145307
2.41	0.3447601618026678
2.42	0.30125480689152995
2.43	0.29333981097749395
2.44	0.296498453992657
2.45	0.29830673534798585
2.46	0.3584243957938467
2.47	0.6814923842722624
2.48	1.2290692787976718
2.49	1.141684622074809
2.5	0.8300854272258459
2.5100000000000002	0.35169897436501135
2.52	0.229185159083326
2.5300000000000002	0.19560976691125834
2.54	0.1639080071681895
2.5500000000000003	0.1926437714720737
2.56	0.20089265194613679
2.57	0.19913054090971288
2.58	0.19947662998052526
2.59	0.1859216286972876
2.6	0.1924874724529928
2.61	0.18824066471769124
2.62	0.16915210693877591
2.63	0.17434257209314846
2.64	0.1687832789071365
2.65	0.15757550083315477
2.66	0.14253476315255154
2.67	0.12557784427725116
2.68	0.12222796770756997
2.69	0.12003272115366673
2.7	0.10828266731736141
2.71	0.10258483694970211
2.72	0.09325136835313533
2.73	0.09313499582541902
2.74	0.08690838065251721
2.75	2.297268648953331
2.7600000000000002	2.9096584649437554
2.77	0.8612737106098932
2.7800000000000002	0.20347004030155566
2.79	0.14396623601044764
2.8000000000000003	0.27215404357556433
2.81	0.003535811723759368
2.82	0.0020062530404922627
2.83	0.0013244174944704655
2.84	0.0009314817317618715
2.85	0.000686916667158672
2.86	0.0005240078580229144
2.87	0.00041027774434388407
2.88	0.00032799266089773876
2.89	0.0002667423806555037
2.9	0.00022007498672771956
2.91	0.00018381644806721227
2.92	0.00015517189376110555
2.93	0.00013221470867888358
2.94	0.00011358191112757491
2.95	0.00009828971777576567
2.96	0.00008561433031450239
2.97	0.00007501429780810187
2.98	0.00006607857258705104
2.99	0.0000584910189996549
3.	0.00005200569437418984