0.	0.000841293575080591
0.01	0.0009123018696164085
0.02	0.0009926820887768352
0.03	0.0011582245488936569
0.04	0.0011884616656872387
0.05	0.0012256376239522697
0.06	0.0011620953293375092
0.07	0.0014078361137383828
0.08	0.0012255174242999137
0.09	0.0014181289718897517
0.1	0.0014890906461863746
0.11	0.0016250375816662692
0.12	0.00167069813525544
0.13	0.001986573509042422
0.14	0.0020341437152002636
0.15	0.002076838332080289
0.16	0.002282647896622104
0.17	0.002586468788071547
0.18	0.0024695953583818934
0.19	0.002800058461642482
0.2	0.002655008593236106
0.21	0.0033102133959786338
0.22	0.0036813037594134765
0.23	0.0037147025293511127
0.24	0.004275227381659391
0.25	0.0046265398587769175
0.26	0.004388365160451781
0.27	0.006093943700204335
0.28	0.005952790093244956
0.29	0.007130716249473593
0.3	0.007958639959147718
0.31	0.008615320974166124
0.32	0.009636683925596249
0.33	0.012776012664563652
0.34	0.014357718838374578
0.35000000000000003	0.01637482360700075
0.36	0.019131122248149467
0.37	0.023837805956383504
0.38	0.03235804384746957
0.39	0.0447942920627266
0.4	0.06544247478558671
0.41000000000000003	0.22036467576604238
0.42	0.5539972523165423
0.43	3.071337019428892
0.44	119.93019749744103
0.45	12.355309768169917
0.46	11.96591459850076
0.47000000000000003	32.242020276602474
0.48	51.40467820293294
0.49	120.14970135676778
0.5	171.91291726437916
0.51	84.70624006351294
0.52	34.3802520981343
0.53	7.807122548021866
0.54	7.805408573586571
0.55	6.0407547932929555
0.56	7.23674411350976
0.5700000000000001	8.299025578762386
0.58	5.309339239003255
0.59	6.264589557558369
0.6	1.568588501943415
0.61	1.0957490928633324
0.62	0.8808362884329811
0.63	0.8131486777014283
0.64	0.8270563083090191
0.65	0.780127554022604
0.66	0.9934752540267074
0.67	1.2700012483224559
0.68	1.3361085474491288
0.6900000000000001	1.9681982487828247
0.7000000000000001	2.961885963492213
0.71	4.408223207396318
0.72	7.029748419925678
0.73	2.888892277805118
0.74	1.9208634337415291
0.75	1.5217071137962672
0.76	1.2669272695379528
0.77	1.030200036630494
0.78	0.9931014742816445
0.79	0.9154542339109324
0.8	0.8363908024060713
0.81	0.7784217967880904
0.8200000000000001	0.7511232161025948
0.8300000000000001	0.7657582060679338
0.84	0.8257181441482798
0.85	0.8524157346603604
0.86	0.995141038285389
0.87	1.1778341670814563
0.88	1.2532064323208874
0.89	1.6245971994468646
0.9	2.027145000643897
0.91	2.9283304807137815
0.92	6.268658568722669
0.93	3.3287203379422006
0.9400000000000001	2.2620361115839973
0.9500000000000001	1.5110082025075444
0.96	1.165188823390216
0.97	0.8410000332941653
0.98	0.6339232015141727
0.99	0.624986593412225
1.	0.6137906919580989
1.01	0.5808903481509107
1.02	0.5658415426885652
1.03	0.49840221816478214
1.04	0.5539568507061396
1.05	0.5012776214658143
1.06	0.4602932446309601
1.07	0.4131588557404076
1.08	0.4336829609913573
1.09	0.4491001859851688
1.1	0.45469349937377534
1.11	0.47201347687020073
1.12	0.45452336472987226
1.1300000000000001	0.5016000727023813
1.1400000000000001	0.5027967856940287
1.1500000000000001	0.5189749745862329
1.16	0.48110854292016253
1.17	0.4507292587550201
1.18	0.494474392649366
1.19	0.5028244584352392
1.2	0.49271566806364386
1.21	0.47301906316708997
1.22	0.49390776884245124
1.23	0.4661950884049106
1.24	0.48749979922655984
1.25	0.4851185053087239
1.26	0.4844118676085041
1.27	0.43800767585654377
1.28	0.48551559095945435
1.29	0.4577415316452005
1.3	0.44738038451244017
1.31	0.4681218123473195
1.32	0.4768475787513205
1.33	0.4591610798225689
1.34	0.46516369097114313
1.35	0.4598953877179224
1.36	0.4456483558443135
1.37	0.43240497266642375
1.3800000000000001	0.45634704670445636
1.3900000000000001	0.4304597807127747
1.4000000000000001	0.4361921193304533
1.41	0.4527403592407528
1.42	0.47260288592240407
1.43	0.5075756511619753
1.44	0.5226499530197205
1.45	0.5527136579682935
1.46	0.5763280068163782
1.47	0.6843224527184514
1.48	0.6853239525229952
1.49	0.8398103015208677
1.5	0.9468354332038463
1.51	1.0986212226744918
1.52	1.4174415312015791
1.53	2.4579770133468584
1.54	2.1164365848057916
1.55	2.167209954808851
1.56	1.0347790849507614
1.57	0.7447273292838333
1.58	0.6867566289761207
1.59	0.6877919741799454
1.6	0.6887768093749675
1.61	0.7248806631896056
1.62	0.7587778781524671
1.6300000000000001	0.7989550310213013
1.6400000000000001	0.7946290345592332
1.6500000000000001	0.7679739253014377
1.6600000000000001	0.8131875742836624
1.67	0.8028243162633377
1.68	0.8087219650286152
1.69	0.7912268263147639
1.7	0.7903732072681792
1.71	0.7946644429735165
1.72	0.7660915946634306
1.73	0.7765450047747018
1.74	0.7722585042121742
1.75	0.7534991164508362
1.76	0.7416383919445304
1.77	0.7295353031982795
1.78	0.7263253294470642
1.79	0.7314284425534529
1.8	0.6768020003419717
1.81	0.6881069244142113
1.82	0.6515535624443778
1.83	0.6714387310754424
1.84	0.6277671358273436
1.85	0.5983208453173904
1.86	0.5538677042380352
1.87	0.5446000976919367
1.8800000000000001	0.5627897841558931
1.8900000000000001	0.5489677331120026
1.9000000000000001	0.5263567083874515
1.9100000000000001	0.5173236466522869
1.92	0.4963619078619295
1.93	0.4672982997295727
1.94	0.4568373085868764
1.95	0.42839042764456975
1.96	0.42231735220852534
1.97	0.37705444841589203
1.98	0.377606938059124
1.99	0.39943291164943484
2.	0.3660309035027404
2.0100000000000002	0.43660386904157544
2.02	0.44857862529880416
2.0300000000000002	0.5457736560722667
2.04	0.735384940112577
2.05	1.7381678039780473
2.06	2.444072456548794
2.07	1.2774206055779753
2.08	0.7862033873279284
2.09	0.534831846057939
2.1	0.4107459908325459
2.11	0.42383116860872916
2.12	0.46086146731183725
2.13	0.4718322375945394
2.14	0.4975404957321167
2.15	0.513240118606574
2.16	0.487202588571159
2.17	0.508590217436996
2.18	0.49964972621239134
2.19	0.49314170561254206
2.2	0.5160190658873046
2.21	0.48080726409664953
2.22	0.4855481340893561
2.23	0.4552329414652515
2.24	0.4724027812971341
2.25	0.44636763735527923
2.2600000000000002	0.4722591561633685
2.27	0.45873349161274296
2.2800000000000002	0.4222106277112169
2.29	0.41486464510352516
2.3000000000000003	0.39560911314379926
2.31	0.36873721392632774
2.32	0.38143539907886614
2.33	0.3758382242671125
2.34	0.36736865060745705
2.35	0.3285751484166527
2.36	0.30819968141895654
2.37	0.3020625415953423
2.38	0.2821075706252667
2.39	0.27619302106279897
2.4	0.25793357922522636
2.41	0.24415850891238028
2.42	0.23769267500257416
2.43	0.24542252392561956
2.44	0.25173589753942405
2.45	0.277194819306976
2.46	0.3797597087831091
2.47	0.6817315816675037
2.48	1.2260835087734607
2.49	0.7046324892033365
2.5	0.67521309762792
2.5100000000000002	0.2658705231776754
2.52	0.1862777859667871
2.5300000000000002	0.1592782011064168
2.54	0.1410172480953176
2.5500000000000003	0.1727643978094554
2.56	0.16987460305105884
2.57	0.15108562259747407
2.58	0.16000050476801014
2.59	0.1763156524018036
2.6	0.15767743995799988
2.61	0.15384773639723417
2.62	0.14878838339111372
2.63	0.1419902905861437
2.64	0.12485846904830501
2.65	0.11981138516566224
2.66	0.09366836307907034
2.67	0.09569697054704245
2.68	0.09882629675359235
2.69	0.09540926673935209
2.7	0.08285675511425726
2.71	0.07584418234740262
2.72	0.08071432240184098
2.73	0.07080808471663838
2.74	0.07505160880260915
2.75	1.0832666439677863
2.7600000000000002	3.1186440527040933
2.77	1.8955735176530975
2.7800000000000002	0.9559435390399599
2.79	0.3136805246727565
2.8000000000000003	0.014696957675104205
2.81	0.006771513510863608
2.82	0.024409954107295823
2.83	0.002133671457254381
2.84	0.0013589080073676536
2.85	0.001009318737883868
2.86	0.0007534231351748822
2.87	0.0006363717195814132
2.88	0.0005282665957720293
2.89	0.0004653387385317357
2.9	0.0003850981478907153
2.91	0.00034189127878485125
2.92	0.0002878002336622186
2.93	0.00024192922650067569
2.94	0.000222414151394867
2.95	0.00019567523922933006
2.96	0.00016794489142939005
2.97	0.00015108286780427164
2.98	0.0001288720393092207
2.99	0.00011704281445125756
3.	0.0001022016539886931