0.	0.0010000967909083202
0.01	0.0010270840731420674
0.02	0.0009985006241843939
0.03	0.0012154733769656385
0.04	0.001196130370311935
0.05	0.001167864310341053
0.06	0.0013890050606292508
0.07	0.0013661406441464851
0.08	0.0013695378361229741
0.09	0.001501864878132536
0.1	0.0016814889629187637
0.11	0.001477973453383664
0.12	0.0018598044751672077
0.13	0.001763444852997152
0.14	0.00202742526368902
0.15	0.0020813414245204483
0.16	0.0021805690999868056
0.17	0.0024873379914584423
0.18	0.0024412692848567816
0.19	0.002609718872429398
0.2	0.00279214700483115
0.21	0.00330847109328564
0.22	0.0033402655463375844
0.23	0.003794804455830356
0.24	0.004076792485093238
0.25	0.0046646015370194515
0.26	0.004674931592926063
0.27	0.005486320429781698
0.28	0.005319185669245023
0.29	0.00716301784517271
0.3	0.008039296227901106
0.31	0.008801422329907488
0.32	0.00913405731961452
0.33	0.010437802700251674
0.34	0.013720119168385654
0.35000000000000003	0.014787365892750056
0.36	0.0172882509649011
0.37	0.023411071656735543
0.38	0.031255375067602925
0.39	0.04245671150171318
0.4	1.2419016070915045
0.41000000000000003	0.12785055009390203
0.42	0.47966097623786147
0.43	4.264183321033448
0.44	1.662646525782831
0.45	1.8885934232025214
0.46	12.001269629783467
0.47000000000000003	18.87795002207716
0.48	36.03837153795083
0.49	65.71489843661482
0.5	310.1746970356733
0.51	106.48240126531257
0.52	84.32759446170923
0.53	5.505149507521938
0.54	5.827287083398268
0.55	7.039475663623371
0.56	5.615749137055129
0.5700000000000001	27.21911755402747
0.58	16.744457844842014
0.59	9.57588865378293
0.6	1.546344462633682
0.61	1.0319330988250157
0.62	0.8319913078664775
0.63	0.7520502630489939
0.64	0.7659614520201683
0.65	0.7049484856524578
0.66	0.9115415162169345
0.67	0.8886729497090803
0.68	1.269291040436721
0.6900000000000001	1.6149929348889656
0.7000000000000001	2.7373087161227403
0.71	4.359453922073542
0.72	6.820648151794706
0.73	2.9740079256774563
0.74	2.1091309217485747
0.75	1.5661650107902894
0.76	1.2641389266355185
0.77	1.0930608846680612
0.78	0.9890950722938249
0.79	0.8619642170265612
0.8	0.7303633441850641
0.81	0.7473779278356728
0.8200000000000001	0.7655408056046604
0.8300000000000001	0.731398571358089
0.84	0.7733379763837833
0.85	0.8263456924071284
0.86	0.8659224435005917
0.87	1.0394590258362146
0.88	1.278620067909158
0.89	1.5265346930116868
0.9	1.775727071474707
0.91	2.4881869667249674
0.92	4.94317797246611
0.93	3.1579793130236893
0.9400000000000001	2.048278603105463
0.9500000000000001	1.543253832224008
0.96	1.1311672233014405
0.97	0.8149622360230936
0.98	0.6745142048613731
0.99	0.6080186651148723
1.	0.6094363715633874
1.01	0.5849156814701482
1.02	0.5552663239400207
1.03	0.49077476922274665
1.04	0.655007235501286
1.05	0.6235119294873931
1.06	0.5429441068537956
1.07	0.47007816968871385
1.08	0.45333953182488634
1.09	0.45891926480183143
1.1	0.4305401363569631
1.11	0.4251133454747053
1.12	0.4295577109768265
1.1300000000000001	0.4282388530321506
1.1400000000000001	0.4402392149849621
1.1500000000000001	0.4345148618439231
1.16	0.4032836792440609
1.17	0.43111488419269345
1.18	0.4244021836220749
1.19	0.4011656735767747
1.2	0.4041268263793745
1.21	0.43510960143860994
1.22	0.4260448037025578
1.23	0.40798022673813616
1.24	0.4095772124511968
1.25	0.43417628744613074
1.26	0.422688557897581
1.27	0.43268355341135706
1.28	0.42680485875052115
1.29	0.4205957105417131
1.3	0.430203641794536
1.31	0.44002490299033037
1.32	0.42258905991840995
1.33	0.4073514735718529
1.34	0.41440640666426143
1.35	0.4078457848669461
1.36	0.4195200266338732
1.37	0.4104387647168808
1.3800000000000001	0.40940875738922816
1.3900000000000001	0.45698912124953994
1.4000000000000001	0.43072469920027096
1.41	0.4949688681261773
1.42	0.5010325122905744
1.43	0.5009667253979633
1.44	0.5517978517265076
1.45	0.5785558906436904
1.46	0.6524509180549024
1.47	0.7085449745675719
1.48	0.8062961925318088
1.49	0.9685377539007958
1.5	1.1388414109613516
1.51	1.427812766372661
1.52	1.9465914482445845
1.53	3.586533186822195
1.54	4.258732336561718
1.55	3.5347878718422825
1.56	1.7661548056607292
1.57	1.3120651276770254
1.58	0.6040927377154853
1.59	0.4493458618431523
1.6	0.4157198514691993
1.61	0.43822402884631195
1.62	0.48389961219067473
1.6300000000000001	0.5078763134691221
1.6400000000000001	0.520061767477126
1.6500000000000001	0.5301841931148729
1.6600000000000001	0.5359717457094716
1.67	0.5202691628696311
1.68	0.514781883596336
1.69	0.5649102189511518
1.7	0.5425993873133729
1.71	0.5316912182420671
1.72	0.5496140404677883
1.73	0.5453162760151986
1.74	0.5278254972499699
1.75	0.5329419912636117
1.76	0.5237848141018011
1.77	0.49795685062628914
1.78	0.5016131348377206
1.79	0.4978348207535539
1.8	0.4881972822213712
1.81	0.4535821221978078
1.82	0.480098280442832
1.83	0.45409588010642377
1.84	0.453425149805046
1.85	0.40053369452996856
1.86	0.4142886649410012
1.87	0.3752081030775585
1.8800000000000001	0.3630212235863404
1.8900000000000001	0.3595654751636646
1.9000000000000001	0.36746312611214094
1.9100000000000001	0.34943702358084827
1.92	0.3704475351719975
1.93	0.33615118028859287
1.94	0.3306813629246574
1.95	0.33126264199471717
1.96	0.32393131728624835
1.97	0.3260664055503039
1.98	0.3210866320195553
1.99	0.3546350413841792
2.	0.36059974776453646
2.0100000000000002	0.4581650105692349
2.02	0.5199286158070027
2.0300000000000002	0.6624119328648974
2.04	0.9738273122094728
2.05	2.4778963392993028
2.06	4.143709232712362
2.07	2.182844557179397
2.08	1.27384294844588
2.09	0.7050772958976557
2.1	0.45766800741086394
2.11	0.319694109741024
2.12	0.27904470505718315
2.13	0.25830259900422986
2.14	0.2671705724482978
2.15	0.29001005935630314
2.16	0.2831075514227641
2.17	0.3033378109797559
2.18	0.2930661466421783
2.19	0.2942760666575873
2.2	0.3201673300362179
2.21	0.3070667306184676
2.22	0.32089554404743176
2.23	0.29333186510491566
2.24	0.3062951743484579
2.25	0.29924925579516015
2.2600000000000002	0.2821639959325044
2.27	0.250272647497866
2.2800000000000002	0.2675624659069146
2.29	0.2750387104127606
2.3000000000000003	0.25893366064482926
2.31	0.24098794898819553
2.32	0.23271328353146636
2.33	0.23196849536292252
2.34	0.21373216712249093
2.35	0.2202975462160262
2.36	0.19987713563852988
2.37	0.19584239427942185
2.38	0.17556382796474526
2.39	0.19365490232023413
2.4	0.19327684282541682
2.41	0.17909955019304938
2.42	0.20208036160843945
2.43	0.21501564142410917
2.44	0.2349748643424665
2.45	0.29098788256246405
2.46	0.40463086779536295
2.47	0.850359325550491
2.48	1.9389700073519747
2.49	1.427765692052002
2.5	1.3108705175210116
2.5100000000000002	0.6868223429000807
2.52	0.34310141934173444
2.5300000000000002	0.29285247834183986
2.54	0.21135105051953998
2.5500000000000003	0.15438669479470493
2.56	0.1295026583338695
2.57	0.10667810785405697
2.58	0.10559692126417862
2.59	0.10891781089697007
2.6	0.10706586980904725
2.61	0.09153527616803141
2.62	0.0854880161684814
2.63	0.07553683181981771
2.64	0.1018104765850861
2.65	0.07397310642198045
2.66	0.0809361512705417
2.67	0.08086651075921367
2.68	0.0729637767000263
2.69	0.0686192065990099
2.7	0.07328682166585745
2.71	0.06936375324113549
2.72	0.06683987405541905
2.73	0.07448586022144675
2.74	0.09321061156327841
2.75	1.7101494708330789
2.7600000000000002	9.96496035383759
2.77	2.619253498391856
2.7800000000000002	4.753223468713686
2.79	0.2284368878453736
2.8000000000000003	0.03638195099436182
2.81	0.03794410446309989
2.82	0.04353034676992752
2.83	0.0048728952491582
2.84	0.002285263784932171
2.85	0.0015802094461502142
2.86	0.0012411046978093956
2.87	0.0009540411546354932
2.88	0.0007485540772377134
2.89	0.0006344970723762004
2.9	0.0005482476575256059
2.91	0.00043107847934065283
2.92	0.00033104708279089643
2.93	0.00031436100219833893
2.94	0.00026442946620674026
2.95	0.00022493847419727638
2.96	0.0001957744802788954
2.97	0.00019097759254519908
2.98	0.0001608112776360941
2.99	0.0001348609798539035
3.	0.00013604488393438862