-2.	1.051278115147015e-9
-1.99	9.921271166175137e-10
-1.98	1.073283672140668e-9
-1.97	1.005484929499672e-9
-1.96	1.2474483682782666e-9
-1.95	1.0872410859884538e-9
-1.94	1.1264783985822858e-9
-1.93	1.1659491080483007e-9
-1.92	1.238266981491419e-9
-1.91	1.2287655276834875e-9
-1.9	1.3481144890759197e-9
-1.89	1.6630106574599462e-9
-1.88	1.6868724985635746e-9
-1.87	1.3640288638016081e-9
-1.8599999999999999	1.4403663398384898e-9
-1.85	1.8311651866578035e-9
-1.84	1.6271302609076984e-9
-1.83	1.7223250632023728e-9
-1.82	1.6363911869721365e-9
-1.81	2.0939692543401775e-9
-1.8	2.1082951624561348e-9
-1.79	2.128114631693599e-9
-1.78	2.0218399513939e-9
-1.77	2.276063065343422e-9
-1.76	2.508818846265014e-9
-1.75	2.4319530990830796e-9
-1.74	3.0948781750100203e-9
-1.73	3.1930849554052264e-9
-1.72	2.5560535662307634e-9
-1.71	2.671293613868061e-9
-1.7	3.6292090351975813e-9
-1.69	3.6102287689435625e-9
-1.68	2.5471248600800747e-9
-1.67	3.75283114747292e-9
-1.66	3.2780843917432052e-9
-1.65	3.970414660617501e-9
-1.6400000000000001	5.030504778574959e-9
-1.63	4.700482314149053e-9
-1.62	3.871633152785199e-9
-1.6099999999999999	5.706761063872749e-9
-1.6	6.2833574475363e-9
-1.5899999999999999	5.581216722753354e-9
-1.58	7.925672671240208e-9
-1.57	6.2403714702570395e-9
-1.56	4.784403367342272e-9
-1.55	6.823799019654103e-9
-1.54	7.806165901072915e-9
-1.53	9.526599291678172e-9
-1.52	1.2352592070146455e-8
-1.51	8.896997457209041e-9
-1.5	9.72964238484844e-9
-1.49	1.1194090285961011e-8
-1.48	9.560754497446278e-9
-1.47	1.4685061627401304e-8
-1.46	1.571749758408779e-8
-1.45	1.1226668276207765e-8
-1.44	1.5644909006960443e-8
-1.43	2.246188343749202e-8
-1.42	1.7041633233267858e-8
-1.4100000000000001	2.0340424315269334e-8
-1.4	1.6326836425437768e-8
-1.3900000000000001	1.5123241003764277e-8
-1.38	2.5427980950973003e-8
-1.37	2.24262086684764e-8
-1.3599999999999999	3.0401648661274714e-8
-1.35	2.360554357626241e-8
-1.3399999999999999	2.9184548141145942e-8
-1.33	2.5550693422826813e-8
-1.3199999999999998	3.6363342953661553e-8
-1.31	3.347070143116192e-8
-1.2999999999999998	4.949002720106317e-8
-1.29	3.100888127615182e-8
-1.28	6.82588213712763e-8
-1.27	6.445918709394867e-8
-1.26	5.527295709627203e-8
-1.25	4.985793782243498e-8
-1.24	6.600444159064523e-8
-1.23	6.726828047694737e-8
-1.22	6.008983636629736e-8
-1.21	1.0912867543622453e-7
-1.2	1.2762011233556537e-7
-1.19	1.218348740858866e-7
-1.18	9.642979856186073e-8
-1.17	1.2119753899143795e-7
-1.1600000000000001	1.0760725226058347e-7
-1.15	2.6160094800876977e-7
-1.1400000000000001	2.0457005526991306e-7
-1.13	2.867724454515659e-7
-1.12	2.471207496694169e-7
-1.1099999999999999	2.968561477923955e-7
-1.1	2.794583073142048e-7
-1.0899999999999999	2.919966261237226e-7
-1.08	3.8390596138759694e-7
-1.0699999999999998	3.4252743727623815e-7
-1.06	4.884741320618599e-7
-1.0499999999999998	7.495674703080224e-7
-1.04	7.131982096952158e-7
-1.03	6.039739783905151e-7
-1.02	9.859850702237431e-7
-1.01	7.926877806956694e-7
-1.	8.045711819964494e-7
-0.99	1.2117825051705145e-6
-0.98	1.5584956615540652e-6
-0.97	2.123018763618519e-6
-0.96	1.7850993035383095e-6
-0.95	3.011839756616799e-6
-0.94	2.361188078070545e-6
-0.9299999999999999	4.252408000157351e-6
-0.9199999999999999	4.074200719590269e-6
-0.9099999999999999	7.048601961089985e-6
-0.8999999999999999	9.646549419108001e-6
-0.8899999999999999	0.000010438402881749963
-0.8799999999999999	9.51066129495544e-6
-0.8699999999999999	0.00001561287481315142
-0.8599999999999999	0.00001848862942934967
-0.8499999999999999	0.00002307879719220074
-0.8400000000000001	0.000027401980668222386
-0.8300000000000001	0.00002765013680804367
-0.8200000000000001	0.00004926019953232203
-0.81	0.00007039502512634394
-0.8	0.00011342494627181812
-0.79	0.00011205210378860577
-0.78	0.0004079537725997261
-0.77	0.0008064507392304123
-0.76	0.398132041860001
-0.75	0.3612951409248584
-0.74	0.4067407714485098
-0.73	0.45146907156058913
-0.72	0.5022023924068455
-0.71	0.5382611391958219
-0.7	0.5700709205770554
-0.69	0.6038058049765289
-0.6799999999999999	0.6291344882357446
-0.6699999999999999	0.6693161733242736
-0.6599999999999999	0.715052391615523
-0.6499999999999999	0.755410648846912
-0.6399999999999999	0.7401382770046141
-0.6299999999999999	0.7268296948829083
-0.6199999999999999	0.761614760573963
-0.6099999999999999	0.8288914871765526
-0.5999999999999999	0.8743925225673136
-0.5900000000000001	0.9262046746805715
-0.5800000000000001	0.9585123083430933
-0.5700000000000001	0.9912700392668764
-0.56	1.037522451517381
-0.55	1.0656376903195055
-0.54	1.1199339881396482
-0.53	1.1449639166623915
-0.52	1.2020554726775277
-0.51	1.2259365116484153
-0.5	1.2951986533036066
-0.49	1.3590530181324776
-0.48	1.4594650802754632
-0.47	1.1450246421710968
-0.45999999999999996	0.8169359639797605
-0.44999999999999996	0.8948171831023336
-0.43999999999999995	0.9441311014490907
-0.42999999999999994	1.005148487803162
-0.41999999999999993	1.0370454254955543
-0.4099999999999999	1.0660368639397604
-0.3999999999999999	1.1153247229363004
-0.3899999999999999	1.1432475545785314
-0.3799999999999999	1.1727548190829111
-0.3699999999999999	1.1998438522372725
-0.3599999999999999	1.2026649097888717
-0.34999999999999987	1.2264959467061531
-0.33999999999999986	1.2495221504470064
-0.33000000000000007	1.2758058834020622
-0.32000000000000006	1.2848314563009509
-0.31000000000000005	1.3349012141311067
-0.30000000000000004	1.3228292249220208
-0.29000000000000004	1.3494663347249771
-0.28	1.3501217950444826
-0.27	1.331696075875535
-0.26	1.2234919424009851
-0.25	0.978005779708255
-0.24	0.6338104900459286
-0.22999999999999998	1.0648513157706563
-0.21999999999999997	0.8072565416529767
-0.20999999999999996	0.4310309269019799
-0.19999999999999996	0.3644004286002265
-0.18999999999999995	0.3394731823792379
-0.17999999999999994	0.36619214581756404
-0.16999999999999993	0.3529604511478297
-0.15999999999999992	0.38040429768339984
-0.1499999999999999	0.3865268949232252
-0.1399999999999999	0.4238756995806456
-0.1299999999999999	0.5094938912615266
-0.11999999999999988	0.772505675407585
-0.10999999999999988	3.146829353043961
-0.09999999999999987	1.3402042513574735
-0.08999999999999986	0.4693128399127885
-0.08000000000000007	0.31344249547419456
-0.07000000000000006	0.3121367942218721
-0.06000000000000005	3.2115938678086886
-0.050000000000000044	7.773725439180071
-0.040000000000000036	0.03931111424349345
-0.030000000000000027	0.03252146594590723
-0.020000000000000018	0.0016520961296490433
-0.010000000000000009	0.00018494967993653723
0.	0.000029618461663946096
0.010000000000000231	0.0004660065866781622
0.020000000000000018	0.000227259734104347
0.03000000000000025	0.000666482068633402
0.040000000000000036	0.0014078215143794304
0.04999999999999982	0.003324357080803324
0.06000000000000005	0.016692931487778714
0.06999999999999984	0.3471614727830765
0.08000000000000007	0.43877270891147246
0.08999999999999986	0.5120332600703481
0.10000000000000009	0.5427172373626447
0.10999999999999988	0.6027185298910878
0.1200000000000001	0.6596137180780598
0.1299999999999999	0.5829781437160666
0.14000000000000012	0.6900685145518018
0.1499999999999999	0.7665645650130475
0.16000000000000014	0.8611062961470393
0.16999999999999993	0.9358000921717484
0.18000000000000016	1.001938335945617
0.18999999999999995	1.0758971480206643
0.20000000000000018	1.1044276767623673
0.20999999999999996	1.2019943078611421
0.2200000000000002	1.2814981356460917
0.22999999999999998	0.8772913960192678
0.2400000000000002	0.8878158126772332
0.25	1.0974402220771262
0.26000000000000023	1.2364895083015792
0.27	1.316939571105108
0.28000000000000025	1.318589111309998
0.29000000000000004	1.144657141324078
0.30000000000000027	0.934891175271313
0.31000000000000005	0.6671100325225912
0.31999999999999984	0.5659326999389798
0.33000000000000007	0.5084182972606998
0.33999999999999986	0.48448450643661123
0.3500000000000001	0.5352855981817901
0.3599999999999999	0.5611820615283284
0.3700000000000001	0.5974168799698955
0.3799999999999999	0.5941767694761346
0.3900000000000001	0.6166111074465189
0.3999999999999999	0.6259503575683696
0.41000000000000014	0.6626541137444526
0.41999999999999993	0.659220971842825
0.43000000000000016	0.6258495952240598
0.43999999999999995	0.6246496128930347
0.4500000000000002	0.6403603010053165
0.45999999999999996	0.6398048498414519
0.4700000000000002	1.1316623499452694
0.48	0.596593649336685
0.4900000000000002	0.42362575177965245
0.5	0.41342625283549994
0.5100000000000002	0.4125696148971085
0.52	0.4068517837989593
0.5300000000000002	0.3501563137598964
0.54	0.33370659171413003
0.5500000000000003	0.3189650196791705
0.56	0.3256566325266191
0.5699999999999998	0.33779708243582157
0.5800000000000001	0.3421583839172298
0.5899999999999999	0.347639551252161
0.6000000000000001	0.3548623875357464
0.6099999999999999	0.36113756614931913
0.6200000000000001	0.3852798553571765
0.6299999999999999	0.40049566467295705
0.6400000000000001	0.4848396494677668
0.6499999999999999	0.32547313477942114
0.6600000000000001	0.2016187775272972
0.6699999999999999	0.1785048713635399
0.6800000000000002	0.20252735652509546
0.69	0.167068963450833
0.7000000000000002	0.18035411810801816
0.71	0.15394143406429792
0.7200000000000002	0.1055324490557588
0.73	0.1283543578092867
0.7400000000000002	0.13908144659431554
0.75	0.15393117669496628
0.7600000000000002	0.3220987620353323
0.77	0.013793334861317548
0.7800000000000002	0.12060582794418236
0.79	0.1452636179426889
0.8000000000000003	0.009075961774805009
0.81	0.00810762297289642
0.8199999999999998	0.014467193800227946
0.8300000000000001	0.04622058594520572
0.8399999999999999	0.571888715151619
0.8500000000000001	0.07694991730344193
0.8599999999999999	0.3507940440942744
0.8700000000000001	0.017406989773981654
0.8799999999999999	0.00309150915615429
0.8900000000000001	0.0014512121748666087
0.8999999999999999	0.000908351809909463
0.9100000000000001	0.0005689794914120035
0.9199999999999999	0.00028984882489538355
0.9300000000000002	0.00023984513540689244
0.94	0.00022106833148230687
0.9500000000000002	0.0001008651164142559
0.96	0.00009529649042260357
0.9700000000000002	0.00005249857925204135
0.98	0.00004526892972992939
0.9900000000000002	0.00004154012383827543
1.	0.000048918225007767716
1.0100000000000002	0.000017518725730245177
1.02	0.000015859977078792764
1.0300000000000002	0.000017056786167673568
1.04	9.951083191978307e-6
1.0500000000000003	0.00001307601558631695
1.06	6.181703095853745e-6
1.0700000000000003	8.441305916850013e-6
1.08	5.2361872989534044e-6
1.0899999999999999	6.053759677617433e-6
1.1	5.505014263054045e-6
1.1099999999999999	2.77450076638356e-6
1.12	2.7665115608416396e-6
1.13	2.5233573887174855e-6
1.1400000000000001	2.0878798181669407e-6
1.15	1.8608990615887528e-6
1.1600000000000001	1.3867492055003594e-6
1.17	1.1532177088997196e-6
1.1800000000000002	1.370991894262845e-6
1.19	1.0865638067573714e-6
1.2000000000000002	8.837595082672364e-7
1.21	7.506260516191509e-7
1.2200000000000002	6.11630949108599e-7
1.23	9.368177111735005e-7
1.2400000000000002	4.5571406788010406e-7
1.25	3.2008509672809936e-7
1.2600000000000002	2.8470340544882367e-7
1.27	4.574390673226132e-7
1.2800000000000002	4.0591663549633314e-7
1.29	2.9124515550729975e-7
1.3000000000000003	2.0604769010054073e-7
1.31	2.0017611558307858e-7
1.3200000000000003	1.8680272368952715e-7
1.33	1.2246569641126958e-7
1.3399999999999999	1.511184990951095e-7
1.35	7.825096275276996e-8
1.3599999999999999	1.227538973047774e-7
1.37	1.4050962763141245e-7
1.38	1.3854817355914635e-7
1.3900000000000001	8.05481570417601e-8
1.4	7.605099226556067e-8
1.4100000000000001	8.063985915648495e-8
1.42	8.366867108497348e-8
1.4300000000000002	5.046586816986839e-8
1.44	5.24078655186474e-8
1.4500000000000002	7.504125252367628e-8
1.46	5.264997052598238e-8
1.4700000000000002	7.556726065247931e-8
1.48	4.7120037373627374e-8
1.4900000000000002	5.667628992225932e-8
1.5	2.4925985047542632e-8
1.5100000000000002	3.7619511295496915e-8
1.52	3.356052667916671e-8
1.5300000000000002	3.660551805744161e-8
1.54	3.6353229062776204e-8
1.5500000000000003	2.554967448536515e-8
1.56	1.624612991421882e-8
1.5700000000000003	2.5228723589004237e-8
1.58	1.9610939115620884e-8
1.5899999999999999	1.7608766163031893e-8
1.6	2.483992152027545e-8
1.6099999999999999	1.9110835621517977e-8
1.62	2.0920432836241724e-8
1.63	1.1473029725790647e-8
1.6400000000000001	9.538238683222406e-9
1.65	1.2863086503599367e-8
1.6600000000000001	8.330261684689949e-9
1.67	9.33993763677551e-9
1.6800000000000002	7.880369757269124e-9
1.69	9.253352611878797e-9
1.7000000000000002	7.917741417429606e-9
1.71	7.194906441933711e-9
1.7200000000000002	8.45664695522914e-9
1.73	6.346638002041899e-9
1.7400000000000002	7.257933786878556e-9
1.75	6.992265980063672e-9
1.7600000000000002	5.606520400317785e-9
1.77	5.133003030018606e-9
1.7800000000000002	4.7009100599016394e-9
1.79	3.521546426270615e-9
1.8000000000000003	4.4350239654585795e-9
1.81	4.9850201204863e-9
1.8200000000000003	4.2772614693325135e-9
1.83	3.4453805510900993e-9
1.8399999999999999	3.639637385031522e-9
1.85	3.801066854349772e-9
1.8599999999999999	3.5173573937642273e-9
1.87	2.86972259625065e-9
1.88	2.9426918963649603e-9
1.8900000000000001	2.4552537829983846e-9
1.9	2.7180567313059272e-9
1.9100000000000001	2.230976385448783e-9
1.92	2.2927710990409987e-9
1.9300000000000002	2.3407296567266596e-9
1.94	2.0886629825112626e-9
1.9500000000000002	2.2620762216077064e-9
1.96	2.292910501125108e-9
1.9700000000000002	1.6893245182812816e-9
1.98	2.0409590856869184e-9
1.9900000000000002	1.4779166608493683e-9
2.	1.589445041893954e-9