0.	0.7776310500986784
0.01	1.0678589377334358
0.02	1.0357883630721874
0.03	0.9684224278539864
0.04	0.9413728980300081
0.05	0.9123280152031317
0.06	0.9922348322206573
0.07	1.0886967177725098
0.08	1.090847445887609
0.09	1.0699757400692858
0.1	1.0974219803959726
0.11	1.0328282209321762
0.12	0.9502316056853044
0.13	1.0007094230167282
0.14	1.0032935215144902
0.15	1.0027427826805906
0.16	1.031322379583712
0.17	1.0266876656800827
0.18	1.1388457526396703
0.19	1.1721630521401687
0.2	1.1663366888382742
0.21	1.1223342532786829
0.22	1.0529782123590563
0.23	0.9857348626167134
0.24	0.9928662118117395
0.25	0.9694628255174461
0.26	0.9538274818065129
0.27	0.9505733192481678
0.28	0.9915137226819971
0.29	1.001803842855443
0.3	1.117817511402588
0.31	1.1380362412809057
0.32	1.0960927250737154
0.33	1.0599735948330984
0.34	0.9570010698940024
0.35000000000000003	0.9203925580498067
0.36	0.9331796056441228
0.37	0.9478516439838561
0.38	0.9858971384416443
0.39	1.0108820609408478
0.4	1.0412660548889316
0.41000000000000003	1.045320827812981
0.42	1.1366947983253992
0.43	1.1133834123971902
0.44	1.1144741843932302
0.45	1.0517913703132749
0.46	0.9654546383184156
0.47000000000000003	0.8292129908989391
0.48	0.9753269739329105
0.49	0.8744965083719708
0.5	0.9729999834825953
0.51	1.040491392068292
0.52	1.0295785424963975
0.53	1.0916276455329257
0.54	1.1123601997966925
0.55	1.123362984756791
0.56	1.070272883455155
0.5700000000000001	1.009737414794444
0.58	1.0303497113225035
0.59	0.9750506285560593
0.6	0.8918595928664185
0.61	0.9778744446843783
0.62	0.9770476546900301
0.63	0.9468009750618973
0.64	0.987152452231813
0.65	1.0971689628915884
0.66	1.0069165164338685
0.67	1.1349442470771292
0.68	1.0949686331797852
0.6900000000000001	1.0166927578954823
0.7000000000000001	0.9514753572334584
0.71	0.8477916230227276
0.72	1.0067280830242018
0.73	0.9657103333926469
0.74	0.9125340698068773
0.75	0.9027123096170854
0.76	1.0677302859377291
0.77	0.9863099067830252
0.78	1.05560296339253
0.79	1.0386682973913999
0.8	1.00047510980146
0.81	0.9769355133595463
0.8200000000000001	0.9244687867815685
0.8300000000000001	0.8992895055717629
0.84	1.0172238649902983
0.85	0.844810063750507
0.86	0.8713577973923236
0.87	0.847583594005495
0.88	0.9892718508719235
0.89	0.91687413699152
0.9	0.8645602018043501
0.91	0.9466641135390962
0.92	0.9432699847367972
0.93	0.861405081995913
0.9400000000000001	0.9419620425567838
0.9500000000000001	0.9010885673180351
0.96	0.8497830785909571
0.97	0.7224355611580204
0.98	0.781620842329166
0.99	0.8303849439423663
1.	0.7485748530595604
1.01	0.6402530382783107
1.02	0.6312988595206012
1.03	0.7187802456707783
1.04	0.7001919422896894
1.05	0.6573660702348567
1.06	0.7221593971422683
1.07	0.668248806709448
1.08	0.6754839962725944
1.09	0.6579458606910881
1.1	0.7092183985695051
1.11	0.7423395958396986
1.12	0.6950636069021645
1.1300000000000001	0.6062142760847027
1.1400000000000001	0.6347182413684064
1.1500000000000001	0.6502483320293191
1.16	0.653590308506828
1.17	0.6769930723770875
1.18	0.6455736389183168
1.19	0.6193855221785519
1.2	0.6732783457386261
1.21	0.6734861132870249
1.22	0.6776257676948041
1.23	0.686971701567145
1.24	0.6628643255052502
1.25	0.600372520083271
1.26	0.5715454376460923
1.27	0.5701806572300743
1.28	0.6279497961127226
1.29	0.626717830700687
1.3	0.6017458308490532
1.31	0.5901812255770873
1.32	0.639191133865168
1.33	0.6737136228707553
1.34	0.6295630056396118
1.35	0.6269001080264288
1.36	0.6543974410303437
1.37	0.5884919954261574
1.3800000000000001	0.5058947005782286
1.3900000000000001	0.5277020629491567
1.4000000000000001	0.6010461534439264
1.41	0.5837959301474521
1.42	0.5447574499656708
1.43	0.5534776146868562
1.44	0.6498923119321697
1.45	0.6485034794501346
1.46	0.6248602276613244
1.47	0.5673339372820194
1.48	0.6309649099248801
1.49	0.5359123839885714
1.5	0.543934851600146
1.51	0.46134044518332396
1.52	0.5223311251155112
1.53	0.5487220358240908
1.54	0.5509449200514566
1.55	0.5064684454892264
1.56	0.6183200791608202
1.57	0.6589468724966175
1.58	0.5751874768664762
1.59	0.5229737821012459
1.6	0.5528251416183256
1.61	0.5794887299470703
1.62	0.5130999741871101
1.6300000000000001	0.37540597240749807
1.6400000000000001	0.4203909229993667
1.6500000000000001	0.5137389276877318
1.6600000000000001	0.4917280533899151
1.67	0.49013370896813246
1.68	0.607261861297233
1.69	0.6518503150731847
1.7	0.5708161781697737
1.71	0.4743166592960659
1.72	0.5280898629059909
1.73	0.5288618079622961
1.74	0.5239353330149286
1.75	0.3350240034145621
1.76	0.31768149070457
1.77	0.47951349045360186
1.78	0.4921206089423825
1.79	0.5191882087631845
1.8	0.5705439822078695
1.81	0.6233732992122905
1.82	0.5671394506175996
1.83	0.4543567644868712
1.84	0.42202889553993417
1.85	0.4752466382392705
1.86	0.5330414152669928
1.87	0.3426347133140609
1.8800000000000001	0.2987202200693376
1.8900000000000001	0.4283515267400315
1.9000000000000001	0.4555128130823639
1.9100000000000001	0.48948344669671073
1.92	0.5475336101065811
1.93	0.520114381804533
1.94	0.4670550788553936
1.95	0.4043864290093792
1.96	0.30695220350616503
1.97	0.28362981878371285
1.98	0.4137776336435161
1.99	0.27161056298316155
2.	0.07891934571425897