0.	0.7726516823173826
0.01	0.998077165296885
0.02	1.024261601939899
0.03	0.9669215111279226
0.04	0.9273774447035843
0.05	0.9361578222348111
0.06	1.0094917024858858
0.07	1.126384354767068
0.08	1.1117908985306724
0.09	1.0576870600626374
0.1	1.0680253483900044
0.11	1.0232514757418327
0.12	1.0412879568016946
0.13	1.0027800652360261
0.14	0.9872145516206395
0.15	1.0214007089692463
0.16	1.0617523485589646
0.17	1.0396333041516819
0.18	1.0984903193744695
0.19	1.1748862225361987
0.2	1.1923165299034562
0.21	1.1559392605480545
0.22	1.0910531099216632
0.23	1.0172401704949479
0.24	1.0176407172532291
0.25	0.9695154688449897
0.26	0.9418439539829064
0.27	0.9449669158907075
0.28	1.032743932650311
0.29	0.9917930717196761
0.3	1.1035186271420991
0.31	1.0962983579794692
0.32	1.1183712585311194
0.33	1.0600994632338976
0.34	0.9691375027277701
0.35000000000000003	0.9673306579671731
0.36	0.9593996378748854
0.37	0.9270011315648935
0.38	1.0020763696610588
0.39	1.0130731484615754
0.4	1.0525228369717268
0.41000000000000003	1.0434466518353738
0.42	1.1340783033043662
0.43	1.107037564453604
0.44	1.1684132597687649
0.45	1.0729088522019206
0.46	1.003710620982266
0.47000000000000003	0.8760540023755908
0.48	1.0334970183802648
0.49	0.9067333739277549
0.5	0.9721504278962139
0.51	1.0452134415589054
0.52	0.9924759188226951
0.53	1.0980158751269626
0.54	1.0722813552298347
0.55	1.1512689873850928
0.56	1.0885467892564815
0.5700000000000001	1.0195981440956676
0.58	1.0630430646415163
0.59	0.9528160913931997
0.6	0.9115500474380647
0.61	0.9969782911013616
0.62	1.0129261751281182
0.63	0.952659430162633
0.64	1.031891046334472
0.65	1.065516996891935
0.66	0.9977323554639592
0.67	1.1473183998630163
0.68	1.1117089982036927
0.6900000000000001	1.0462142512549073
0.7000000000000001	1.0153477612292907
0.71	0.8626914983716605
0.72	1.0477067005072545
0.73	0.9832594610009834
0.74	0.9319934515919331
0.75	0.9072702635429396
0.76	1.0834625991511702
0.77	1.0074150680725404
0.78	1.0533662929227008
0.79	1.026604295493589
0.8	1.0378027342857832
0.81	0.9561134985194781
0.8200000000000001	0.9630315640894456
0.8300000000000001	0.9228995797442884
0.84	1.0253017295403388
0.85	0.8863706202698989
0.86	0.8354000982347312
0.87	0.863752564298315
0.88	0.9873630223885502
0.89	0.9165122962053313
0.9	0.8989240530642933
0.91	0.9342695794669228
0.92	0.9566765926674204
0.93	0.8829894956604394
0.9400000000000001	0.9329695101454886
0.9500000000000001	0.886434082620522
0.96	0.8536047599327418
0.97	0.7257375771217512
0.98	0.7711962243713322
0.99	0.830430481339727
1.	0.7274529217545307
1.01	0.63851869037998
1.02	0.6120923038679899
1.03	0.7134922958818816
1.04	0.6995097160252931
1.05	0.6590269465128311
1.06	0.7240342904369411
1.07	0.6619094044183107
1.08	0.6762557508530369
1.09	0.6923590010020787
1.1	0.7269069742875395
1.11	0.7139760764717721
1.12	0.6741888239714265
1.1300000000000001	0.6053987572215681
1.1400000000000001	0.6442797251030234
1.1500000000000001	0.6667393635191665
1.16	0.649460088346092
1.17	0.6977577969099171
1.18	0.64526396374683
1.19	0.6063272464342977
1.2	0.6539846187338826
1.21	0.6621791530513856
1.22	0.701187792671708
1.23	0.6544993125089681
1.24	0.6608601688317214
1.25	0.5814076580248225
1.26	0.5770958689867411
1.27	0.5798781344272238
1.28	0.6495433428558396
1.29	0.6104994380549656
1.3	0.5805958036103769
1.31	0.615522827449092
1.32	0.6676997758571653
1.33	0.6631286457417633
1.34	0.6293267448353774
1.35	0.6307139823973561
1.36	0.6200942272582687
1.37	0.5602878164635142
1.3800000000000001	0.5495334286265608
1.3900000000000001	0.5460375394871605
1.4000000000000001	0.5776678357209846
1.41	0.6018033964101116
1.42	0.5419595478145451
1.43	0.5520217998852215
1.44	0.6463507134417085
1.45	0.6528214483402343
1.46	0.6187484743756057
1.47	0.5634066584645472
1.48	0.5854797254666253
1.49	0.539485542292054
1.5	0.555813278190453
1.51	0.4582268872287713
1.52	0.49293832861499415
1.53	0.548784802870888
1.54	0.511118930411327
1.55	0.5105731014400997
1.56	0.6230660772822445
1.57	0.6609001971388514
1.58	0.5887508967416264
1.59	0.5223138103693625
1.6	0.5390517457953911
1.61	0.5836796392231133
1.62	0.5179464893591611
1.6300000000000001	0.38166698964821444
1.6400000000000001	0.4117326334416525
1.6500000000000001	0.5193231717840404
1.6600000000000001	0.5159370682009757
1.67	0.5119186300597854
1.68	0.6138357326264209
1.69	0.6529079383021656
1.7	0.5782766610273237
1.71	0.4786327435511172
1.72	0.5337540909111336
1.73	0.5350439078913394
1.74	0.502838928694089
1.75	0.312733140218127
1.76	0.3255630380889081
1.77	0.490881713508671
1.78	0.48409138840064303
1.79	0.5061802469184746
1.8	0.586386787522848
1.81	0.6379365174449055
1.82	0.5383579664025486
1.83	0.46891430736007667
1.84	0.44265565258427064
1.85	0.4708606917666277
1.86	0.49335093092703064
1.87	0.3537252753879204
1.8800000000000001	0.31556371342055745
1.8900000000000001	0.44753986892500763
1.9000000000000001	0.46731754394566577
1.9100000000000001	0.5019974644567614
1.92	0.5719557624327952
1.93	0.5134230872261303
1.94	0.47389975626324027
1.95	0.3867535044431298
1.96	0.30359125026085054
1.97	0.2796490752797383
1.98	0.4177126705723231
1.99	0.3001068335972982
2.	0.08316289170012593