0.	12.89906889790743
0.01	12.20286382403276
0.02	9.232902245745008
0.03	16.142311177461824
0.04	7.893945418721151
0.05	11.001673125522661
0.06	13.003334557775132
0.07	13.574323421780887
0.08	13.008269288665714
0.09	7.499265829020444
0.1	11.09488736252656
0.11	8.91209414336352
0.12	12.528975059584667
0.13	13.96477303193234
0.14	14.63920933523817
0.15	14.931095682671288
0.16	15.038729081575097
0.17	14.980842716765913
0.18	14.722526798371373
0.19	13.946792334666691
0.2	7.129343044493695
0.21	9.72844097153925
0.22	9.928223001083367
0.23	13.054574964013584
0.24	14.187778706637136
0.25	14.69242295277285
0.26	14.936548324361466
0.27	15.074087196313057
0.28	15.162980278109945
0.29	15.16253267974755
0.3	15.167856712332517
0.31	15.085475254846653
0.32	14.948993169996516
0.33	14.668386932405305
0.34	13.958316851430666
0.35000000000000003	7.321412577988877
0.36	8.744531867192924
0.37	10.463815503079655
0.38	13.10128077239872
0.39	13.934329697743667
0.4	14.309894180248644
0.41000000000000003	14.531566086178522
0.42	14.644931181662036
0.43	14.699486077096505
0.44	14.744786311072515
0.45	14.754540885922074
0.46	14.76502875812474
0.47000000000000003	14.750115390892242
0.48	14.697316033683418
0.49	14.64745422934742
0.5	14.543535413403346
0.51	14.35594595420024
0.52	14.033861318653432
0.53	13.044224841598842
0.54	9.421193575599572
0.55	7.7684255227021115
0.56	11.42319344685116
0.5700000000000001	13.013234353082884
0.58	13.518068792812915
0.59	13.789573706205912
0.6	13.924454686342138
0.61	13.99349699224299
0.62	14.046265965208907
0.63	14.071438610905165
0.64	14.095879856462533
0.65	14.099756457819128
0.66	14.103406544467115
0.67	14.091356094970374
0.68	14.077725555218963
0.6900000000000001	14.036021670239585
0.7000000000000001	13.998590477513323
0.71	13.92603199560367
0.72	13.8203470959514
0.73	13.658845541763469
0.74	13.3402575005908
0.75	12.367630219694213
0.76	9.27518543512544
0.77	7.6724478080959875
0.78	11.247432409870926
0.79	12.451708484090966
0.8	12.861090009186151
0.81	13.049748441774598
0.8200000000000001	13.15947916762075
0.8300000000000001	13.226307391937622
0.84	13.263646310912593
0.85	13.285628179692713
0.86	13.303229730604995
0.87	13.315396044910774
0.88	13.31552433421079
0.89	13.315610415316394
0.9	13.3101629518523
0.91	13.300237539827174
0.92	13.276674751042904
0.93	13.253136062997513
0.9400000000000001	13.217838045253124
0.9500000000000001	13.168558023927567
0.96	13.100887411307456
0.97	12.988621320593554
0.98	12.81712698677809
0.99	12.449107526760091
1.	10.50254594362617
1.01	8.780972921403183
1.02	8.413991094192104
1.03	11.159818977795465
1.04	11.87615462376313
1.05	12.135711205003048
1.06	12.26893891090305
1.07	12.349938279948875
1.08	12.397661152844732
1.09	12.423249739164971
1.1	12.44322346232678
1.11	12.453703904029895
1.12	12.460932437570214
1.1300000000000001	12.46478000596823
1.1400000000000001	12.46555004137129
1.1500000000000001	12.458586693536613
1.16	12.453054193951466
1.17	12.446356331973764
1.18	12.428525449259203
1.19	12.40823571744759
1.2	12.38337450185613
1.21	12.35146806070127
1.22	12.30521512820549
1.23	12.233752082715299
1.24	12.139636011060382
1.25	11.973615103114668
1.26	11.604189710845272
1.27	8.792981494713574
1.28	7.76747803116779
1.29	8.414078927132998
1.3	10.535944332995706
1.31	11.082882792963442
1.32	11.310745111465785
1.33	11.413691291418358
1.34	11.474504586513643
1.35	11.511036229567564
1.36	11.531612335759757
1.37	11.545914474053294
1.3800000000000001	11.55932704610781
1.3900000000000001	11.56257087950131
1.4000000000000001	11.567275705323278
1.41	11.568208370668128
1.42	11.564944597615545
1.43	11.562243030594384
1.44	11.555892953273787
1.45	11.544901150839445
1.46	11.53444626923124
1.47	11.519183685968859
1.48	11.49645275629133
1.49	11.467474828922397
1.5	11.430439149814536
1.51	11.383118041469276
1.52	11.31213903575208
1.53	11.199395935800137
1.54	10.990912072415886
1.55	10.461756711655196
1.56	6.323271318247325
1.57	6.54725047769938
1.58	8.962398806572324
1.59	10.015425691090451
1.6	10.337398481493164
1.61	10.46806710283365
1.62	10.537447869967076
1.6300000000000001	10.580266110467285
1.6400000000000001	10.602384853713312
1.6500000000000001	10.62065599048755
1.6600000000000001	10.6302341125649
1.67	10.64004293885482
1.68	10.640573976108877
1.69	10.643862351277878
1.7	10.642643184617397
1.71	10.639835089000195
1.72	10.637465333871674
1.73	10.629518999916003
1.74	10.618943830168352
1.75	10.608702102689055
1.76	10.598088201880556
1.77	10.579327819944684
1.78	10.559381621124238
1.79	10.527979828105712
1.8	10.492662905003549
1.81	10.43532720794529
1.82	10.351471541027397
1.83	10.223725121137928
1.84	9.959242906032044
1.85	8.92193448618552
1.86	6.550704625859326
1.87	6.839843038743171
1.8800000000000001	8.84534360270665
1.8900000000000001	9.325528015771953
1.9000000000000001	9.499548771509994
1.9100000000000001	9.585749149534568
1.92	9.62920122712659
1.93	9.653995145733854
1.94	9.670336493054528
1.95	9.685467927717099
1.96	9.692162062916791
1.97	9.697819461914435
1.98	9.698448033180519
1.99	9.697974662925477
2.	9.696077428838919
2.0100000000000002	9.69430443381202
2.02	9.688775087740416
2.0300000000000002	9.684839474237371
2.04	9.673575069887017
2.05	9.663968067425005
2.06	9.653227127787368
2.07	9.635644627425306
2.08	9.61296658422897
2.09	9.586276906368319
2.1	9.547929955658146
2.11	9.493418928344658
2.12	9.413037045182245
2.13	9.282600034759579
2.14	9.012670765020202
2.15	7.362271633782984
2.16	6.032204378527011
2.17	6.632894220067028
2.18	8.048703199330259
2.19	8.44490879138564
2.2	8.587822586562687
2.21	8.650564659104694
2.22	8.68939608926162
2.23	8.710135737614834
2.24	8.726700893767207
2.25	8.73523843021586
2.2600000000000002	8.740629811306176
2.27	8.74140814973072
2.2800000000000002	8.74565529403537
2.29	8.744112974005999
2.3000000000000003	8.741837427418302
2.31	8.739242404387507
2.32	8.735157725252433
2.33	8.727469703305193
2.34	8.716252352378593
2.35	8.706304523812632
2.36	8.693614662491477
2.37	8.67680464671459
2.38	8.653159055453601
2.39	8.623728564936874
2.4	8.58557111094478
2.41	8.527282134962094
2.42	8.432579643842194
2.43	8.26974453539193
2.44	7.865106105041167
2.45	4.858580125722117
2.46	5.072058066135818
2.47	6.675762256611656
2.48	7.40959301528742
2.49	7.599251928496739
2.5	7.684502081452483
2.5100000000000002	7.72026090697046
2.52	7.744747427209532
2.5300000000000002	7.759431144615606
2.54	7.768050810626615
2.5500000000000003	7.774510110073853
2.56	7.776714208775015
2.57	7.7783631402094136
2.58	7.778068033428515
2.59	7.774799274883806
2.6	7.770460024774837
2.61	7.765735543599742
2.62	7.758805354547512
2.63	7.751402942434737
2.64	7.739762815654928
2.65	7.724473869791542
2.66	7.705852898619183
2.67	7.68298941478187
2.68	7.651395014117259
2.69	7.60530103687856
2.7	7.541354671397163
2.71	7.430411822719237
2.72	7.2078947309573
2.73	6.465672655650449
2.74	4.755040667521505
2.75	5.019847096559084
2.7600000000000002	6.256316549195956
2.77	6.5785046438858865
2.7800000000000002	6.694141893383334
2.79	6.7422239096673415
2.8000000000000003	6.77059473895386
2.81	6.785580472589248
2.82	6.795421830297456
2.83	6.800446290569729
2.84	6.804259015441193
2.85	6.802643821539388
2.86	6.799885084803237
2.87	6.7992883869396
2.88	6.793471844058702
2.89	6.7860633527412455
2.9	6.780077072144397
2.91	6.766775294682144
2.92	6.7538088406011045
2.93	6.737817008944607
2.94	6.71406928000287
2.95	6.68244532470324
2.96	6.637493737201051
2.97	6.574415568076914
2.98	6.4679544046188315
2.99	6.249571025648318
3.	5.379527603415819
3.0100000000000002	4.277259813334327
3.02	4.3273190194395665
3.0300000000000002	5.408859523710922
3.04	5.654933064115697
3.0500000000000003	5.738920908847354
3.06	5.779008492329071
3.0700000000000003	5.79839380971934
3.08	5.8118903439287735
3.09	5.815821762305069
3.1	5.819051070531733
3.11	5.818630131500826
3.12	5.817437068842089
3.13	5.812925369429683
3.14	5.807310147822999
3.15	5.799454366206823
3.16	5.789980135276481
3.17	5.777295759345932
3.18	5.757060642845329
3.19	5.733191731045428
3.2	5.702969486703556
3.21	5.657669645862677
3.22	5.58329751242844
3.23	5.461066562743334
3.24	5.187095761408993
3.25	3.4150323161363003
3.2600000000000002	3.4136346157001265
3.27	3.9824358039665384
3.2800000000000002	4.582481118615788
3.29	4.731329241342648
3.3000000000000003	4.7859897534102105
3.31	4.811687306806681
3.3200000000000003	4.823981857760274
3.33	4.831448776624841
3.34	4.830940268170104
3.35	4.831736059686245
3.36	4.826327899746098
3.37	4.819143186091724
3.38	4.810498172400361
3.39	4.7992791959770384
3.4	4.779698904297061
3.41	4.757817988864671
3.42	4.726912654978367
3.43	4.679778286730091
3.44	4.6064930716719354
3.45	4.485243988824828
3.46	4.195488401868644
3.47	2.64219811507538
3.48	2.774031713256625
3.49	3.20984410412527
3.5	3.66189476376788
3.5100000000000002	3.7692326196769517
3.52	3.8166369053558484
3.5300000000000002	3.8308794360766116
3.54	3.8388232874246224
3.5500000000000003	3.8379739701200344
3.56	3.8339432340225477
3.5700000000000003	3.827995116436623
3.58	3.8152244456057156
3.59	3.796934424311485
3.6	3.774564335671392
3.61	3.738049922609179
3.62	3.681754782767757
3.63	3.5997837067634144
3.64	3.448258739437427
3.65	3.0160128723833024
3.66	2.0489508632131885
3.67	2.0585391821747656
3.68	2.548640044637733
3.69	2.759411188362309
3.7	2.814363432598878
3.71	2.8258876034151754
3.72	2.830869564836922
3.73	2.8234499404443585
3.74	2.8080173124162475
3.75	2.7860840979017425
3.7600000000000002	2.748013047624583
3.77	2.69743723825594
3.7800000000000002	2.612759395976002
3.79	2.454538355642764
3.8000000000000003	2.0057999575145558
3.81	1.4101922236702136
3.8200000000000003	1.3581841285427094
3.83	1.6295176113613365
3.84	1.7619037092077108
3.85	1.7830471940772992
3.86	1.7737877522497192
3.87	1.7438232494934445
3.88	1.6922051299224163
3.89	1.6029916689902424
3.9	1.4358862439385622
3.91	0.9515049345776012
3.92	0.7249802140001143
3.93	0.6145804474008127
3.94	0.6566840119137952
3.95	0.6729409065535885
3.96	0.6002435262933518
3.97	0.39125008561402247
3.98	0.00045667370410987885
3.99	0.000016804857215146573
4.	5.3470845656046865e-6