0.222803027888168
0.22440440304377873
0.2281410754304571
0.22965704316221017
0.22299318952272362
0.2350385942025009
0.2377787877771002
0.2306839820789212
0.24336189699196187
0.23595409792389993
0.25039530881453037
0.24134664417669427
0.254974848551137
0.2579811051796303
0.26230708483975895
0.2655800966812033
0.26876108036988716
0.25839673810329644
0.27374305183674885
0.27705912367157
0.2675315354544643
0.28387506754183445
0.2890645649326729
0.2909507266042999
0.28051048605594364
0.2839146285035233
0.28738671918372766
0.29092795710480013
0.3115797085382843
0.3156109690867007
0.31991501697808433
0.3057997751283902
0.3096943535074923
0.3136580790792655
0.317689481964981
0.32178682661643776
0.34373562689429255
0.3301701616336392
0.35282316940162994
0.35977689963849446
0.3431794426022856
0.34762082561968644
0.3521102552762915
0.35664528725721245
0.38371957657560274
0.3886227356778453
0.3705044844969715
0.3959398527910214
0.4009152389124988
0.40830785138420694
0.3895391922585828
0.41848806972901065
0.423909986260692
0.40425054231399266
0.40924922055679147
0.43682162151917525
0.4421414008924388
0.4245846559109516
0.42982638910162774
0.4351425891242744
0.4405394094503353
0.4697757183707771
0.4516005273520538
0.48445032016985234
0.4904560720828206
0.46895875453248775
0.4749747895690894
0.506064587191462
0.48738655976598605
0.5223060161361741
0.5003378515974011
0.5070264542224263
0.54271665961979
0.5469842335629729
0.554317190383091
0.5618018436420973
0.5694385876615236
0.5502795769389353
0.5885600181814468
0.5658941049479986
0.6014881240426713
0.5820855203084035
0.590389013647918
0.6270374144784209
0.6073910970114509
0.6479555836377144
0.624887089316533
0.6661935368598135
0.6758540661842108
0.6815556088025712
0.6910262364448955
0.7005927456895962
0.7102500263194197
0.7199928821033523
0.7298163733100261
0.739716238085003
0.749687715559908
0.7597272981533085
0.7698305808734452
0.779994979745926
0.7902160577159091
0.8004919240326043
0.8108195647310698
0.8249514567192509
0.831621018219641
0.8459135385924925
0.8568906559408422
0.8631585661694321
0.878123312842408
0.8843885647173668
0.8950609537844597
0.9102528497519502
0.9205837292687084
0.927293195173079
0.9422466011889346
0.9535970736469942
0.9640395531500388
0.9754598508915051
0.9864370864437444
0.9969564236727306
1.003625854176005
1.0195389127289254
1.0301293601386385
1.036769576918684
1.047871618155154
1.0640606167329316
1.074744409798034
1.0813426789414602
1.0977470741642001
1.1090362700938814
1.1150811181917395
1.1317175855033057
1.1431143247834945
1.1491356591585622
1.1605697271280677
1.1720513582873018
1.1891410293246585
1.195171895688208
1.206820208808825
1.2242379423526826
1.23607107582772
1.2479802319437385
1.2599647640543252
1.271450367027976
1.2842171232835224
1.2964833410425334
1.302787585939642
1.3152120635182523
1.3339232520741118
1.3466325342704
1.3531821270113151
1.3724220838564727
1.385509803901087
1.3987298670173165
1.4120872084258052
1.4255812016497802
1.4326014313994548
1.4463192365886899
1.4601778705123105
1.4741770139188013
1.495154142487377
1.5094883770861125
1.523958361774675
1.531553610879742
1.5533005055082603
1.5674440486729884
1.5759695377044585
1.598262117937805
1.612748097522268
1.6280768337622227
1.6442612194732389
1.659801215517649
1.6678939348208663
1.6911504353892683
1.70696372272737
1.7151197010097357
1.738798213383109
1.754814696370112
1.7708890301592959
1.7870171000526143
1.7951485674865428
1.819396418994141
1.835651206933656
1.8436921410841984
1.859924796909885
1.8761742161562664
1.8924331723098557
1.9171853245477792
1.9335217073821083
1.9498423939510898
1.9574585272659804
1.982438789213667
1.9898817459236344
2.014925261099236
2.031128028592976
2.0472797664501963
2.0624638539760913
2.0794253615815337
2.095397057528181
2.1103819902369882
2.126210214575461
2.1429016601537394
2.158560245444988
2.174121181453263
2.1886135455216067
2.2039515179812117
2.2201445049585895
2.235231229895491
2.2492184973941707
2.265024459796712
2.279688009143913
2.294214960890036
2.308572850289206
2.3227605155920337
2.3367761679361347
2.3506096512682895
2.3642589660794404
2.3777172435647165
2.3909807233484917
2.404042934148475
2.416900438939259
2.4295488185901153
2.4419871503960664
2.454209680022421
2.466214341413525
2.4779985759807563
2.489561554219505
2.5009020366180037
2.5120158352320527
2.5229042092258385
2.5335650258613454
2.544000189121518
2.5541970506489036
2.564186772984649
2.57393904192618
2.5834636229889303
2.592762071040851
2.6018335172024827
2.6106804787807745
2.6193043766028925
2.627704080038871
2.6358814429719337
2.643826688806305
2.6515742707322754
2.659093383941302
2.666395522169335
2.6734834838885684
2.680359312960892
2.6870249927930785
2.693482977806322
2.6997378860699373
2.7057922562201413
2.711651209313432
2.7173161713215084
2.722794852388165
2.728093524530039
2.733215520713141
2.738169697334114
2.742961760244066
2.747603081903404
2.7520915109675546
2.756466786028054
2.7607105920062542
2.7648456161968147
2.7688823999766665
2.772834750484911
2.7767203585371383
2.7805520078291543
2.784346714018985
2.7881214396728886
2.791894705989238
2.795685311049545
2.7995123125123698
2.8033956498389214
2.807358447308507
2.811408774801077
2.8156004320983086
2.8199244042613976
2.8244136712544123
2.8290905679479783
2.8339773796509182
2.839087529113717
2.8444722556889643
2.8501251627628346
2.856077651829033
2.862351097079178
2.868966818217262
2.8759454075666007
2.883307192598016
2.8910700502393656
2.899253899137416
2.9078660279912114
2.9169512489324596
2.926496060960197
2.9365277665861975
2.947055732816296
2.958096310114473
2.9696569673872997
2.9817510132787812
2.994378837614654
3.007571292428336
3.0213126833167347
3.0356162657479535
3.0504864751151297
3.065927623297842
3.0819404468667444
3.0977171835906527
3.115682110055029
3.1334256613557625
3.1517354104790627
3.1698403553846584
3.1824903503243336
3.20258997130209
3.2306403260767764
3.2444589716458414
3.2734236329394992
3.2885139566556556
3.318381570856652
3.3346978115593764
3.3654307261156617
3.3897218789455246
3.4145107391039904
3.433181080226709
3.4655419094992044
3.485327294834825
3.5184442140846492
3.545568980430399
3.5731275122869115
3.600491404750354
3.6295015549361542
3.6523463138637653
3.681604837579015
3.7112381625961777
3.7412339502057392
3.7715811127757277
3.7578148985607234
3.8387600820855954
3.864609447756446
3.8536153794196033
3.928170364826694
3.960381029429018
3.992863982475178
4.030640509124107
4.063561930458703
4.09185540269012
4.086861794692128
4.163307330747132
4.155684105022114
4.231264809961576
4.26556421923751
4.300072555052382
4.334786353104924
4.331504894721984
4.401032755298708
4.403294343761797
4.4720198763070425
4.475928959276519
4.51257336631108
4.549442462402866
4.61652093712756
4.656867497234757
4.661483397456978
4.6993400234337175
4.737471016786878
4.775890033720558
4.843305691175953
4.853651038360042
4.920017816535519
4.958859478777961
4.995502584224491
5.0376003601686445
5.054244230755354
5.095579150831018
5.137368548655097
5.1978062540393895
5.241739994040621
5.283685295259849
5.326547816077383
5.36798527222679
5.3989313148842815
5.444549084717494
5.490807607784118
5.548285320080802
5.548802417721506
5.602978172353951
5.658066207918932
5.7140910826320575
5.759041674952645
5.823596723039312
5.889344323285157
5.956305795110503
6.024500235715167
6.093538576143392
6.103969448830052
6.198573651194525
6.2179348503986205
6.264269673386325
6.33558698400974
6.380065633933176
6.437111408645031
6.497036721636631
6.557876855953337
6.619636404210119
6.6823176409552225
6.749408628482754
6.810446044271273
6.8758907831733485
6.942249965549453
7.009517992905292
7.077688271213966
7.146750560564964
7.216693635737941
7.287505070392251
7.359169721076343
7.431670101351171
7.504987221614641
7.579101934443012
7.653989123931902
7.729624258864115
7.805981759950632
7.883032195128043
7.96074177146
8.039079873473892
8.118011309912486
8.197496263409207
8.27749494295057
8.357969525152448
8.438871191363626
8.520156715863106
8.6017896576991
8.683688379790496
8.765823309203723
8.848144983066144
8.930593155610218
9.013105714885002
9.095625558389479
9.178097296312583
9.260457419640577
9.3426361699529
9.424577002748386
9.506206910733452
9.587465569847707
9.668289005560078
9.748598860497097
9.828332891422757
9.907423210052823
9.98579687046721
10.063390117791922
10.140127050636629
10.215944025618
10.290770890766026
10.364539179407904
10.437177776461546
10.508622697114497
10.578813618756822
10.647674367109737
10.715156986462702
10.781182588103679
10.84570277313658
10.908656526025378
10.969984837735224
11.02963483656895
11.08755482886983
11.14368986255366
11.197993152606168
11.250422415543055
11.300927447459724
11.349472083593058
11.396012987667959
11.440518932678565
11.482954274445653
11.523288832736359
11.561492837661849
11.597541235551695
11.631413558480926
11.663091319404476
11.692553829638939
11.719788879899415
11.744785516075051
11.767531962371102
11.788035927795224
11.806279228685327
11.822271308434555
11.836007801852887
11.847502127499878
11.856761045368021
11.86379299781932
11.868616980923242
11.871246837047249
11.871697129361017
11.86999978736471
11.866171517787196
11.860239175314554
11.853108869613088
11.842193282823883
11.830138655933476
11.816832321643671
11.800822708606454
11.788295124783673
11.762614109992686
11.745992075608292
11.717840233769655
11.692861498682547
11.666221285491517
11.63796394328734
11.608146141397032
11.57682924822928
11.54405410331235
11.525982627229144
11.457551428728815
11.430629866709104
11.39825173768438
11.360424885443335
11.320155966773447
11.278849875452226
11.236567432725476
11.193363965411963
11.149312323649236
11.10446662132685
11.053260395434325
11.012015740153156
10.965766159974521
10.918363941804406
10.870468321347962
10.822142794635033
10.773441974683502
10.724425139080061
10.675157444444604
10.625684152533365
10.576063558486405
10.526348897816085
10.476588463454336
10.426837069302698
10.377138361787786
10.327540860024069
10.278094003150741
10.216411142522523
10.1798115416037
10.131054503697893
10.082611498719452
10.034513168973247
9.986793823961204
9.939486014395484
9.892608209490845
9.846227686725069
9.800333493195195
9.754963713086262
9.710131908657289
9.665868864075133
9.622185141363872
9.579100885122244
9.536635345898414
9.494795338147267
9.453597119150835
9.413049282862621
9.373156854944504
9.333927962300423
9.295370557899377
9.257486348333792
9.220277623840191
9.183746459035143
9.147897021016792
9.112717080205428
9.07821806317013
9.044387339214113
9.01123038866871
8.978732026384584
8.946884279647541
8.915719145596505
8.885185990226624
8.855298770025177
8.826049045194754
8.797425710851023
8.769428968479144
8.74204761454519
8.715278592721797
8.689112654484116
8.663544415202612
8.638571155156093
8.614172440861848
8.590380921620554
8.567154098030521
8.544503021650794
8.522419301019257
8.500906920360094
8.479958132652802
8.459573634574607
8.438601925226934
8.420491777993549
8.40068052272618
8.382564333952304
8.366097652204076
8.349099951604138
8.332663760584428
8.315788918001795
8.300534561712393
8.286864341698173
8.27275975087923
8.258302788851642
8.245423166573891
8.233154962264194
8.221505786928946
8.210483394940512
8.19219617957111
8.191225142356094
8.18126326415441
8.17283786309444
8.165901123717434
8.158014739864079
8.144596267675519
8.145964789092876
8.14100536695923
8.136768839994467
8.133268009840677
8.13050970472382
8.128506340949901
8.127267376211469
8.126801332888899
8.127118913609689
8.128228641764599
8.130138643029998
8.127645205142104
8.13134530832224
8.135871682245627
8.141232641323745
8.147432599227493
8.154479392047458
8.162376445531097
8.171129909509897
8.18074308457824
8.191219056200138
8.20255995147027
8.214768839042918
8.227844254717091
8.244704560341425
8.256598902730683
8.272275164324704
8.26798828620247
8.306214698946578
8.324468483981045
8.343573236017985
8.363523509759705
8.38566764514735
8.405925179547323
8.41979752810736
8.444803366226548
8.4706061029593
8.50086148053551
8.511652696126728
8.554130514387426
8.579368080691713
8.607462713706836
8.636041165125228
8.664457311331027
8.694223359295881
8.724653176077325
8.755743911356204
8.78746549003289
8.819804648349074
8.852737995055836
8.886247351306375
8.92031664326533
8.954908973668973
8.990025217605696
9.025625435810623
9.061696408102184
9.098211805316327
9.135155113941563
9.17249406767163
9.21385024186508
9.248293421617145
9.290585609301056
9.325420705095677
9.364426751914289
9.4036926728391
9.443205307172066
9.487348399267631
9.523319838518708
9.567547540551656
9.607878790577056
9.648334262231975
9.688895637964638
9.729538269661905
9.770246985919254
9.806055807190875
9.846786228623145
9.88753113616061
9.933314622635793
9.969484215345195
10.009625956786888
10.050222816233656
10.090735160809668
10.131150431314216
10.176594779396776
10.211622009300168
10.251646759330338
10.292028448890143
10.336321159826532
10.371215293770105
10.41509330802828
10.449082258228078
10.487939979329951
10.526549711088169
10.56491603992842
10.603008861154498
10.640835937403402
10.678372802740343
10.71561881258411
10.752556956477328
10.793979132174865
10.82548612291871
10.861454191727006
10.897088057787467
10.932377423905455
10.971881762236045
11.006404356260111
11.040560004761732
11.074342957820193
11.103363075214363
11.136427553997486
11.169109949579438
11.201396159744606
11.233289579075631
11.268896210404403
11.295867981257091
11.326559771740005
11.356833328753403
11.38670212382263
11.416162155020151
11.445212358055745
11.473848780500312
11.505723340758683
11.529889658274174
11.557298708862396
11.584297054487088
11.610883769013334
11.640399410047939
11.666115833140388
11.68822931799881
11.713214789887369
11.737798550326747
11.76199652066816
11.785798532353828
11.812074542712942
11.83226454624066
11.857635342090365
11.877219480615272
11.90170616979972
11.920698997469184
11.941904306191303
11.965094357072186
11.985520208993458
12.00560292473796
12.025349327481333
12.042739118949617
12.06191142504824
12.082632668011158
12.099307179444098
12.117543063907927
12.135490882600697
12.167045654197945
12.170660465743229
12.187608439177648
12.216118581011745
12.222231501075807
12.247523196931134
12.262861298716414
12.277965033667
12.285831178828369
12.30039044824908
12.347527582873113
12.358774232634284
12.369844910587274
12.396826620049993
12.404829760254195
12.389294329852197
12.412650837139251
12.427189588902971
12.434566645309975
12.441804338343292
12.449007170051651
12.46398347380563
12.474121381527205
12.484254905404562
12.514724732361316
12.528440353279612
12.53720395249632
12.550343361156724
12.563542118502278
12.576805358109654
12.598543660728616
12.612670183711025
12.626903390807245
12.641266990932177
12.655769562471653
12.670421700051001
12.685246387264781
12.700254160927901
12.713973662699633
12.729338410201613
12.74654591711747
12.762449595335225
12.778611304943425
12.79504473227108
12.811766586153123
12.828788152433942
12.84612193089267
12.863781123815066
12.881778897839311
12.900126196098105
12.918834014454843
12.937912743394367
12.957370914948747
12.977223206621108
12.99747229797814
13.018128381834622
13.039198168665434
13.060689193675927
13.082611332187442
13.104962776433549
13.127757331751472
13.150989838354374
13.174666381612
13.198791517686077
13.223370329276149
13.248401602562664
13.273882166501233
13.299824625517376
13.326218430461791
13.35306169074736
13.380358505589708
13.38896016299191
13.436310694140989
13.464960428762337
13.494052027978055
13.523581105655616
13.536409286702098
13.583951108291732
13.614784760351718
13.646034194900434
13.67770136517467
13.709781981665499
13.72855573379001
13.7751540156017
13.808428912591802
13.84208639813677
13.876115984940562
13.910513785914894
13.898770045764909
13.980365726675002
14.015801100384884
14.050805146976312
14.086975500535688
14.119017996176018
14.140360998796515
14.169518696835764
14.215332100156854
14.261530224560405
14.308096820102843
14.35500549799499
14.401024535522046
14.43839343585767
14.482029033202355
14.501794852148974
14.540050605046881
14.585884825189158
14.625911980616658
14.666018829354597
14.706194478444253
14.746413653770603
14.78665204901319
14.826901038136516
14.867121249232406
14.907308831874904
14.947423980190457
14.98746078097317
15.010519983978897
15.04734835095819
15.088037361634832
15.124084724625265
15.16486309023272
15.202966053651348
15.240822275715425
15.278415402462986
15.315724645338987
15.352726615614282
15.389392923786367
15.425708859955575
15.461647329530654
15.497190693079878
15.532304930788765
15.566992141671815
15.597730138215038
15.63137844052331
15.668175608482947
15.697159447879526
15.729250248748375
15.760781555379186
15.791737204651625
15.826101641074791
15.851388963691743
15.88049828373294
15.908973487597772
15.936785798721472
15.96392470065106
15.99038005576224
16.01613803911928
16.041183139382674
16.065502080059066
16.089091084562934
16.11194067663023
16.134036842772318
16.155372315473624
16.17594575089177
16.19573925640789
16.214759217795528
16.232997865689608
16.250446728830884
16.267107880763014
16.282973011441634
16.298053388945387
16.3123336640738
16.325824394679717
16.338521718282163
16.35534517227195
16.361549232182416
16.37189029998646
16.38144179961323
16.390220667594352
16.398232297231495
16.405477423394657
16.411957848312184
16.417693090228042
16.422674223328677
16.426928674433743
16.43044887823462
16.470012563542262
16.47123870121949
16.436737687806012
16.43743751745372
16.43745767707047
16.436813306152963
16.4355129133986
16.433568434962798
16.430994293995482
16.427804112866486
16.424010229273936
16.41962791274541
16.41466738938806
16.40914819320031
16.403088680269104
16.396492267376836
16.389387202809193
16.381776083485928
16.460407532910384
16.445647301723127
16.356139565843154
16.348210340704398
16.336856222425553
16.327834727702605
16.32576431541925
16.313493510986504
16.300876857173442
16.331534730342966
16.308869574996304
16.288163367714652
16.263931246049438
16.23975244120781
16.21520267219158
16.190455819730516
16.165748073060357
16.157598895615553
16.137463764287638
16.11719968593147
16.129123432610207
16.1136797053476
16.09815541362543
16.094374072022678
16.07995548436992
16.051214286607365
16.03550330824314
16.019788701391064
16.00408406319785
15.988411549246411
15.990855966364602
15.957200928791385
15.961875350357799
15.950148986043587
15.933209230570911
15.919017961098822
15.904947172932967
15.893841413815482
15.87718239168058
15.86352599826334
15.850018651705174
15.839976340028258
15.827309500596382
15.810555144970618
15.797770246989522
15.78933215609232
15.777072477137276
15.760659675503609
15.748718638326086
15.74159727422441
15.725508603465432
15.714250720477978
15.708151729966948
15.692443476648434
15.681902347152647
15.676308713109028
15.66634272450331
15.657165453345522
15.64714912666502
15.637922031096329
15.628943480269067
15.620802272014721
15.612323143001612
15.604094240411802
15.595501087798057
15.588377946645897
15.580254593235885
15.57364149791383
15.56663196174502
15.55986061530758
15.553325549924017
15.547024164358039
15.540281566781033
15.534437097239895
15.528818290453072
15.523424043168173
15.518250793886189
15.514011326407044
15.509277713002328
15.504753497739374
15.500450435661275
15.496350330871735
15.492453331436028
15.48874911931999
15.485264082206642
15.481958167242723
15.478848643566378
15.475919271048824
15.47317477410518
15.470608770238032
15.46822226074685
15.466001425872353
15.46394981638456
15.462060199706034
15.460324306144203
15.458753465281907
15.45732185254265
15.456046521977322
15.454904779474449
15.453892680701333
15.453034835990241
15.452291180657992
15.451675627867653
15.451176241326287
15.450783405555955
15.45050412369893
15.450324975589329
15.450244801149426
15.450255046359876
15.450347077225503
15.450526088748795
15.450782568424769
15.451107776194693
15.451504515936222
15.451951605533232
15.452471972414749
15.453050239453997
15.453670711875374
15.454334136863107
15.455039823840737
15.455778275162128
15.456554325231522
15.457346121744957
15.458183496368667
15.458149344613473
15.459902943497884
15.460792463251318
15.460807268302657
15.461723146593815
15.463544655302554
15.464488287295486
15.464554091632992
15.466403905899003
15.467368865656791
15.468353901357602
15.469352733578644
15.469467481947804
15.470487307877718
15.471517195685882
15.472566168625407
15.473634381827244
15.474722308274297
15.475833177394103
15.469124330886919
15.478146163977595
15.480237075210525
15.481477141918765
15.482762832302928
15.484093653950422
15.485477373541327
15.486920976572806
15.488429372971426
15.489131755456933
15.491649863509197
15.492502732790602
15.494309037635997
15.49620604256615
15.499060947592021
15.501149912900585
15.50248822121797
15.505655402525504
15.508080400673329
15.51062997410416
15.513300896294236
15.516120438646539
15.519075292525569
15.522172956257874
15.524577543066309
15.528832977101846
15.531556764787043
15.535290270986318
15.54004627471713
15.544130348923549
15.540090010731811
15.55285630405346
15.55749516805269
15.56235113793267
15.566565363048246
15.57182160821908
15.577294160485156
15.583813742683244
15.58972419114669
15.595023332983272
15.602222502548472
15.60882595150056
15.614842613795886
15.621935698282034
15.630106835892157
15.6368847529006
15.644748114568124
15.65371715623313
15.662126115140921
15.669994399313456
15.679790046496366
15.689066997958403
15.69864015581405
15.708519201384444
15.718712135938729
15.729225980648796
15.740069502403674
15.750433125315533
15.762772520341013
15.774646538091412
15.78607258866798
15.799483666277103
15.812459774792382
15.825037717435208
15.838800460468855
15.852971891030801
15.868353849677785
15.88256771178279
15.898011909945605
15.914679791397802
15.930242702172588
15.947039614374951
15.964316167694005
15.98207383043828
16.000320854376632
16.01228218599296
16.0390890528874
16.051413710311145
16.071768590337236
16.092667051782577
16.120710152682964
16.13613234016576
16.158715018820004
16.181877146347162
16.205624988349943
16.229971022680097
16.254920515312893
16.280483217400704
16.30666438017278
16.33960946455346
16.36700067086686
16.395018670282937
16.41773998362869
16.453677161413257
16.47717029327649
16.51363283610749
16.544944548191513
16.571318119464376
16.604055284051604
16.637470253067647
16.671578960776113
16.706369387778995
16.74185998623438
16.7780418985564
16.819923034867337
16.857953582636924
16.89077507217571
16.92975113578562
16.969434307682402
17.009815468353413
17.05090204497495
17.092686040978446
17.13517217706043
17.182336077645893
17.222235265709116
17.266817259156475
17.31208401763544
17.358041372919853
17.40468380293657
17.45201393277196
17.500013844237046
17.548687489252945
17.60062007801961
17.626571923754806
17.678866128300147
17.750006402106266
17.785523150547384
17.83987241957883
17.907748187049823
17.950558994027894
18.006876993797547
18.063835455839374
18.097910195959475
18.165136694722445
18.22785217816697
18.305934787525835
18.38488892192619
18.412372796542307
18.51224321063835
18.53000483279977
18.60277292528936
18.64950134723525
18.71194251357979
18.77305165914532
18.83454834465766
18.893809237152457
18.955449069116572
19.017709306441592
19.114341290467742
19.14720642244607
19.21060388528566
19.270042272670782
19.333615842739718
19.397373937058177
19.461282912030622
19.525316215086665
19.589447380288593
19.65300707962389
19.77751049955751
19.781432112967245
19.8456352590655
19.909793739435916
19.97386984081282
20.03783751054006
20.101666590879955
20.16619117409888
20.228784981366555
20.292012815090324
20.438874045016366
20.417664877691433
20.480033736282483
20.552048342178864
20.60369149335214
20.664937418291288
20.725753300624646
20.78611447239492
20.845999937968394
20.905380489221596
20.964235254779403
21.022542185881278
21.080281702548987
21.13743589497477
21.193982294512264
21.26194871241295
21.305190656943555
21.359823273857995
21.41378444725813
21.467078347535033
21.519682131974744
21.571584350183127
21.62406129029479
21.673274230254393
21.72305682893252
21.772119765132768
21.820465668576233
21.86809598653969
21.91500886808533
21.961212150406617
22.006709483622913
22.051492466300996
22.09559244536213
22.13900096565099
22.181729739897765
22.223790203857643
22.26519068832067
22.30595004303853
22.346072216081293
22.38557876139836
22.42448070082097
22.4627938275924
22.50052958402019
22.54915196705489
22.574337910958555
22.610449816588556
22.646051188684737
22.681155017093285
22.715800074239606
22.749955374938377
22.783685037597298
22.816987386383623
22.849879177036645
22.882377640562815
22.923464502581258
22.946247949055937
22.977653705369146
23.008724009240716
23.039472146966588
23.069908873809936
23.100050181075705
23.12990997705776
23.15949013013162
23.1888153018173
23.217882902050203
23.246706100983918
23.27528941657943
23.303650642473993
23.331789683014588
23.359716784849084
23.38743818146138
23.414958893656944
23.442285090417876
23.469422068481542
23.498241260607546
23.536298108192874
23.549740619802577
23.604945628154603
23.620786519744875
23.61340359317137
23.62746373322264
23.671135805708612
23.69306896081893
23.714876116193903
23.754500634956035
23.758139469853262
23.804017212930727
23.832050381738416
23.856530081998287
23.877451591905796
23.864794904158682
23.925936326926333
23.95006890804995
23.979293562174945
23.99816145499326
24.022143298100467
24.052215553902368
24.07646756086022
24.100718272066974
24.124979248643076
24.149271083193995
24.17360740186325
24.198000418741277
24.22247098339943
24.247038341826745
24.27172351383729
24.296538887506493
24.321505095240887
24.346642729001637
24.371974627978236
24.397516168396457
24.423291475232933
24.44931147944806
24.47560455357604
24.50333673491201
24.529086734464656
24.556305457421843
24.585070393109046
24.611814082310254
24.640128534155203
24.670072537663195
24.697974151639357
24.728772268569088
24.75752948216635
24.789239216436336
24.82015343761215
24.850291529716493
24.883432236862863
24.915819735236667
24.948689212854397
24.982061843318622
25.014655320122248
25.05032439351233
25.085214246213255
25.12059824928171
25.156503109583394
25.192896711338694
25.229784978208954
25.267147306170788
25.304986727312468
25.343290363052468
25.38203869510229
25.421233231135357
25.460847535688288
25.500862670578584
25.5412683975143
25.58203124895186
25.623167730163857
25.664622366148283
25.70637990837796
25.748427097289696
25.79073691852111
25.83328950284328
25.876051148590573
25.91900709087523
25.96212767311229
26.00539139170163
26.04876399982245
26.092235369772464
26.135773602493202
26.179358494706207
26.22294346846869
26.26655074495191
26.310103516359273
26.353636500588767
26.39708120312766
26.440436635043014
26.483680155146796
26.526794567566153
26.569747719331957
26.61255641953079
26.65516699897254
26.69760564663086
26.739820772859723
26.781817568094056
26.82357972580841
26.8651057159037
26.90638127196606
26.947402065056696
26.988159089670237
27.02865483800391
27.06887007047896
27.10881839683246
27.14849141516777
27.18789390788016
27.22702416020149
27.265879981889853
27.304469029778783
27.34278942917567
27.38084882051954
27.41865409416678
27.45620586345546
27.493508151185374
27.518340304680013
27.56741804044661
27.604027477887556
27.640422821288617
27.67660170996937
27.71257749635414
27.748358162480585
27.78395150429938
27.819349661119013
27.854581803473653
27.88963951713577
27.924530232803075
27.959259448031062
27.993836558010997
28.028257123700826
28.06253124223735
28.09666634081151
28.13064903883526
28.16449143108592
28.198193702457054
28.23175067392421
28.265155247499166
28.298435304439334
28.331560169069377
28.364533445802948
28.39735218925273
28.430011493634538
28.46250195009352
28.494831344537932
28.52697279916695
28.558938929191605
28.590708578794292
28.622281296479077
28.653641951964993
28.684787171701103
28.71570404133658
28.746387674887053
28.77682171185047
28.80700031044847
28.836915814250407
28.866552200894
28.895908233279815
28.924974933345858
28.95372533891947
28.98217125375219
29.010293218388256
29.038088110149147
29.06554015630597
29.092652525337378
29.119410041971406
29.14581180251121
29.171848367844532
29.19751927719651
29.222813955408025
29.24773101474419
29.2722701167321
29.296428291924673
29.320199377263535
29.343593109190728
29.366600267905994
29.38922547463876
29.41147158039722
29.433340089590317
29.454833207745924
29.475955977410703
29.496710597206814
29.517110050901138
29.537153172057693
29.556852145137736
29.57620634889192
29.595234449812608
29.61393724102782
29.63232757059338
29.65041334957803
29.668204811230236
29.685710640236028
29.70293767049439
29.719907139800053
29.73662179052417
29.753099133037882
29.76934904875351
29.785374023505717
29.80118939485086
29.81622967108794
29.831675270947827
29.847518726180564
29.862623956651813
29.877575368595565
29.891860219886333
29.90706504193871
29.921122794155316
29.93122028280685
29.945691463222914
29.96421154118548
29.978396639540843
29.992947746656725
30.002755845507327
30.016853464366882
30.030905031596536
30.044908437200856
30.058875126922104
30.076357608781503
30.086710441268863
30.07442220136899
30.089421764432988
30.104429058561507
30.144700749980487
30.15598525419391
30.172095009261966
30.183637428614286
30.19746622267194
30.21128910804105
30.2251127663106
30.22495181359159
30.24011482857988
30.255298313502514
30.27051063662818
30.285741932088754
30.268984530983385
30.316284956748948
30.3127222844997
30.322894918870553
30.35174801112968
30.381039506565845
30.410646090791644
30.40435341419042
30.41784928314679
30.43135325856085
30.445897349612505
30.4595438352621
30.47164955438912
30.48498535528541
30.50021893246575
30.511498728929656
30.527057562603687
30.537736521063465
30.553615480304774
30.563657223076117
30.57983752009931
30.58957028105727
30.60567072622727
30.614327940421493
30.631065212768053
30.64356800525506
30.65593840445946
30.66816876451849
30.67485244406919
30.686504117513255
30.69798356573469
30.70928625234467
30.720404910315423
30.731327949671012
30.74904306704011
30.75255215341946
30.762839667159803
30.78070686206898
30.782733081450086
30.79231679426246
30.810259312500616
30.810728237450938
30.819544880683992
30.83749209572182
30.836358503289947
30.854267174892183
30.86222795682253
30.869889670268797
30.87725367291904
30.873390420491347
30.87990057029145
30.886111442055086
30.903648521505687
30.897605744199634
30.902886982149177
30.907861815538066
30.92505521731351
30.916891166508147
30.92094305800394
30.937833373746024
30.928156673431243
30.944820471037048
30.934189650246733
30.936781854650746
30.939094892099067
30.941149671007572
30.957226181606327
30.9444481822947
30.960306193224984
30.96148039047439
30.94761000145226
30.94822008372884
30.948638343035093
30.94884276884011
30.96405493194357
30.95029041583067
30.950003770897258
30.949582710131665
30.949025170479956
30.94835645006662
30.94757713052384
30.960647410812197
30.94420736137269
30.944744090816283
30.95762976271533
30.942561350548637
30.95534811824677
30.940256995959206
30.93752000262969
30.95175334576443
30.950557670909546
30.9493733844067
30.94821087310556
30.931914129535464
30.945988921005895
30.9449390282418
30.93050078308339
30.94299863584421
30.94210946493388
30.94128805745533
30.940527960847348
30.939831707785732
30.926274210747632
30.938622182263824
30.93811478828848
30.937663145672243
30.937263460470394
30.924517618271206
30.93661125037474
30.936337692597768
30.936099346472353
30.92260256430414
30.923839703386655
30.935473055454313
30.923654007849073
30.935026051395017
30.922130701855032
30.934459264544255
30.934096419212185
30.933674186167067
30.933159418551856
30.932553212280695
30.931838136915577
30.93099920488981
30.918392521400932
30.92889113313797
30.927598460825546
30.926124594505097
30.924457481826867
30.922580263504784
30.920491309137883
30.918167352636534
30.915591285465087
30.912762505907907
30.993293394744303
30.906290268072638
30.89239095058552
30.889556048009766
30.97455125543972
30.889798522961996
30.963374213667045
30.87964191428969
30.864452602405404
30.85959999742118
30.937118567505546
30.85526865810827
30.840028786153134
30.91385650074758
30.825219171762633
30.89661437324507
30.887466151195888
30.877972265919325
30.799117802896774
30.78202746381552
30.771499568535653
30.762335027645882
30.759403353136996
30.748643823842915
30.802107071735605
30.72617801805073
30.77756617364774
30.76486021541287
30.690203266539285
30.677639441564782
30.725084807657975
30.64425298430417
30.638354288593273
30.61820639280334
30.668591178076746
30.596875934048573
30.639067442779904
30.56185736545262
30.6088152216323
30.531762225096653
30.577923889411842
30.562274089144577
30.5464951822778
30.477530394678613
30.46188216437742
30.43953950932673
30.424317062930296
30.40764932743918
30.449814062997124
30.4334498616287
30.417036270533007
30.348865539181837
30.32646317104226
30.315597017840037
30.29881051626268
30.281925097396776
30.264933215165424
30.24783450701048
30.230628536283653
30.213308965602437
30.19587045343302
30.178303949490918
30.160594401776756
30.14274737642775
30.124739252280214
30.106560099648693
30.088194790025735
30.06256746736923
30.050847889664357
30.031828275627415
30.0125522758402
29.99299136239682
29.965119953363
29.95293804897921
29.932398771022143
29.9114700161061
29.890129829500463
29.86834053381868
29.835467681840978
29.823288568662424
29.788684702466995
29.76440725340558
29.7514694502581
29.713898640785445
29.688859114257717
29.66180900294969
29.63258586873438
29.605212348761473
29.575574810369986
29.54348532596196
29.511850399000924
29.479122772490786
29.44529826318611
29.410308120905587
29.374093998620264
29.336606715563445
29.29778757459499
29.257584927366914
29.215940368332994
29.172798411803562
29.128103404141175
29.081801506223567
29.033835559587903
28.98415143870686
28.932698514170028
28.879422722756665
28.82426799788802
28.767193995808842
28.708146501995536
28.64707305953615
28.58393042172736
28.518684656494013
28.451283022442446
28.381694558740577
28.309877294072955
28.235798222444963
28.159426617196647
28.08075014900255
27.99971969443797
27.916334736836955
27.830564983939357
27.742404654055015
27.651838548959894
27.55886497339867
27.463478217858096
27.365682543928987
27.26548780467166
27.16290770854233
27.05794765698209
26.95063689191906
26.843924000483945
26.729055199619904
26.614838887683035
26.498403249464353
26.37977770748218
26.259007843969435
26.1361602849836
26.0112725782638
25.884421124583884
25.755657287504683
25.625052526886197
25.492683862031956
25.358629719525627
25.222960639208363
25.085760180650844
24.94713040378931
24.807145481711707
24.665904938283763
24.523496990042986
24.380025924301382
24.235595872828483
24.115455967756745
23.944233922899546
23.797533914552282
23.650270644601825
23.502578446456074
23.354551145702164
23.206300137634155
23.057944522414978
22.90957545505318
22.761311149037486
22.613260089758274
22.465529517108415
22.318221485913526
22.17144719414027
22.025303026003236
21.87989129832864
21.73531090224693
21.59166678678602
21.44904215684039
21.307533206801395
21.168711399372363
21.04229105634834
20.890572599459947
20.76724815440196
20.619730584900154
20.486668712430152
20.355280542220264
20.22562918227509
20.186080810446455
19.971769366539277
19.847672472690146
19.72553868619404
19.605399540002484
19.487304995150915
19.377535493578513
19.2573996353778
19.150740745310685
19.040598133026904
18.92869422703211
18.826945981878186
18.72346268004723
18.622231319346138
18.603435559302383
18.437018671102756
18.396460034273364
18.264776743170763
18.1361896952462
18.033948338958485
17.928216939278126
17.881282696097006
17.79680116647884
17.736430825174402
17.63471948273714
17.5570774535563
17.51074559067795
17.40848851378862
17.37252770831408
17.268662721167086
17.247128133868387
17.185474137522636
17.126362615755113
17.014418993176374
16.955969987046604
16.952261312346987
16.899874874812966
16.849302166119564
16.80712118279535
16.75346492408166
16.708128040305947
16.66446428511989
16.629806058261806
16.59038787662989
16.543165039384014
16.51367507611318
16.470022149635657
16.443751243021516
16.402733453758415
16.379498932943047
16.34941460991826
16.320643790998407
16.293147964834343
16.266898950295396
16.241864213208284
16.209260743035475
16.195290467286867
16.173691885323986
16.144310677690797
16.133692990701153
16.115230181602538
16.09774881501407
16.081220012914972
16.06560743907815
16.050876901944314
16.037008316364698
16.024964047364723
16.011710064741294
16.00022403066307
15.990467651728641
15.980411120349379
15.961281854205476
15.962332258790639
15.953246079497598
15.945747914516751
15.930174632750166
15.932420205330674
15.927508247684461
15.921162068402248
15.917189806053633
15.91272522144257
15.908675735496173
15.905018401374907
15.901757466809599
15.88965547815727
15.896296063629952
15.894065361013366
15.892150639998954
15.890520198419877
15.880214377465592
15.888138763834005
15.87842937050686
15.877920935729172
15.886484058565811
15.886416615966409
15.87782156193848
15.886995342397078
15.886743239556154
15.888475054926507
15.889548923632285
15.890858397678441
15.892382870060437
15.894159477109953
15.896166505831637
15.898415826431739
15.900928025126584
15.903685162887376
15.90672623541679
15.910058202327713
15.913670284347353
15.917586565950002
15.921823193470498
15.92638846982117
15.931291573230133
15.936559991570448
15.942192079357673
15.94820818567103
15.954621710365915
15.961446109918917
15.968687868209877
15.976373286642506
15.984500445821853
15.993085375651004
16.00133292360441
16.011681334130145
16.021699547585005
16.031414661557996
16.043223775258085
16.0547443292404
16.066768352088115
16.079301044305577
16.09234208652735
16.10589187488226
16.119193630971687
16.134489902127545
16.14953673778842
16.164334267258116
16.181053095075736
16.196804265597038
16.21371215049471
16.22500461100015
16.24880283674443
16.267591927037675
16.28545040078356
16.304940584767657
16.324101305173464
16.342958325403988
16.357444538235853
16.37754836006808
16.397863901862323
16.418362081742636
16.44428442889574
16.464899395156483
16.480597279929253
16.501477229848785
16.527072071271807
16.54779125318527
16.564055893075068
16.58859822922465
16.605360526674307
16.62578690793856
16.646018822419933
16.66601578341878
16.685757060057252
16.70827197996616
16.727608584564766
16.746252867074105
16.764527214890382
16.779498605333043
16.799848112025106
16.814192006421607
16.833400900205945
16.849222890141743
16.86269215078565
16.877855247803094
16.89442819792151
16.908454008344677
16.920157300497888
16.935097193141456
16.94566669609737
16.957602907021435
16.969007523000148
16.979879359281018
16.990227779497165
17.00006503802417
17.009405494036486
17.019761556385447
17.028119623279593
17.034596338629957
17.042115880065662
17.049233980676988
17.05597665900082
17.062362249643034
17.069667011725528
17.075576044659105
17.079716790623877
17.086222193963536
17.091435176960264
17.094973056357404
17.099735355093973
17.104398237820455
17.11035763454569
17.11490437497144
17.119439762916123
17.1226213364493
17.12722726176224
17.133268010125143
17.138043606819604
17.142948251597467
17.14800622163663
17.15195600621255
17.158660568112744
17.164295171111462
17.170160027557035
17.1751564913414
17.181574859295836
17.189228972548396
17.19521471236425
17.202449406176665
17.210662303787622
17.218327344474005
17.22625412702702
17.2344222567691
17.242822599606786
17.24945515474198
17.27215671026467
17.294104446041878
17.302188349524997
17.347179357045437
17.30561256428006
17.3171325149078
17.328793178205856
17.32670244026157
17.352344734289336
17.364150682695612
17.37590135690481
17.387555252697506
17.39904793456001
17.381106332753447
17.38912297787814
17.396686689382186
17.399397545429164
17.410160694591266
17.415940567449635
17.469737801135565
17.477618234365377
17.421591547936423
17.43102356025615
17.432416971957835
17.432716910024162
17.4318433744518
17.429720876345158
17.41622056404737
17.421429949778002
17.415111640701348
17.40725054432418
17.39777146454068
17.386602828640644
17.37367496645581
17.35891356502264
17.34226092691647
17.323653040882927
17.30301670298122
17.280304233000123
17.255443315361045
17.212582741950577
17.182745893018073
17.150607673489844
17.13353107233213
17.079261170891755
17.03996367550573
16.998213541064462
16.953962069735116
16.907187817814705
16.857862751447964
16.80597086772734
16.751487984021455
16.694401077519668
16.634708192499193
16.572389014095098
16.507457747214804
16.439903356827024
16.369743096080146
16.296977362738758
16.22162769689689
16.14087067536864
16.060367136574005
15.97734603815529
15.894783599150903
15.803869849961155
15.713486152935536
15.62073243531607
15.525648028379523
15.428282214765435
15.3287135428819
15.226909813850828
15.123016223552487
15.017069635212641
14.91231298543666
14.799260773887383
14.68754031295416
14.574062323312996
14.4588364696368
14.34195045282485
14.223565551285493
14.103673050313189
13.98237340835421
13.859764929486266
13.735892365269393
13.610925859767015
13.48483684082518
13.357806545046127
13.229880903154125
13.10115229182085
12.971708410601122
12.841631481088417
12.711012602247479
12.579931447614134
12.448479118605562
12.316740040590227
12.184788652593566
12.052722184582828
11.920613063339186
11.788536374937443
11.656580004639428
11.524816564730777
11.393317270471554
11.262165202685274
11.13142487231766
11.001165652984529
10.871470580706978
10.742369994667433
10.61391762598631
10.486222690998002
10.35931808243613
10.233253347965054
10.108094280691123
9.983872282746123
9.860646039576302
9.738453734990115
9.617337987185323
9.497339084065283
9.378490960675093
9.260831985802742
9.144377969392268
9.029177610294267
8.915237806707047
8.802594924101884
8.69126137988812
8.581275695166166
8.472605207198333
8.365311208154651
8.259388452368517
8.154845175549903
8.051691388812126
7.949932629242263
7.849571777198308
7.750610384867662
7.653048968322194
7.55688641194505
7.462121310717524
7.368748412532857
7.276762151660928
7.186167301880022
7.09692655287034
7.009061149112248
6.922551668489583
6.83738818654412
6.753558862263391
6.671053156627261
6.589859490472639
6.5099658938226845
6.431357602114403
6.354022415120138
6.277947804210999
6.203118855504767
6.12952118566732
6.0571462033899754
5.986419903224307
5.916412522012056
5.847174156000942
5.779912190685007
5.713391298298936
5.648004761157994
5.583737523515835
5.5205773164560386
5.458508553948632
5.39751898075138
5.337593942964895
5.278721307343204
5.223116628137332
5.1662046251097
5.110310680994313
5.055422096015412
5.0015253173715335
4.94860655020529
4.896653314630079
4.845652624799755
4.79559175981023
4.746457506176176
4.698237218452828
4.6509176591693855
4.603110851286395
4.557596738876335
4.5142367984933465
4.47039263760823
4.42602110801057
4.385202523281964
4.342660562315706
4.303258586235394
4.262348327497733
4.224457535263349
4.186204309753291
4.147515321056448
4.11192849457642
4.074848843855108
4.049611649476691
4.005907532392812
3.9719562644058293
3.9474032300688995
3.9050974224199297
3.8741037231554256
3.8427820231561056
3.812089811373026
3.7902521213633014
3.7525523738678173
3.722781508280014
3.6954103951914075
3.6667291281307257
3.6405891361100036
3.621732069882737
3.58802103109915
3.562562736197062
3.5368081256717927
3.512434276115388
3.489409608268951
3.473307987984313
3.4432677139840986
3.4200823912176737
3.3983028938113073
3.3779015053198918
3.3571239171093974
3.3359836237298035
3.3162091983340423
3.2969303358468007
3.278231784600668
3.260713007968781
3.2429151550405266
3.2256095271265446
3.2079220350620017
3.1924743911089073
3.175750170500204
3.161304580668775
3.1464560305768328
3.1311566816994896
3.1182288687421194
3.1048488341972784
3.090946624379996
3.078513003546892
3.0665613113534933
3.056194262569713
3.044209854143469
3.0347553334237576
3.0235237491073126
3.0139388524006434
3.00481496679012
2.9975145902545743
2.989347108064951
2.981622682398554
2.9727943997710202
2.9674694296551056
2.959357378248001
2.9532476701371975
2.9475279296273817
2.9421861083321987
2.9372072432958847
2.932578165742287
2.9282821378244748
2.9245216998634453
2.9206242714685167
2.917460521130774
2.9143335063658786
2.911449322622868
2.9085300720437925
2.9060643406158277
2.9037731368091775
2.901642226246558
2.8996456234768138
2.897760720565969
2.895964152087668
2.894232260976773
2.8925409266959767
2.890866015624397
2.8895144681465537
2.887473908108756
2.8860455942035292
2.884205513543296
2.881909871933194
2.8801985075142738
2.877987001917068
2.8752398552405007
2.8730406730725555
2.8702648278272895
2.867262120301286
2.8640134601583727
2.860502824590189
2.856713343487095
2.8526298498989497
2.848239004882023
2.8435284913136147
2.838486540421122
2.8365930804068658
2.8273701519047667
2.8208880713012894
2.8183047713054896
2.8076188420691155
2.804269943670912
2.793248387762422
2.7849264539696805
2.7770021220647743
2.767946896272468
2.75927839699887
2.753206348256257
2.743417658245494
2.7332802069156243
2.7228012449625147
2.711991122371243
2.7008604419250264
2.689419395146054
2.674200672961949
2.6656586073970936
2.653364884067163
2.6408142085161685
2.6280215604046386
2.615001490258838
2.6017697209740724
2.5854047203927846
2.5718187730768363
2.5609586672046714
2.547035541481745
2.5301212212063007
2.51880213572941
2.504522202670628
2.490153441969327
2.4757096814677886
2.4612044507294915
2.446650863589415
2.4320612565444653
2.417447952281976
2.4000012121858463
2.3881901740435416
2.3735651418093173
2.3560983838789173
2.344367634896044
2.326911727214372
2.3120348011880916
2.297850427855083
2.2863523938346164
2.268611834472572
2.254566965177635
2.243303245077142
2.225941038589257
2.2148465934027857
2.1974996375102274
2.183344655973253
2.1692296641461826
2.1547777268054222
2.140725682370709
2.1267014502307164
2.1126986107222274
2.098711768524328
2.084734175297495
2.0707600138626017
2.0567811354355814
2.042795078008193
2.028781860036566
2.0147502181468444
2.000679773836792
1.986563205561004
1.9724009942692653
1.9581808527455684
1.9439004408707157
1.929539530351042
1.9151033602112313
1.900580884506025
1.8859665382844288
1.8712548610339361
1.8564386509428012
1.841517824596789
1.82647501896346
1.8113193773639966
1.7960432473206807
1.7806425544684676
1.7651168463703741
1.7494620662994436
1.733679159047766
1.7177662313010331
1.7017238768216605
1.6855532411672391
1.669254168069529
1.6528294867336548
1.6362814953388385
1.6196137122627388
1.6028286147670552
1.5859300863932266
1.5689287747898188
1.5563308280451935
1.534606980227975
1.5173072203460438
1.4999214974434387
1.482460956592985
1.4649190731784967
1.4473164398222278
1.429660446595997
1.4119454059784524
1.3941920394374856
1.3764046382810002
1.3585941998689508
1.3407580272272985
1.3229164269733522
1.3050717092371054
1.2872339533834747
1.2694111911568047
1.2516110938962282
1.2338424553185785
1.2161125439531828
1.1984296060231154
1.1808012748873482
1.1632352811660769
1.1457390366502276
1.128318974987278
1.1109838188272219
1.093738723173927
1.076591121712688
1.0595472787624254
1.042612900458605
1.025794407164318
1.0090977243339572
0.992527596617333
0.9760890150061471
0.9597884268972953
0.9436283821520651
0.9276145699180094
0.9117511563800758
0.8960415783162358
0.8804902078303475
0.8651000323113782
0.849874659354301
0.8370542944791517
0.8199288647774631
0.8052146895135522
0.790676008463291
0.7763146190160866
0.7621330214028839
0.7481325745542629
0.7343153307120296
0.7206823943524857
0.7072350032606763
0.6939742887343427
0.6809009518146736
0.6680159368297562
0.6553191894604447
0.6428115216195047
0.6304931144603259
0.6183635973159765
0.6064230812266085
0.5946710343949517
0.5832408857457012
0.5717307622387611
0.5605407308330465
0.5496584948286557
0.5387167552414504
0.5280804035754106
0.517626031443772
0.5073519035698807
0.49736107090140513
0.4873393452317971
0.47769332163838374
0.4689659101669905
0.4595382983343633
0.45028055506574516
0.4411903288305253
0.4322653084869977
0.42350302978631565
0.41490098686113475
0.40577192591513667
0.39816718836994286
0.3900301616398196
0.38141417266280525
0.37420256731347157
0.3659113005446618
0.3589522243219131
0.35153688817277634
0.3442578529426818
0.337112628147011
0.33009866779749725
0.3232134128218888
0.31645453198524587
0.30981969592929315
0.3033066521772008
0.2963947627338432
0.29063760046370285
0.28403108387963694
0.2784315656095385
0.27249782663555117
0.2662092819687993
0.2609609024270533
0.2553549723698364
0.24985595858068313
0.24446255652245472
0.23917396429459542
0.23398928718413964
0.22890792211911964
0.22392921539842725
0.2186697757567988
0.2139038644599373
0.20923946083359676
0.2050322220941012
0.20021388246990313
0.19619062982053523
0.19159178404788996
0.1874318018836909
0.18368362774290686
0.17971585437101054
0.17819308396960656
0.17179752160439138
0.17061474302882762
0.16697607143489154
0.16343750146951588
0.159998961972061
0.15666006467262428
0.1534204734689664
0.15027974294681656
0.14552835340952067
0.14264973552044644
0.1398663340852208
0.13869175507125067
0.136033958007526
0.13190145302410106
0.12949350847664476
0.12861480497494904
0.12493934609805095
0.1241145283495579
0.12072106349826353
0.11886800050827964
0.11682095134443547
0.11510952787555173
0.11334027010769063
0.11164074185026855
0.10990701029048888
0.10931145725328126
0.10777852119151766
0.10630651105957972
0.11211314663088325
0.10353339548990059
0.10137092600066527
0.10436759674271208
0.09892665189317422
0.09858466845479746
0.09745427470199824
0.09636077949894867
0.09449305881300318
0.09427325607904798
0.09327399927288815
0.09150785349183164
0.0913521508315202
0.0904251052516298
0.0895179231855681
0.08862876549000308
0.08695192611503569
0.08689799941752989
0.08605363211058081
0.08522166314534577
0.08440121056724516
0.08359141846793722
0.08279175186533383
0.0820017514440965
0.08044359026405944
0.08044970990907396
0.07893939948067409
0.0819088797537017
0.0781916531995423
0.07745840910489357
0.07611979116414942
0.07542613614336977
0.07467329478494143
0.07400883520595275
0.07395764987203465
0.07272897788426548
0.0721078142264289
0.07200853293596056
0.0752339135017982
0.07078030089837925
0.07184873851451658
0.07240662009577066
0.07043723948106806
0.06975229743755093
0.07019187633720815
0.06939895622528894
0.06862300756362091
0.06786502765842461
0.06712572901632381
0.06640570227279037
0.06570524868284615
0.0650245036072869
0.06436327404720958
0.0637212204350799
0.06309766472143453
0.062491747592563464
0.06190233981227866
0.06132808530326747
0.060767438758291124
0.06022664916620052
0.059679577462027164
0.05914829550414798
0.05862244693122918
0.05809962528190648
0.05757735051322912
0.05705306006088728
0.05652418082678431
0.05598810988271552
0.05544230810457315
0.05488426714929294
0.054311598326881594
0.05372203227702531
0.05311347460249164
0.05248402623014826
0.051831988947943615
0.051155950039323245
0.0504547363042234
0.049727503575737075
0.04897370285701679
0.048193173278200635
0.04738373496169695
0.04655282913741928
0.04569441576556277
0.044812073489020186
0.04390491605771071
0.04298234075974369
0.04187897898738265
0.041080763911717104
0.040109835744130275
0.0391297118126046
0.03814388026975443
0.037156048914097704
0.036170116177149304
0.03519011612094899
0.034220179504459686
0.033264485898594154
0.03232720097428149
0.03141246449796215
0.030524279382302386
0.029666495992223933
0.02884274289642962
0.028056366643261985
0.027326391132931976
0.026625614663020422
0.028490290721141752
0.02815588171660044
0.027868337657406213
0.027667546108770032
0.027469921756860638
0.02731056730096107
0.02718530923515649
0.027089244855434045
0.027016843122284487
0.02696186294083913
0.026917532651068665
0.026876394669304166
0.026830492546476466
0.026771296181849882
0.02668989584885073
0.026576888492716496
0.02642259172679183
0.026217019594844234
0.025949935986038848
0.02561124288268289
0.025190437281459584
0.024677359139432586
0.024061881570919784
0.023334180563863393
0.022484776386092593
0.021504665013634294
0.020385400320330475
0.019119181716515193
0.017698995994607107
0.016118758691081526
0.014373251446359005
0.012458428643298283
0.01035490800365103
0.007155177444376018
0.005085981123942841
0.0028272666068577448
0.0003758810911695097
-0.0022699535731172367
-0.005110510232125858
-0.008144438556736749
-0.011377143723762114
-0.014778730903945774
-0.018367813164501222
-0.022127619361587053
-0.02604789072205768
-0.030116456193432516
-0.035154217607550296
-0.03864009633202858
-0.04306123130448946
-0.047562772036248875
-0.05212310126196649
-0.05671877069729241
-0.06114718533475101
-0.0644548166345499
-0.06665872186278228
-0.07015420145172008
-0.07345122252465396
-0.07651869103203014
-0.07932507732805368
-0.08183881441824757
-0.08402837568215984
-0.08429734697011876
-0.08556706543427106
-0.0883416309591213
-0.08674212798812858
-0.08689854083422567
-0.0886494224174734
-0.08518048626765017
-0.08350128319163912
-0.08124667485613996
-0.07839776331403281
-0.07493801861906862
-0.07085327413235305
-0.06613200517757549
-0.06025670746457109
-0.054747832968850836
-0.04807612079229243
-0.04022414632599788
-0.03277477816119436
-0.024155246508268932
-0.01431436317204645
-0.005028449748260819
0.0054487896859850005
0.01650965934653781
0.02813076587327664
0.04028551622535828
0.05361419722307803
0.06675049848146081
0.080395296377663
0.09435871980447524
0.10867287726512358
0.12329443017500663
0.1381763989015094
0.1532701727069668
0.16852463322902653
0.18388728173815566
0.19930395622243396
0.21471930764881492
0.23007695370549094
0.24531974676775015
0.26039022818207214
0.27523072543803245
0.2897837438967147
0.3039920340924591
0.3177995766920331
0.33115070926046586
0.3439915888079904
0.3562698307560046
0.36793486321582014
0.3789383623680501
0.3890891445560342
0.3986912803777136
0.4052680395832695
0.41764868280415346
0.42655201216861033
0.4286941613961392
0.435854400408473
0.4385287903017638
0.4446222455084742
0.44754673570899517
0.4458187890192208
0.44627141718448504
0.45033912452334984
0.4435557637806802
0.44718226942425965
0.4381589501459517
0.4336911344724865
0.4274337915445999
0.42194384128218504
0.4147135266819778
0.4066178665012663
0.3976906872675278
0.3879692781126286
0.37749399412762225
0.3663082025635719
0.3544580295366332
0.34083744177172604
0.3279074640850049
0.3142333447566329
0.3003445581751992
0.28593762229400843
0.2710681851576037
0.25603622228178774
0.24077879276648306
0.22535433981040437
0.20982096521730015
0.1942360822739302
0.17865683885932593
0.16313929913801264
0.14773780245310075
0.13250575444634677
0.11749441127067543
0.10275308412539244
0.08832882613318889
0.07426628804461452
0.06060741991738691
0.04739134137306673
0.03465429510792318
0.022429350021508837
0.010746426892505087
-0.0003678662835988264
-0.010890428006000631
-0.020801294588357513
-0.03008416200768829
-0.03872608873998238
-0.04646194069252631
-0.053854187350466196
-0.05945096219715475
-0.06027316062700783
-0.06953274709003655
-0.07855233933831304
-0.0841802621415004
-0.08545134247048217
-0.08872108663710632
-0.09137872880157945
-0.0913626240563554
-0.09225445211004013
-0.09315817071098688
-0.09328734122154413
-0.09253129272273848
-0.09214405072438057
-0.09046280778364574
-0.0888356230012732
-0.08685441442261055
-0.08455076680379808
-0.08195647188258508
-0.07910338787235247
-0.07602330966843521
-0.0727474776434155
-0.06930675939660982
-0.06573115780835269
-0.062049891940199484
-0.05829112156720319
-0.05448177590234983
-0.050647615500704186
-0.046812870083790876
-0.04300034293137419
-0.03923111975878621
-0.0355247985043928
-0.0318991417244899
-0.028370142884905074
-0.024952538653155033
-0.021657391407445402
-0.018496613885924267
-0.015478733199086547
-0.012610785031785976
-0.009898150411245192
-0.007344552144352669
-0.004952067909734018
-0.0027212905538925233
-0.0006513179110710816
0.0012600936428511476
0.003016424561711025
0.004622381504803959
0.006083691362879647
0.007407013423344104
0.008599884464669338
0.00967049949444209
0.01062770420484038
0.01148076454564402
0.012239354039203813
0.01291339877211645
0.013512910446343698
0.014047922929028346
0.014528492301247626
0.014964403596906003
0.01536520780769008
0.01574010512172082
0.015438048196235432
0.01554095788482097
0.016086499694106162
0.016558110532318177
0.016966831484690463
0.017323375310076904
0.017638052981602065
0.017920677567075747
0.01818051678679388
0.018520798569267704
0.019364128128790636
0.019751400989640292
0.021387455972239067
0.021766150488505106
0.022736561705299547
0.023412572605810106
0.02377181743910493
0.024979287249203112
0.025724481768322406
0.026608986165128835
0.0273862688644783
0.02824175531675064
0.029107836995398064
0.0300612097011861
0.030853180143812935
0.03181150977511614
0.03267597696516487
0.033527010504816865
0.03435996686348691
0.03517040681548509
0.03595413144168736
0.0367072121295845
0.0374260256919563
0.038107294574727175
0.03864647518565934
0.039346225401732104
0.039899386386994265
0.0404060948844472
0.04086528372512932
0.04118041213105642
0.04163899641391786
0.04112849598335508
0.04222106670558979
0.04244240432147016
0.041861937861844445
0.04275373271040779
0.042139962443818756
0.042905179371329843
0.04292794160285572
0.04228559532589044
0.042273552677205416
0.042824323577495924
0.04217911016430437
0.0426491664661053
0.04254156262436293
0.04242586463525315
0.04225155388000977
0.03979601031137872
0.04160474284336102
0.041961685413963196
0.04181422944724573
0.04173125766403141
0.04166525292626615
0.04166689940679381
0.04164273658327586
0.041643183135297517
0.04167013945705916
0.04172511083801185
0.04180933643438116
0.04192370953088218
0.04206872626449417
0.04224466032602492
0.04245137551492156
0.0426884569406018
0.04295524636345331
0.04325075845027047
0.043573853657089885
0.04392301352469288
0.044296689695882484
0.04469309445493308
0.04511032322014898
0.04554627890059739
0.045935346616712835
0.04645985515517349
0.04694616859087998
0.047429606892562856
0.04786665139184638
0.048370445714135735
0.04894912546825968
0.04938984022832084
0.049974724028532896
0.05041440741867584
0.050925305808469316
0.051509810228129116
0.05200879918797799
0.052512004959121436
0.05301949148989443
0.05351550026112272
0.05400796688173361
0.054497484898576726
0.05498469604306264
0.055470589026114986
0.05595633331459106
0.056443284470958276
0.056932902561750445
0.05742694209085744
0.05792717611072548
0.0584355716834091
0.05895416954430403
0.059485008844498366
0.06003026204843951
0.06059201521607352
0.06117243872632436
0.06177358758398406
0.062397469700818865
0.06304602378334481
0.06372100358463878
0.06442410669314536
0.06515690616311286
0.0659206197689763
0.06671651424236533
0.06754545063152441
0.06840819686729971
0.06930527759862001
0.07023692493686326
0.07120324712391923
0.07220404088310571
0.07323890619037532
0.07430722694133651
0.0754081839607596
0.07654073543949427
0.07770359718078017
0.07889547867502278
0.08011475739774859
0.0813597209483251
0.08262854323685373
0.08391934715877959
0.08523014121421217
0.08655850843342086
0.08790326116902944
0.08926151454801562
0.09063132279847992
0.09201068633292031
0.0933976185204736
0.0947901618247451
0.09618652236966052
0.09758493510626831
0.09898377633310078
0.10038159587376516
0.1017770661571418
0.10316913124513065
0.10455673889710423
0.10593904420662385
0.1073154717343269
0.10868555940543205
0.11004906683266258
0.11140593467313628
0.11275617153623049
0.1141001639004939
0.11543830108331705
0.11677063551341216
0.11809931635394891
0.11942390251264168
0.12074570501416865
0.12206582849428893
0.12338545065999883
0.12470584792543683
0.12602824136925014
0.12735397053941977
0.12868458934999225
0.13002122072458694
0.13136541072234642
0.13217586925364067
0.1340819586039952
0.135456950073913
0.13684474855313186
0.13824662341928518
0.13966377460265794
0.14109657447062654
0.14254789600000417
0.14401685567460015
0.1455050387808025
0.14701298193542434
0.14854155224177773
0.15009123563953858
0.15166265127477999
0.15325615271603804
0.15487223881171536
0.1565112609947001
0.1581734687678554
0.15985892916742253
0.16156799807360972
0.16329997413223887
0.16505647690976527
0.16683775412318336
0.16864214737552333
0.17047072100702587
0.17232359391472313
0.1741998879275129
0.1761014680790982
0.17802852709243155
0.17997874972600147
0.18195487440758057
0.18395723138128328
0.18598354985707682
0.1880377472386005
0.19011761658940535
0.19222354022819044
0.19435800426130853
0.1965206421063686
0.19871216064398806
0.2009332216546792
0.2031846295110564
0.20546808626541063
0.2077827235365191
0.21012919745682876
0.2125113939982315
0.21492746242205965
0.21737927305330296
0.21986786247280593
0.22239433315834384
0.2249594716930054
0.22756443759672976
0.23021016084877322
0.23289776518236172
0.23562811099139053
0.23840211011289103
0.24122096979289664
0.24408405918146162
0.24699584930437363
0.24995374099820433
0.2529594858363741
0.25601371166876913
0.2591172879043071
0.26227069241178186
0.2654743286765972
0.2687286190547732
0.2720339064533107
0.27407841053871396
0.2787984795943165
0.2822581136204879
0.28440316175254515
0.2893318759439452
0.2929460519637106
0.2951894716231165
0.3003274196257225
0.30263431061678914
0.3064318103007643
0.3102786768831935
0.31553831102653473
0.31811826952526767
0.3221095726703047
0.3277232185611162
0.33023157795337765
0.33436052839905417
0.3401676297897098
0.3444036622861647
0.347008539968439
0.3513084745838245
0.3556488466862679
0.361760767185091
0.3644470488603109
0.368903118149445
0.3733960148193086
0.37955243161253177
0.38248910359253774
0.3887507043574363
0.39359026811883
0.39827631536534314
0.4029936021333937
0.4077456202743568
0.41233516855812946
0.4153807286845029
0.42219904905858585
0.4270817517287663
0.43199730497155725
0.436739075623677
0.4419290048967035
0.44673538516274724
0.4517861513325985
0.45687310345737564
0.46221488893795604
0.4673793871614206
0.4725830937165396
0.47782780729630703
0.483114208482298
0.48618477774949737
0.49381581905536637
0.4992383324277401
0.5047059282133488
0.510219905693752
0.5157884451996353
0.5214062490989017
0.5270768669003627
0.5328010305907788
0.5385799785583316
0.5444146808544041
0.550306034475846
0.5562546466258633
0.5622611043367354
0.56832560720719
0.5744490311642856
0.5806308342524613
0.5868710826884722
0.5931695975915463
0.5995259427602395
0.6059392282956472
0.6124095089200767
0.6189349299291161
0.6255154454941312
0.632148877363673
0.6388347724047099
0.6455714949794431
0.6523578818614482
0.6591916467855976
0.6660722976515263
0.6729975194035188
0.6799659975262936
0.6869759260024064
0.6940262611913762
0.7011156930183234
0.7082420315675908
0.7154049593673869
0.722602298702393
0.7298341463556064
0.7370955119096154
0.7443955989582995
0.7517237367460631
0.7590837870053626
0.7664745360382405
0.7738960336776248
0.7813481704458137
0.7888320181187014
0.7963469894101132
0.8038938084642306
0.8114729123767606
0.819085861335044
0.8267319809584477
0.834413722193038
0.8421306573923901
0.8498841764842034
0.857675016701613
0.8655006209760094
0.8733723147487074
0.8812798380450743
0.8892269263378674
0.8972147073767425
0.9052421284468524
0.9133097672159922
0.9214174802417965
0.9295640009540915
0.9377476194527672
0.9459683302503324
0.9542234187975328
0.9625107468056381
0.9708235260593732
0.9791713595900623
0.9875384591250942
0.9959245700889849
1.0039008844840678
1.0127375945363135
1.0211536933178533
1.0295684804638834
1.0379763220942622
1.0463702303966955
1.0547432795426412
1.0630872596548868
1.0713950343936756
1.0796584875017023
1.0878680581664084
1.0960155964087803
1.1040914952501675
1.112085902142417
1.119989052604995
1.1277918350933753
1.135483429087654
1.1430536748219615
1.1500137692316061
1.1577874060388111
1.1649303883108741
1.171909573578709
1.1787110993494712
1.1853375739039609
1.1917647919000451
1.1979885812126971
1.2039972336241698
1.2097831011095437
1.2153355210468262
1.2206459828399827
1.2257059882609784
1.230507493859141
1.2350421285986837
1.2393033637028732
1.2432842688645898
1.246978966997631
1.250379838359222
1.2534847337315518
1.2562864213607654
1.2587830218576386
1.2609695293647198
1.2628454788438843
1.264406911204726
1.2656532506635498
1.2665841237420181
1.2671995656840462
1.2675006779499198
1.2674830128627501
1.2671652530513051
1.2665340318114633
1.2655984109759677
1.2643623416226832
1.2628311193953985
1.2610092160821855
1.25890403323957
1.2565203575485189
1.2538673872545818
1.2509509611032337
1.2477797897424456
1.2443627928685683
1.240703000808792
1.2368251371594596
1.2327243711235585
1.228414800079494
1.2239065131380635
1.219210118636033
1.2143358164981424
1.2092942488145035
1.2040970411608984
1.1987531245709575
1.1932753272874643
1.187672852105703
1.1819561628779591
1.1761367244050098
1.1702245551479846
1.1642302338665063
1.1581631105903096
1.1520339449503414
1.1458520447086582
1.1396263523033343
1.1333666759999335
1.127081700281994
1.120779769589721
1.1144691998928176
1.1081580669688096
1.1018537887054003
1.0955639834861048
1.0892953849091795
1.0830541463532812
1.076847291814822
1.0658621497457297
1.064554592739229
1.0584841780603598
1.0524740314193228
1.0465199038352304
1.0406308684802192
1.0348112613760772
1.0290631398610381
1.0233922959338735
1.0178008205506055
1.012292112322735
1.0068687719325613
1.001533118143322
0.996288154900644
0.9911360967573941
0.9860784288732141
0.9408679213973432
0.9762553015146905
0.9714939226848592
0.9668349654067334
0.962279661431032
0.9578294611339853
0.9534870421132244
0.9492527033217029
0.9451298698305767
0.9411184469938951
0.9372217659099238
0.9334406778180293
0.9297777741245654
0.9262351212986344
0.9228146253188956
0.9195157968915457
0.9163521883278356
0.9133113439165297
0.9104117536640766
0.9072357088836669
0.9046106517070286
0.9025340836205944
0.899795935934986
0.8980092231912692
0.8959840599282409
0.8937205037058022
0.8924069110958937
0.8904859967549608
0.8891279394476692
0.8879494237217938
0.8869560511189537
0.886153486287633
0.8855469440157062
0.8851425140038305
0.884946248444164
0.8849638758980602
0.8855679565623676
0.885666865455093
0.8863649560050146
0.8876568314379922
0.8853287791685318
0.886790530619806
0.888512410761962
0.8905006777778737
0.8961655441948146
0.8953053687381289
0.898135572549736
0.9012600659088402
0.9046866426419274
0.9084218501744867
0.9124718032450726
0.9197260665012892
0.9215469097295503
0.9265852010683935
0.9319666672468374
0.9376977969647972
0.946844841192661
0.9502352644509274
0.9570543739056845
0.9669183619849907
0.9718232687854402
0.9797842128265046
0.9881378375302969
0.9968875250211872
1.0060385313972997
1.0155953124830155
1.0280384853202045
1.038389085122847
1.049154732870496
1.060338791310956
1.0719418491737793
1.083965270143302
1.0964098210232918
1.1092744870784226
1.1225591283841476
1.1362617487607665
1.1503793216246352
1.1627532314707463
1.1777206407132568
1.1930907816197946
1.2088573838083367
1.2270465794820304
1.2415511963306112
1.258461668496745
1.275734653321026
1.2933593177831042
1.3113239209831056
1.329615482185703
1.348219817570309
1.367122073867808
1.3863068254914415
1.4057558040239673
1.4254523592719186
1.447215395477752
1.4673130512835049
1.4858298670059897
1.508049156850723
1.5269466777440541
1.5476976839238963
1.5685452573118384
1.5910590321136373
1.6104309164690382
1.631418018259141
1.6524008560815857
1.673351748062525
1.6942444083721309
1.7164503326188667
1.7371135948800736
1.7576375751991562
1.776686128617108
1.7981598372619958
1.8168499888557075
1.8378011400924725
1.8560232162138455
1.8763529947217565
1.894001448259041
1.9136146852326394
1.9305897279538213
1.9493993414624862
1.9656071505802677
1.9835350058547985
1.9988902839644616
2.0158676080653497
2.0302947144772236
2.045253643340329
2.059699545040094
2.0746164332305583
2.0879977527076345
2.0998509965588488
2.1131331288275788
2.1238872663484263
2.1360627998275707
2.145699697102826
2.156771582928918
2.166295945442493
2.1742511858902542
2.1837044649405626
2.1905558630595605
2.1988669725554884
2.205722615811994
2.2120754087075167
2.2179398918419304
2.223331074180395
2.2283830304331853
2.2327629367754183
2.236841917532375
2.240522789844083
2.243828128750639
2.246914112817906
2.249404640207028
2.2518650191256486
2.2537652405403663
2.2555531207505477
2.25711515494641
2.258633827554162
2.2598291124671652
2.2607163928957243
2.261646916263468
2.2624889621067203
2.263270125655005
2.2640179113018672
2.2630983006021617
2.2657124373180633
2.26458587460069
2.2654254948375327
2.2683979634769824
2.2695062940457045
2.270761641547195
2.27218838513284
2.2738086442541694
2.275644800287301
2.277719110599183
2.2800503407610933
2.2826605913485363
2.2855690093737353
2.2887940979901895
2.2923553848290457
2.2962714085785554
2.3002890835587437
2.3052356342555984
2.310325525806666
2.3158395751376917
2.321795986342069
2.3279257659320503
2.334827324795759
2.3422326099080966
2.3501630985155506
2.358641040078842
2.367690448229315
2.377335955951087
2.3876049658980474
2.398525566419427
2.4101299366406455
2.422450336283576
2.435523151941063
2.4493866235006245
2.464460386617662
2.480035557617722
2.4965426833056106
2.5140180402880565
2.532530773906381
2.5521274594460164
2.572875358668606
2.59483892893651
2.618089316430649
2.6426986261929333
2.668746422046348
2.6963130634962345
2.725486263711658
2.7563538915354773
2.7890109876608182
2.8235524619176378
2.8600817071401217
2.8987007861629857
2.9395178553161347
2.98264130593833
3.0281834553908067
3.0762597114423538
3.1269836555666313
3.1804739393543837
3.2368471078419856
3.2962209091557964
3.3587143428368127
3.4244424847508435
3.493521317888967
3.5660627706082746
3.642177495879361
3.721972760749779
3.805549802531411
3.893008627156612
3.9844391952857463
4.079927821110037
4.179549319435297
4.283389881498675
4.39149605622066
4.503927732102913
4.620728215738284
4.741930245696373
4.867558026424651
4.997619200420632
5.132114556263703
5.27102805288131
5.414331898446518
5.561981006046508
5.713931720397226
5.870100886006484
6.030407471109071
6.194752923303303
6.363020743129911
6.535081371226625
6.7105104402789575
6.889988255182211
7.070391534367019
7.258134097394776
7.446691262532705
7.637951835118913
7.831687075762443
8.027455387618122
8.243328719261584
8.425318613639785
8.626345554976655
8.828588936517024
9.031883378809663
9.237764178448431
9.439528611791857
9.643409526995388
9.846909036814916
10.04969981074565
10.250985246910394
10.451362476102044
10.650066667816462
10.846785006873025
11.041198494546968
11.23299535380268
11.421868244494805
11.607527470006083
11.789677578702406
11.968038658292928
12.14234910457643
12.312338857106166
12.477775091407857
12.638420998310734
12.794072772097152
12.944521735064093
13.08958800706084
13.229109472791738
13.362940174406713
13.490946477599783
13.613026089451342
13.729083477008368
13.839053520106066
13.942880280866362
14.040528112531867
14.132003933225882
14.217284602071393
14.29643065124218
14.369442711608022
14.437601417933736
14.497440759454742
14.552590771988143
14.603124260669325
14.646875367049978
14.684047232786686
14.718091268425761
14.745880879112844
14.768697571307236
14.7867331456759
14.799222974627504
14.81757682666716
14.822213177000132
14.822911808208703
14.811677260527562
14.805534590109621
14.796154758399851
14.783772866014697
14.768613741404321
14.750924455804496
14.730917492708683
14.708836645072283
14.684888375370305
14.659300406598739
14.632284942572287
14.604036836360756
14.574762866629872
14.544643936313877
14.513863107030184
14.482595818333117
14.450987427463627
14.419201342274775
14.387368781046813
14.355725651344228
14.32478150419479
14.296353677782152
14.268877722662458
14.231420132272227
14.201333346292673
14.172644618881748
14.144127093245826
14.116317109844578
14.089252621753372
14.062947926998918
14.03741040541349
14.012656083790171
13.988672052995803
13.96545162246876
13.9429701199748
13.921206625804084
13.900126773336083
13.87969592577517
13.859874614856837
13.84061294995459
13.821866168443359
13.803585805374434
13.78571085460935
13.768187331554582
13.750962710954534
13.733979372064708
13.71717571112739
13.700495543284314
13.683884221594985
13.667288755755633
13.650648776534599
13.633916188940699
13.617040740393486
13.599971193601593
13.582669005473376
13.565087576822759
13.547192644639157
13.528932170127005
13.510288520621335
13.49122083656433
13.471716680838394
13.451733262227801
13.431268892069836
13.410294305332748
13.388801629161497
13.366775487852724
13.344211583581314
13.32111095904628
13.297463458594931
13.273275554678317
13.248546450952139
13.223278837454819
13.197494438219788
13.17119201531987
13.144393013467763
13.117110768701552
13.08935373937474
13.06114933619231
13.032520378969927
13.003473886974394
12.97404630236352
12.944255658605652
12.914124950981218
12.883682433920397
12.852640445216085
12.821968608666728
12.79075159428364
12.759333077204717
12.725033536746423
12.69600339700128
12.661654687238139
12.629823812565462
12.600217895115577
12.568194976795693
12.534123149398264
12.50419438503177
12.472267778548396
12.438724518743626
12.407126890304477
12.375679640380524
12.344404827228063
12.313332372310498
12.28365188740219
12.251914775246213
12.221617975774823
12.184862087729678
12.16197531986234
12.127428427136628
12.099219879064433
12.071379648989033
12.043921052659641
12.005056230994885
11.980917178087724
11.957014150012236
11.929247340608493
11.906877277257504
11.885360580940612
11.863867361006228
11.842408173115436
11.820969822796288
11.799564810249805
11.778187718782641
11.75684160399128
11.735534938120558
11.714262998954586
11.693035647572737
11.671852883900623
11.650719291300424
11.629638341876674
11.60862073004317
11.596015627740954
11.567728899332517
11.547283492901046
11.535481390980662
11.517434631331723
11.519179346524835
11.50542063597796
11.48673669554428
11.473145103801452
11.45998774820463
11.447243992056839
11.434910652260532
11.422963369654513
11.422341646392821
11.410819484726357
11.389274042660533
11.378708932022986
11.368441991187346
11.372974067203202
11.364260576859026
11.339282465194094
11.349563533533319
11.321021962836669
11.312195698187242
11.303546142672484
11.295068097076422
11.309427301142891
11.304916874609475
11.295187368022674
11.288215955219345
11.284339185415527
11.274512248094721
11.267747504763031
11.261027787914044
11.257782805963423
11.251618883567904
11.244671561819676
11.238124417806715
11.232000235682085
11.225009757567209
11.218889547769894
11.207689637518378
11.205224177642881
11.19858594087111
11.18750424150129
11.180738603789017
11.178543216031118
11.171828902856717
11.165626960269867
11.153537865331685
11.14672438611343
11.139920017111914
11.138176709525348
11.126375479454758
11.12482665283073
11.118208757218607
11.10634800780767
11.099797581599997
11.09874239961053
11.093036468150965
11.080698204793752
11.080755017201625
11.074808467787333
11.069010975391752
11.057033898788301
11.051548145851925
11.052711126001903
11.047677783426655
11.042890538408088
11.038341835689353
11.034057644880368
11.030055288847224
11.026341542487902
11.01621541183708
11.019851416520888
11.017102103263037
11.014699325749307
11.005826462694005
11.004131703973032
11.009007004472519
11.001908240485417
11.007608432048912
11.008218348818202
11.008533808864456
11.009277006979246
11.010432932817075
11.012016224575571
11.014018984215689
11.016447795509817
11.019292826222184
11.022560748552653
11.026241958633403
11.03033020061994
11.034815017116534
11.039696162061352
11.044949060009937
11.050574010466129
11.05655165779776
11.062874772966094
11.069516829841298
11.07647135062721
11.083714622250836
11.091231032068114
11.09899529984077
11.106991810358501
11.11452425284307
11.123578905076574
11.132143921095421
11.14083965636862
11.149648688150299
11.158561599397764
11.166901230917354
11.176567292737742
11.185616433174243
11.194658832472095
11.203073579673227
11.21266903466938
11.22098841191619
11.229827651424728
11.239151059906158
11.247758593986067
11.256227238843474
11.263979522814369
11.272685400915805
11.280116748459843
11.287911378929543
11.295509027155942
11.29823087667429
11.30549448632226
11.312559635605906
11.319423098977218
11.330515251601641
11.336930046678761
11.338861631094883
11.344997146279216
11.350979686364301
11.35683207720843
11.362584917318944
11.368252278094877
11.373873468511189
11.379471489272014
11.385087138589729
11.3951623373467
11.396533505707065
11.402452414504234
11.408562956644154
11.414922100266665
11.421583487869357
11.428608852614275
11.436059122790192
11.443996021300181
11.452496147672765
11.46162321957518
11.471448140720284
11.482057264111976
11.49352764116151
11.505930120531941
11.51935843518401
11.533901728965631
11.549632003449348
11.566649185812373
11.58504112136629
11.609832741077897
11.631372975695804
11.65457800301696
11.674213459942255
11.706333167845926
11.735079994582499
11.765860456235139
11.799433202327796
11.827819762271156
11.871359736792005
11.911222564012673
11.954330757095917
11.999304183449297
12.046962099081808
12.097385151683019
12.150651774370534
12.206873676154729
12.266095932090016
12.328434316012626
12.393944675963938
12.46271242208341
12.534800811030454
12.610294783217704
12.689259937472078
12.771770652450845
12.857889487533717
12.947680275790074
13.041208339589542
13.138543877498897
13.239739805825131
13.34486350276477
13.453972473345097
13.567129313337746
13.684398227206716
13.805826144962284
13.931490397229572
14.06144736761748
14.1957551159568
14.334476747849331
14.477693538789923
14.625452840678399
14.777840258898905
14.934924034813697
15.096776442176692
15.263473439919029
15.435103432683249
15.611743535370916
15.793484264328589
15.98041601563257
16.172626708542108
16.37022226622959
16.573287724195094
16.781932592864383
16.99625877858863
17.216367291156757
17.44237042237399
17.674367235875742
17.912470892727004
18.156778991196145
18.407397527052034
18.664431284170597
18.927975972949934
19.198117940931855
19.47494704504341
19.75854834626039
20.048983312816375
20.346316292978543
20.650594211693576
20.961856777595294
21.280114675999553
21.60538210044748
21.937641045944254
22.276862006841853
22.622984498634995
22.97593714278713
23.33560577453708
23.70187022590136
24.074570509310306
24.453520286061224
24.838499313852576
25.229250162030038
25.625494942636557
26.026915826048743
26.433135707150683
26.843793938601635
27.25842949969233
27.676580642364556
28.0977351327007
28.5213458384113
28.946822549059682
29.373534040799925
29.800818257135095
30.227961566092688
30.681371588370002
31.09093301734352
31.52255568182113
31.92010768733511
32.33435013589809
32.74442391245801
33.15433567889247
33.55203709320276
33.941782389533785
34.32257721298396
34.6934038832478
35.04075289415093
35.3856480480975
35.72053781661717
36.03971255109686
36.36168185215357
36.65089396404013
36.901976788479075
37.17665231543675
37.387297053564936
37.60017675237381
37.79195150079235
37.96174471259939
38.108708261214026
38.228500399540614
38.32725259450764
38.40086973947873
38.448783482402895
38.47036804407159
38.465087998242694
38.43250474019309
38.37222231913596
38.2839357454375
38.16740069197448
38.02250157457216
37.849019560839295
37.64709682963952
37.41676384764587
37.158200705573414
36.87163517970792
36.55741096850631
36.21594515242612
35.84772165574502
35.45332438764195
35.033410075039406
34.58869874763507
34.119992430249006
33.62819300688699
33.11421007251654
32.579082293045154
32.023854917346
31.449672382409776
30.857702911884566
30.249176836690644
29.62535484895233
28.987546854733537
28.337098236289233
27.675348939190712
27.003683618637755
26.323520978162776
25.63625961965664
24.943314593790777
24.246078791579187
23.54597493078993
22.84437147471163
22.14265861151155
21.442165478737188
20.74422175850669
20.050101775961863
19.361053824018793
18.678285179837392
18.002933548410716
17.336115564300677
16.678883893422054
16.03221402553093
15.39705096461664
14.774256709419888
14.164635192251437
13.568921953518807
12.987787066700873
12.421836648567954
11.871598484211498
11.337516321901349
10.820007900871623
10.319376753015561
9.835883756615472
9.369725075530614
8.921008852403766
8.48980384598443
8.07610940731374
7.679857055168853
7.300936010800706
6.939178348828
6.594362276196152
6.266215162036435
5.954433719353339
5.65866425128002
5.3785196978901215
5.113579027397401
4.863391997452102
4.627482846423541
4.405353925397811
4.19648797873929
4.000355844146322
3.816410710671541
3.644105447612281
3.4828810543621094
3.3321818686382327
3.1914515001714676
3.0601348318932455
2.937688462161903
2.8235741338179503
2.7172709437569598
2.6182527891661906
2.5260361586730613
2.440134604124875
2.3600871743387253
2.28544849659245
2.2157973765741694
2.150730068083869
2.0898674009442613
2.032850657542433
1.9794904672472033
1.9290325168471956
1.8828080858964829
1.8379292718707485
1.8033446999945129
1.7551497071269533
1.7159614550293538
1.680249922928529
1.651389751001065
1.611057443024488
1.5852854949722226
1.54861269663889
1.5180294958692724
1.4898177782871147
1.4672812778725455
1.4347189452398141
1.4077063095555997
1.3828143612829908
1.3579439179928001
1.3330412863644998
1.3102006555424115
1.2865563123256167
1.2649672573192046
1.2425878011604832
1.2213738361054078
1.2008098909747145
1.1815664536219872
1.1621343167887388
1.142497657142595
1.1241633454711375
1.106445191183148
1.0891049602933685
1.0723633537488717
1.0568880382409613
1.0411545046638389
1.0259067782876532
1.0103814292017577
0.9968055140317469
0.9821770513532501
0.9687103927840114
0.9557144748392342
0.943680332720468
0.9313371224112095
0.918665412223048
0.9076178417436298
0.8954603483230771
0.8842929728634784
0.8733595487657626
0.8626346788760155
0.8528430701409377
0.8424726468440109
0.8322436229137218
0.8221352337833676
0.8121266598707787
0.8021989223323012
0.7923343981002062
0.7825171792496153
0.7727321543920559
0.7629662349572058
0.7532076366990619
0.7434467826500547
0.7336748001119565
0.7238854119629486
0.7140736169651275
0.7042356605612784
0.6943700100524989
0.6844759999565141
0.6745549497437996
0.6646090913976451
0.6630319171946307
0.6446590256891658
0.6433925133223941
0.6335628681796021
0.6146776152000937
0.6046990932067694
0.5936897330906907
0.5837493931384752
0.5749396310610064
0.5640103724114464
0.5652936864240168
0.5445337744802348
0.536065270966543
0.536838535592038
0.5275340985067097
0.5065962392589057
0.498759747483259
0.4885752386071119
0.4809102739620817
0.47222085970420646
0.46251136234184553
0.45535621895187195
0.44601468819824347
0.4380525930579474
0.4301597807960035
0.42260125372410373
0.4152529386551022
0.40811732478668455
0.40119733261270774
0.39449442261915013
0.38801004569696745
0.38174392734205254
0.3756956919148353
0.36986373357370317
0.3642466106091792
0.35883904394679367
0.35363720859990455
0.34863845697222895
0.34383618640715163
0.3392244959650995
0.33479668468769047
0.3305455668896362
0.32646339364954713
0.3225420247121655
0.31877293691813047
0.3151472474969062
0.3116559659519607
0.30828967291935944
0.3050392162645907
0.30194147380286646
0.29926538479998527
0.29626593274001345
0.29300778933923044
0.2901971347359704
0.2877117325153524
0.28475028185011164
0.28209872003744546
0.2794849894525577
0.2770386196353236
0.2743440103459771
0.27180468611024594
0.2693385003473978
0.2667625028802214
0.26568165767643087
0.26172533762864647
0.25790644948500313
0.2544142553802734
0.25224950248625255
0.2516712471337483
0.24908439369007795
0.24596921255197965
0.2440676052278306
0.23777559117799826
0.23890184473777284
0.23635486069142692
0.23389476573019868
0.23136759128398943
0.22882909959297337
0.22622541861956458
0.22372114017611983
0.22132752088927649
0.21876678270813973
0.2163226155595785
0.21390436158885828
0.21080841161481179
0.20923428576191466
0.20690817206333698
0.20387060807178228
0.20236562107331438
0.20016111359093708
0.19726123441146554
0.19585115491392804
0.1930545342715607
0.1910133069978934
0.18901397797847397
0.18705668288822752
0.18514115081072674
0.1832670933234021
0.1814338177790092
0.17964061146744414
0.17788644593859657
0.1761703141346757
0.17449088171535768
0.1728468358106052
0.171236765799533
0.16965922170596223
0.16811265360988767
0.16659554823865672
0.1651064219724842
0.16432025361724567
0.1628802101791369
0.16079223983991758
0.15940079465486176
0.15803058270158832
0.15733255653743022
0.15599348375671251
0.15467194340331616
0.1533673638651294
0.1514649794002975
0.1502039277587867
0.14955148055707004
0.14773015223846517
0.1465169942926896
0.14531947370222387
0.1441375279777306
0.14297123973411213
0.14182057221864242
0.1406856787342064
0.13956657567454933
0.13846339121608175
0.13737615904473313
0.1368081588670248
0.13524967509745361
0.1342102915213398
0.13094092192995174
0.13217870095827075
0.13118597365165918
0.13071113442464957
0.12980722435752592
0.12880413905460156
0.12792896069852092
0.12701603903081304
0.1231983411265488
0.12521224921029514
0.12431941360119564
0.12344222108570914
0.11963130395479624
0.12112862100419006
0.11792308975693987
0.11708686555274421
0.11858570444818663
0.11544813924844055
0.1169179964309483
0.11664416098208823
0.11581070123059582
0.11492540151151974
0.11152375199392078
0.11332173693997108
0.11001095567077385
0.10926454832271804
0.11038943546558373
0.1100371126102481
0.10921705148871098
0.10633497543826988
0.10760456625663993
0.10489966104342442
0.10596948333717261
0.10348265052387008
0.10278116007166173
0.10083428765863164
0.10291691588804112
0.10070742044728838
0.1000275806829848
0.0984512324307843
0.09868765305781355
0.09802858546664919
0.09638567528295705
0.09592589605480606
0.09530615117048355
0.09469256867242663
0.09579548114596227
0.09348690325508643
0.09289641814153415
0.09231507789316344
0.09160628404706384
0.09118241518754086
0.09063209792044818
0.09009293921181677
0.08956514334862885
0.08904877374123397
0.0885437885779401
0.08804996501403749
0.0875668983867052
0.08709414084443103
0.08663106280441621
0.08617689580575247
0.08573081033242452
0.08529183337671435
0.08473881897816402
0.08443119201207348
0.08400737152291647
0.0835864052438928
0.08316724091849585
0.0826511764131168
0.08222640302629566
0.08181221330990182
0.08139601518712251
0.08097705781056415
0.08055467543679276
0.08012843647768911
0.07969800325737522
0.07926322146752884
0.07882407597467317
0.07838079056088579
0.07793363191307007
0.07748315467709982
0.07702994046780985
0.0765747782312792
0.07611852087972594
0.0756621285304545
0.07520663684407493
0.07475310043823387
0.07430262023877868
0.07385628990822816
0.07341519359455469
0.07298031034308938
0.0725526119368214
0.07213292842013644
0.07172201780354
0.07132048924518697
0.07092882990941744
0.07054736885737485
0.07017629867706038
0.06981564606927641
0.06946527659106025
0.06912493968320482
0.06879422103082214
0.0684726058771465
0.06815944009953029
0.06785397145308586
0.06755539349471545
0.06726283831165117
0.06697536452898324
0.06669208698072035
0.06641207601357377
0.06613443805078405
0.06585833140554805
0.06558298295130387
0.06530770474067951
0.065031890186088
0.06475504326703134
0.06447680912601143
0.06419690275984971
0.06391522063261944
0.06363170529514903
0.0633464923649763
0.06305976667135213
0.06277183776899706
0.06248308763102072
0.062193980592388697
0.06190502960126922
0.06161676266746429
0.06132975953250601
0.06104458689851273
0.06077669017451316
0.060481837245038854
0.06020524903127021
0.05993239764464677
0.05966358621870324
0.05939906846029001
0.059138972098912744
0.0588833335026524
0.058634017999865326
0.05838516822274534
0.05814225952080909
0.05790303470908052
0.057667132160029985
0.057434084804496806
0.05720339732522359
0.056974524410209976
0.0567469558186014
0.05652011227553939
0.05629349107621143
0.056065868936649055
0.055838999934664256
0.05561032656516299
0.05538028922014968
0.055148679987441065
0.05491538066851633
0.0546803927736131
0.054443806529061056
0.0542058023311026
0.05396667283493302
0.053726793233966084
0.05348385561297143
0.053246674075609124
0.05300752776288362
0.05276980863797124
0.052534145399547254
0.052301191774854865
0.0520715616632498
0.051845859682978966
0.051624646624598605
0.05140839690373669
0.051197531111717653
0.05099236082095715
0.050793118676350314
0.05059993178885284
0.05041279788039382
0.05023162682671201
0.05005620416506212
0.049886233482482216
0.04972131490543589
0.04956094656445077
0.049404596155687826
0.04925163004422845
0.049101410961098504
0.04895324406019285
0.04880647683047722
0.048660422281028855
0.04851444207429796
0.04836796342689497
0.04821780920802099
0.04807142356168553
0.04791768089221032
0.04776458226346935
0.047612245989314156
0.04745456248725051
0.047294539933935176
0.04713229149872096
0.04696806907265083
0.0468021635375228
0.04663195367753123
0.04646690809283633
0.046298493874959705
0.04613023583469717
0.04596267768099177
0.04579634488815246
0.04563173742883563
0.04546934259690564
0.045309584025688895
0.04515282684059469
0.04499936667555768
0.0448472433018198
0.04470307229518526
0.04456039373458241
0.044421310955378476
0.04428569172103512
0.044153302479852344
0.04402384295428724
0.0438711135694438
0.043772197509124734
0.04364913400491899
0.04352728464909275
0.04340615814683835
0.043285275312171266
0.043164170060418644
0.043042418776942905
0.04291964032164117
0.042795521938753356
0.042669813744653826
0.042542340026605445
0.04241300549858141
0.042276808280768026
0.04214878311889788
0.04201411276061988
0.0418779938667412
0.041740700186338436
0.04160257164220203
0.04146396981382902
0.041325290934550576
0.04118695418057945
0.04104935655094912
0.04091289055537328
0.040777939897016446
0.04064481302396848
0.0405137776800119
0.04038505908414975
0.040258794380348295
0.04013505374396896
0.040013839433596196
0.03989506568314926
0.039778595876074734
0.03966420741764219
0.03955162115400115
0.03944052559140668
0.03933056116256341
0.039221335123969886
0.03911245305972203
0.039003520877410665
0.03889415410702939
0.03878399787154569
0.03867273865347561
0.03856011843614608
0.038445911967805904
0.03832999858514693
0.038212289062421016
0.038092803798281685
0.03797159903500049
0.037848829304044936
0.037724696875501895
0.037599469220219825
0.037473451243090816
0.03734699887123725
0.037220487577242826
0.03709431077036694
0.03696886406431052
0.036844515889596016
0.036719536695637545
0.03660053452520897
0.036481497313555676
0.03636474517247154
0.03625044894109438
0.036138718572331016
0.03602958966369051
0.03592302624524456
0.035818953613087255
0.035717234708188175
0.03561766825716377
0.03552002630491347
0.03542403795082649
0.03532941724389973
0.035235872159088966
0.03514309764014463
0.03505080482073241
0.03495873472926452
0.03486665671136755
0.034774368202737736
0.03468171759010981
0.034588611761081585
0.03449498288086191
0.0344008484304204
0.03430625686558033
0.034211296541482535
0.034116106186148625
0.034020858997946934
0.033925750150948036
0.03383098797705753
0.03373678326291832
0.0336433644876995
0.03355091807210678
0.0334596394159901
0.03336966513236601
0.033281114121907734
0.03319405807426285
0.03310852266660771
0.033024491103074954
0.03294190226333526
0.032860642121558786
0.032780557836929576
0.03270147354079339
0.032612414264853555
0.03254544337842192
0.032468032564899364
0.03239070630510271
0.03231322533844038
0.0322340065557211
0.03215699170625444
0.03207788926120065
0.03199796231058648
0.03191713002480103
0.031835377155894726
0.03175270753659246
0.03166919106389474
0.03158343569737929
0.03150007559904922
0.031414793139060315
0.031329291203089187
0.031243800191002567
0.031158537029397897
0.03107373283503357
0.030989617886206106
0.03090639111298184
0.030824240298233718
0.030743310492964332
0.030663724826237606
0.030585559720736594
0.030508848184118153
0.03043358934982472
0.030358966293075686
0.030287220047232655
0.03021591398928408
0.03014568225028185
0.0300763660846204
0.030007793328247507
0.029939787102213344
0.02987216907339677
0.029804776785059144
0.029737462268363827
0.02967009282349001
0.029602577182098935
0.029534836173942938
0.029466840587317026
0.029398584982341564
0.029330098874482447
0.029261432892647456
0.02919267877250433
0.029123935521595153
0.02905532702644297
0.02898628156221074
0.028919027272143707
0.02885159126313535
0.02878479405598349
0.028718740916076912
0.028653503768841234
0.028589145560371326
0.028525691210331904
0.02846314516977526
0.028401479289845176
0.028340639473883874
0.028280546713365235
0.02822110302853194
0.02816219194295902
0.028103693560838642
0.028045467915120796
0.027987398860345958
0.027929352827720647
0.027871227692617677
0.02781292620607162
0.027754379848581076
0.027695535811535544
0.02763637602879899
0.027576899666925607
0.027517134566755135
0.02745713212348282
0.027396964173609324
0.02733631440163784
0.027276489466894104
0.027216385969535597
0.02715651686867945
0.027096984514156004
0.027037881680510707
0.026979293408163022
0.02692127543225556
0.02686388592932137
0.026807141977653555
0.02675104144757058
0.02669556764435219
0.026640684192938736
0.026586321547717822
0.026532422960428206
0.026478893434296075
0.026425649625565116
0.0263725980876787
0.026319650024808433
0.02626673185698025
0.026213766558444127
0.02616070718809172
0.02610750925049315
0.02605415855303449
0.026000652409945816
0.025947009593512024
0.025893262209289784
0.0258394616751113
0.025785666248966607
0.02573194845262342
0.02567838477850486
0.0256250454918849
0.025571997881177668
0.025519308447197776
0.025467028340954538
0.025415197941308497
0.02536384213302117
0.02531296840802954
0.025262571221516057
0.025212625818134972
0.025163098226005265
0.025113942576478004
0.025065093809105463
0.025016503386005483
0.024968099563097743
0.02492460589439096
0.024871620427549056
0.0248234372520062
0.02477523774554123
0.02472699164920775
0.024678688003818113
0.024630328078429315
0.024581924452790626
0.024533496755493708
0.024485086639813698
0.024436733826351857
0.024388484458997207
0.024340389773405337
0.02429250022729792
0.024244855579645133
0.024197504587298597
0.02415047231361504
0.0241037759883893
0.024057432454868657
0.024011436385380967
0.023965779251778126
0.023920435863446568
0.0238753717484301
0.023830562187593024
0.02378595685488399
0.023741519861727987
0.023697205411238004
0.023652976899632083
0.02360880587452731
0.023565612950527573
0.023520535739063448
0.023476413297207475
0.023433291483658476
0.023389214412065682
0.023344159262350582
0.02330017130993746
0.023256275366711612
0.02321250946026044
0.023168902036055764
0.023125481141070794
0.023082278541658077
0.023039310994500888
0.02299659955407952
0.022954146458282452
0.022911955558796694
0.02287001594154697
0.022828316388788468
0.022786835670175146
0.022746790525869594
0.022704426952510657
0.02266344460111408
0.02262257736104291
0.022581800473767576
0.02254109030136504
0.022500439066214857
0.02245982978083667
0.022419268437038634
0.022378754724922185
0.022339656343759194
0.022297917498164285
0.022257627591230643
0.022217447176711817
0.02217739815210699
0.022137505441866098
0.022097777882876507
0.02205823491870841
0.0220188853918516
0.021979735252338786
0.02194228834614717
0.021902026467122467
0.021864979339262104
0.0218250455058309
0.021786793774438415
0.021748677829482546
0.021710682188474675
0.021672788592359993
0.021634983640372155
0.021597254445524003
0.02155959408100347
0.021522000402885436
0.0214844755564252
0.021447024960812338
0.021409653294265037
0.021372374950015188
0.021335203849875316
0.02129814617281834
0.02126122204729427
0.021224441830037414
0.021187811387535095
0.021151338701094993
0.021115024916404983
0.02107886964100114
0.021042867849948292
0.021007014495156736
0.020971298627146594
0.020935711933184137
0.02090023793538166
0.020864870864693765
0.02082960054347668
0.0207944154837143
0.020759313217480556
0.02072428736323367
0.020689344400694656