0.1759213222745527
0.17717252821930318
0.17894210671351538
0.18120194724547362
0.1830527757058286
0.18430143937691493
0.18666384192187302
0.1832959672955486
0.1850101175534957
0.1915044878511878
0.18843040119980287
0.19013559165851907
0.19183778070150864
0.19930111033186407
0.19523666231183473
0.19693689453797897
0.19864100910696822
0.2059909176576915
0.20783654485722347
0.20970067941783943
0.2115879724595574
0.21350324106849192
0.21545152176864524
0.2174381455428493
0.21946835612352217
0.22154727147397374
0.22445040813147654
0.22665837389779026
0.22812684305460632
0.2304491868011745
0.23284276888265515
0.2361627847498665
0.23012549874877966
0.23260471228543356
0.2351654117934149
0.2378087108012008
0.2405348553423382
0.2528317044863192
0.2548043892473776
0.258886401248892
0.26208176376656744
0.2653513442556607
0.26767198510813256
0.2710691716239776
0.274533731068674
0.2791245709721738
0.2816559393136016
0.27563713138712675
0.28902281922753115
0.2939060093002287
0.2966245189065485
0.2904106523342532
0.3056059541555693
0.30962420529159973
0.31253521682529284
0.3178491794955668
0.31026767761519136
0.32648118133224296
0.3307062092005042
0.3339237299475202
0.3384404809625331
0.3430491190273821
0.34775520838631824
0.3525647696125513
0.35748379473261016
0.35106503412543955
0.3689699363536252
0.3729534754026728
0.3666347624912262
0.38524032222438226
0.3776823924111566
0.3834177483703716
0.402910271982245
0.408886194208335
0.4014940617628299
0.4217405576125729
0.42675103323133234
0.42088329513709316
0.44172089060981884
0.4345186758363337
0.4415395572380106
0.46164879174773815
0.45596506769014666
0.47799761506310995
0.48412903125753787
0.4918474938487922
0.49966826756510596
0.507584965348695
0.5019002414345438
0.5236812353504082
0.5318481284638898
0.5418406369452289
0.548390857039784
0.5567558200313587
0.5651765213633047
0.5736487898208493
0.5821683881898791
0.5907322222917666
0.6010117298737527
0.6079803574078673
0.6166597320132465
0.6253739274887326
0.6358571548814467
0.6446524233465227
0.6534792897238189
0.6623368921030182
0.6714273906585876
0.6783277523786527
0.6872596940211128
0.6980696523909076
0.7070769069184758
0.7142314489950453
0.7253911959683559
0.7342701683544255
0.7433896375027925
0.7525352273494519
0.7617060941756575
0.7711213913713187
0.7801177098608933
0.7873390527547608
0.7965793292999327
0.8078891925556049
0.817181269190719
0.8264886707877731
0.8360466072977342
0.845382399401301
0.854727970356441
0.8640894453005968
0.8734598398604755
0.8828417384066144
0.892236037773341
0.8991600618478921
0.9110658280220287
0.9205054067569075
0.9299621115319248
0.9368773015848567
0.9463645128673451
0.9584978374042081
0.9680751207636247
0.975032620952349
0.9873589378287512
0.9970777632752271
1.0068554859303853
1.0164202216888616
1.0238338638688809
1.036608430358667
1.0438581753292815
1.0568587581426168
1.0642478839031833
1.0772062776165352
1.0850511950796404
1.0985771567714635
1.1092913586335846
1.1201279696627684
1.1310906475823916
1.1421813854395608
1.1534026851156418
1.1616441020223258
1.1762398658289233
1.1878529822008308
1.1996022561281978
1.208261597548369
1.2234799671834615
1.2356049232815818
1.2445525070795158
1.2598728594350537
1.2726795156085513
1.2852549850334114
1.2945246424779413
1.3107003890720756
1.3235578591807498
1.3364979652459323
1.3459957111039165
1.3625986089691797
1.3757473817983614
1.388953118736461
1.402210926863059
1.4118516163702508
1.428857578263044
1.442236441796673
1.455645288888153
1.469080955567691
1.482537159182402
1.4960111413937325
1.5094985772535936
1.5229967651120355
1.536501153892829
1.5500109432512412
1.5595275749538007
1.5766231923948695
1.5905348220612905
1.6040287800547015
1.6175207743102673
1.626853209386771
1.6402847594411174
1.6579015559830996
1.6713239975511534
1.6847214873058751
1.6976570401379623
1.7114238728731257
1.724724699138351
1.737988779335497
1.7507584800034937
1.7639189350003144
1.777023003343487
1.790517321861614
1.8034935463582387
1.8159380582973683
1.8292156144375071
1.841948862515829
1.85458766959201
1.8671248518141539
1.8795541959865143
1.8918635150534977
1.9040600783042874
1.9161240241739348
1.9280481680482429
1.9398401861007644
1.9514801004413465
1.962966316391522
1.974294663395321
1.9854590721439869
1.996455083381066
2.0072784517234172
2.017925305994877
2.0283927312020924
2.038676760380451
2.048776246590491
2.0586880773972775
2.0684120177210854
2.077945723102689
2.0872888715460243
2.0964418260460187
2.1054035508710847
2.1141756294432614
2.1227576062666413
2.131152441864611
2.139361323233715
2.1473849739692334
2.155226427494375
2.162888027522303
2.1703722677652655
2.1776821194245364
2.184821100822852
2.1917923431604796
2.198600430197485
2.20524869402726
2.2117413889830138
2.2180845255887434
2.224282100159358
2.230339870912834
2.236263511293042
2.242060833300632
2.247737157416603
2.253300253943446
2.2587586691095574
2.264119773700701
2.269394891606055
2.2745913007862013
2.279722077969866
2.2847962799074093
2.289827396799973
2.2948282966267803
2.2998116737840055
2.3047920771491923
2.309784524059024
2.3148000454452307
2.3198703462224253
2.3249972560729733
2.330203595704705
2.3355083413269906
2.34092552953467
2.3464888325007998
2.3522048687008006
2.3580982436611877
2.3641897728405343
2.370500310074162
2.3770515934217755
2.3838639390597494
2.3909588870926206
2.398357257528806
2.4060803227916447
2.4141476194708495
2.4225804442501837
2.431397763209463
2.440618346302489
2.450260976599076
2.4603432442188304
2.4708821985442344
2.4818929270336403
2.4933912550641684
2.5053916572788
2.517905936625751
2.5309473671815663
2.544526245185253
2.55865197699967
2.5729145818769124
2.5885799461584758
2.604395482664528
2.6207865789441644
2.637756733503445
2.65530984192484
2.6734472724899754
2.6921709771858207
2.7114799975416037
2.7313735091265188
2.7518502414572783
2.772906571542526
2.794539409226809
2.8167442949009693
2.839516106299759
2.862848710075434
2.886382608520108
2.9111663605976124
2.9327369295302295
2.96164882773263
2.9843527693844982
3.0142177598309865
3.0380213647554983
3.068803015852385
3.093664989833939
3.1253231436974325
3.1542824720411806
3.183693165557865
3.213544845624675
3.243824935726364
3.2742274836916407
3.3056242616387355
3.337125618022497
3.3690073374732035
3.401260023853004
3.433869820201212
3.4665603243954637
3.499861673563379
3.531127218095759
3.567431750338407
3.6019372088587622
3.613787767766215
3.6710453844015007
3.706145869678054
3.7393412490504243
3.777377735407713
3.813011621854852
3.8493634871917872
3.8652150095540634
3.922298417313019
3.9392255274851093
3.9959238351257813
4.031259372061595
4.068769908885772
4.106500730912675
4.1281549784079505
4.166609529257739
4.205293104650192
4.259665882956866
4.300434954199905
4.337658293110733
4.378855895364308
4.418278315945551
4.456591908321391
4.4831267202137095
4.523956241134776
4.579783425051457
4.6193302163426
4.660865386930065
4.702778836654497
4.745091688579109
4.787826447707627
4.831006475907305
4.875976825908413
4.918800548564998
4.964686457706732
4.9993281508361544
5.055468129079667
5.100855702676679
5.139857757804631
5.188009490272691
5.236863868390754
5.286449849007184
5.336796101924911
5.387931780448655
5.445387097813811
5.472988833873338
5.52930734693251
5.586606590138113
5.644913844372047
5.704255118820875
5.759041559379508
5.823596670732291
5.889344336056325
5.956305874784803
6.024500384129494
6.093755830873127
6.1363485884502555
6.218888670620972
6.261654947234231
6.3277254146861575
6.395715818716108
6.46412593398252
6.5336617992840536
6.604326634820253
6.686223649702314
6.749047348877127
6.823099949908628
6.898274506962736
6.9728141283525185
7.050081588193532
7.128443777087653
7.207886002601669
7.288392443424056
7.369945476925806
7.452524514001537
7.536107391272913
7.620669099656517
7.706181897868704
7.792616786418421
7.879941711688464
7.968121522172699
8.057118945437251
8.146894861078259
8.237407520555568
8.3286110280274
8.420460487890026
8.512903621234887
8.605890352069554
8.699368620788906
8.793270254479054
8.887547093210376
8.982132074782935
9.076964192280284
9.171975515641188
9.267091730330485
9.362250232356134
9.457375456027217
9.552388372459388
9.647211785630503
9.741773655605567
9.835988511061233
9.929771240320381
10.02304359126737
10.115715040837065
10.20770426641258
10.298924760416504
10.3892836988607
10.478695833087384
10.57419255677178
10.654323659531835
10.740361408766722
10.825094484199072
10.908435733513434
10.990297841134273
11.070590571873964
11.14922676466996
11.226124087002775
11.301196474549482
11.374361530268903
11.445543605305822
11.514654918669102
11.58162524648825
11.646379435791031
11.708843514355097
11.768950942960911
11.826636111249204
11.881832340683102
11.934482596682798
11.984532556024377
12.031925009844883
12.076612039861425
12.118548532931477
12.15769325406203
12.194005765790928
12.227456008011485
12.258012820348455
12.28564784319697
12.310345163235619
12.332084353502513
12.350851905126508
12.36664095950488
12.379449069324439
12.389272571082062
12.396124977758108
12.400002886901701
12.400929329203192
12.398917170204744
12.393992385850765
12.386178884008434
12.37550587844353
12.362013437772225
12.3457405599656
12.326709399769934
12.304992462665597
12.280628209750722
12.253670497030052
12.224178630659194
12.192592003562677
12.157831620987146
12.121437984491147
12.08210495810017
12.0436915719125
11.997571670887552
11.954469869835284
11.904839938418307
11.857358566861707
11.80605471945661
11.75179877343581
11.698370152203733
11.6421747348587
11.58409001331282
11.532853476400948
11.458002915832695
11.404141719851182
11.341802094714811
11.278603879120563
11.21444375076754
11.149480486037193
11.08380803403658
11.017515729018331
10.950701544030817
10.883450282105947
10.813227217051287
10.747994270063948
10.679968061337021
10.611856500230111
10.54374370244064
10.475711819213629
10.407837033507809
10.340197237318554
10.272874353544816
10.205930409397293
10.139442080206468
10.073474325517171
10.008090962411282
9.94335494558373
9.879320143086211
9.816045350599431
9.753584593833953
9.691981043471161
9.63128748490501
9.571535974990816
9.512776777913247
9.45503657930001
9.398350486777403
9.342749391272251
9.288258378048521
9.234898185113952
9.182693055095973
9.131655994767419
9.081797302141082
9.033131162630172
8.98566095025408
8.939394233878959
8.894333309159213
8.850474965950356
8.807816993551164
8.766351852121312
8.726073129953054
8.686967573914925
8.649027134212318
8.612233461017395
8.57657185931917
8.542025955277364
8.508577302625818
8.4762006703329
8.444881737366783
8.414592755307643
8.385313824560852
8.35701698314478
8.329683303079362
8.303285508528406
8.277797762937734
8.253196221704105
8.229451282800627
8.206552864564168
8.18446318866508
8.163160807761507
8.14262613602074
8.12283340853362
8.103762134576744
8.08539320693677
8.06770163596001
8.050684689805164
8.034307896255438
8.018563168574472
8.003433591733101
7.988908303392247
7.974968895803253
7.9610788659158045
7.9488419782913375
7.936624500949826
7.92497771537763
7.913881546407734
7.902835621338694
7.893352359865041
7.8839172914683955
7.8745568501920316
7.866715993396799
7.854347706607444
7.851778470679945
7.845178804245534
7.838716229481797
7.833735825442095
7.824680402944722
7.824313310930899
7.817075802257843
7.8178544505218035
7.81205708525698
7.814040504640396
7.809743836759212
7.812991908170147
7.8135445635090806
7.815196731041059
7.816888586608724
7.816631570214532
7.820314296181477
7.824802687439487
7.832985188158371
7.836264611078434
7.843267760750096
7.851139289115611
7.862474457861077
7.87204797298113
7.880096038769049
7.891569219836628
7.90397045386518
7.917309362138526
7.933949174195982
7.9468283955946015
7.963020235728957
7.980173224767175
8.000081881809246
8.017369848866005
8.037413684966875
8.058419922838503
8.080383544536582
8.103300483131529
8.127163965171542
8.151965491719528
8.177696395828244
8.204344153387511
8.223802216557544
8.26124820780623
8.283198442568255
8.32053628889464
8.350845283426588
8.378683518792887
8.412135899856972
8.446362854962493
8.481339070665793
8.51376033401554
8.554130521531595
8.597738488448355
8.626341288001166
8.663785755364682
8.702227460015024
8.740431792977581
8.779573150472999
8.819226065856265
8.859355539686367
8.899932416463628
8.94092732180508
8.982414462491802
9.024050820132079
9.06611713256562
9.10861307619297
9.151118265018622
9.193992143932691
9.237226051975606
9.28034193803145
9.323761846618265
9.369007199048914
9.41096349727476
9.45650002440105
9.498464795883683
9.544187847064633
9.586072201780793
9.6298587351864
9.673602587244305
9.719382949909239
9.763019829325263
9.806551339576805
9.849959757885815
9.893228403334744
9.936336730547014
9.976989795775742
10.019717540057199
10.064567304297139
10.104559010079347
10.146641802128865
10.188490831258406
10.230085677668058
10.273810294356991
10.312486822102398
10.355666848734431
10.396162279002025
10.433957790040022
10.476243208027904
10.515810880156684
10.552667324590509
10.593975199542282
10.630180660755757
10.67079644111691
10.708688215671229
10.746221081211793
10.781300869214473
10.817890142481042
10.854583383570452
10.890432573848214
10.928412117304596
10.961690454014818
10.996400118750016
11.030942582202876
11.067288103707995
11.098838983042508
11.134342278728184
11.167255385096679
11.199757402276834
11.231844753118216
11.263514755461543
11.2927152474711
11.32557769332791
11.355970408939658
11.38592885893907
11.415458247112463
11.442628459956946
11.473199421869344
11.501417755310657
11.529186709726904
11.554703186067965
11.583403103847393
11.60808791414377
11.635842833227331
11.659696456999795
11.684832973446728
11.709529969618558
11.735398387479899
11.759178755242829
11.782523587719396
11.805430729096969
11.826408838873158
11.848480667416517
11.87154877055136
11.892733656011172
11.912129806216386
11.932503758603172
11.9537621613533
11.972013101834753
11.991157469831812
12.009902289603428
12.02940974879295
12.047335334628917
12.064877387913205
12.082039724013525
12.09781018911125
12.115255602206823
12.130378071924298
12.154315011798548
12.169389965884012
12.184129494346973
12.192162655890538
12.206558252361335
12.219916752643398
12.233737064202755
12.247262789706657
12.260571449078222
12.278581706071451
12.290946771887391
12.298667382338797
12.314932791759693
12.32330436535552
12.334679321163174
12.346593681242918
12.357660873626475
12.380204872232836
12.379940766903077
12.404829888166034
12.41241519149683
12.416512414538163
12.427229674864298
12.434566656704433
12.441819478752565
12.449381636292227
12.45618534325434
12.468379775865259
12.484933968827566
12.493291581746798
12.505526401752743
12.513315953455294
12.526369228359044
12.536899607510499
12.543938096089581
12.554375467824732
12.564957958029284
12.57570330362813
12.591476388294826
12.602343396112056
12.614565275547726
12.626455264066912
12.638600275147557
12.651021042760915
12.663736868517425
12.67668577054652
12.690119847495389
12.703828446515919
12.717901541456655
12.732358826506099
12.747216681390771
12.762492570810796
12.778202205759833
12.794362937080361
12.810988149093475
12.828094241022514
12.84569302525039
12.863798578369595
12.88242569337925
12.901580786357712
12.921282312151346
12.94153378395635
12.962348604933656
12.983735306956884
13.005700578545552
13.028253404859257
13.051397307227264
13.075136161620678
13.099477008778202
13.124425257784294
13.149982621043133
13.1761464152383
13.202927355040712
13.230317499971482
13.258212504061346
13.286924093895703
13.31614668905739
13.345971137335653
13.36779514759977
13.40742313397985
13.430825712776697
13.471243812791949
13.504029635320235
13.537393240296337
13.571318783124358
13.60580303072836
13.640839519635293
13.676416541684139
13.71252289396707
13.749149817243186
13.78628398631751
13.823914355904087
13.862028833013715
13.900613408158897
13.939652731979155
13.961325906301235
14.018691017447438
14.056616268575059
14.097749848581923
14.131696588003853
14.170488621026992
14.215332017079442
14.261569785136155
14.308096812341413
14.355005528705341
14.401669689034254
14.444454146078263
14.490304245636862
14.536379467941881
14.571492206942276
14.615953915279876
14.660551096492107
14.701443298480337
14.745786352828448
14.794898268343745
14.833976114359686
14.884680789221674
14.929556168711045
14.967877766766662
15.019155703801921
15.063824964876611
15.10049786103744
15.144438460975683
15.188202857727816
15.231757457556032
15.275078144797202
15.31813995829948
15.360905496365548
15.403354681321867
15.445454622171834
15.485711952304122
15.5285004056322
15.569389315246063
15.60981811722612
15.649759168722419
15.687637887976484
15.726482303460767
15.76637547770657
15.80242726350381
15.841184594338634
15.877627317958352
15.911627491367739
15.94847319246142
15.980987803560673
16.014351039786163
16.04715854612947
16.07918069983601
16.110612857965375
16.140778593241148
16.17031076400672
16.198982084398633
16.22677328405378
16.253661478681444
16.279634412192085
16.304681658038902
16.32878750411788
16.3519401818759
16.37412593862178
16.39534318785173
16.41557194804789
16.4348142346551
16.453062718429084
16.470307805788277
16.486549891464964
16.501782939920908
16.516013404686632
16.52922971874274
16.541442561586532
16.55264800395999
16.5628528899608
16.5720595003506
16.580276859247682
16.587505757303216
16.59375708496122
16.599042168206697
16.603365996165405
16.606735634050164
16.609171301745995
16.610674763761505
16.61127148521876
16.62849924524282
16.609770973118813
16.607706862000114
16.60479055991029
16.60103319463747
16.596453995561397
16.591074200631024
16.5849066577974
16.577974274666264
16.570295996825383
16.56189000956835
16.552778037753185
16.542980426046295
16.532515424652587
16.52140720969557
16.509681001194473
16.507144477816514
16.493672672404212
16.47096893502552
16.456969776641355
16.44245571035504
16.428221660306882
16.44367948699176
16.396697586772518
16.37977002202373
16.36753238394436
16.349808357694585
16.331727745902818
16.333649658050845
16.310528268305852
16.288163497574228
16.264081040645028
16.23975247257527
16.21520265442356
16.190455752886503
16.166470110966596
16.14845402102972
16.135974387055153
16.102655425616813
16.094664978123443
16.07773958603752
16.0530192782843
16.032116765257992
16.016595475145085
15.990241623327822
15.969305970990876
15.956195500745807
15.927520258784904
15.9146452229383
15.885965349044179
15.874239221833097
15.855352636009934
15.8353428242743
15.814414424855448
15.794737577001868
15.77522007927557
15.755865728980552
15.736692303201316
15.717718385721355
15.6989410781084
15.680382622883736
15.6620477485165
15.643950279086559
15.627779354833686
15.610422968074428
15.591148404455302
15.575912777305598
15.557284632408365
15.540771947320565
15.526519281209854
15.510636795407514
15.492985281764993
15.479769535581983
15.462643457402532
15.447935493334095
15.43578337094679
15.421751270474381
15.408040597306604
15.394650039164206
15.381584978571588
15.368842812858794
15.356423683585945
15.344330746004283
15.332567496638358
15.321123499716515
15.310005680369386
15.299211726034592
15.289037243971354
15.2788825731789
15.269043284212113
15.259205666756666
15.24998365174384
15.241388052483197
15.232784242167245
15.224471132326839
15.21646202046048
15.208738646629076
15.201301671346382
15.194149343288453
15.187271977228724
15.180669444651633
15.174334904411689
15.168262055781751
15.162448086383636
15.15688867056846
15.151575397610623
15.146500409837625
15.141661611166647
15.137052441528091
15.132670609858014
15.128503424767725
15.124551006182005
15.120804822393081
15.117258260673355
15.113913180332883
15.110754164266098
15.107405128387462
15.104993909459438
15.102376828326362
15.099932565819918
15.097650157389108
15.095531377795977
15.093565859941902
15.091745858039054
15.090074851021974
15.088542969406955
15.08714692624961
15.085881078768528
15.084737494455165
15.083720738106871
15.082823831018011
15.082038092229807
15.081366102072407
15.080801334306093
15.080342578566105
15.079985317976861
15.079724693346014
15.079558655106144
15.079486354779435
15.079497519756556
15.079602302450624
15.079781284056159
15.079640342299038
15.08039856567752
15.080817730890578
15.081321018229724
15.081889280300095
15.082122622613545
15.08284127434445
15.084043671710926
15.084486742456502
15.085823058046687
15.086809454619877
15.087867090781966
15.088990740229681
15.089761495578351
15.091428478491933
15.092741708334119
15.093707122536038
15.09515391049583
15.096663469484831
15.098648527597467
15.100292466784456
15.101585601922013
15.103364234440477
15.105204097914186
15.107526690361196
15.109099058959213
15.111152387641875
15.109660801446662
15.115896368704078
15.117773250515
15.120138308116408
15.122980180220075
15.125511266337409
15.12772335411465
15.130828325270686
15.133228677943888
15.136521735779967
15.139515182916417
15.142609960521934
15.145806307590206
15.149118916934722
15.152546854791455
15.156093496271446
15.15936529755295
15.163557541188595
15.167487383719575
15.171160317918757
15.175761155539437
15.180122795221036
15.184634842965009
15.188915923336458
15.194148297807502
15.199159196661205
15.204348537786979
15.209340098421203
15.215296176518555
15.22068317231199
15.226658883070193
15.233241530481157
15.239265769129943
15.245909231457144
15.252790952929034
15.259919594682197
15.267301659737253
15.275326833951052
15.282862260041403
15.291438111536907
15.299927783307469
15.308323396790382
15.317798541670363
15.327198445926662
15.336929763526612
15.346609570349614
15.357401560822346
15.367779342894169
15.37928610095992
15.39077874949521
15.402282269396647
15.414935707951118
15.427605187681973
15.440694763542911
15.454202354483561
15.468144248923567
15.482157106525035
15.497364264105824
15.512290758321015
15.528064293979876
15.544319709836953
15.56107096825187
15.578325863418765
15.596457412446973
15.614381262090607
15.633207783685547
15.649377746729591
15.66931793741679
15.692992397628172
15.71405933300726
15.732583335857692
15.7579618712121
15.777724187955526
15.80121767191573
15.825339897911082
15.850100399596908
15.87551059605242
15.904899569527275
15.92831985645263
15.955741054328968
15.987091418435856
16.012665667045784
16.045052351306175
16.072442530751488
16.106224487027454
16.13822798661365
16.167620296980516
16.200856536919076
16.234869212225018
16.26966639412497
16.30525176508271
16.341643944757195
16.378844185147884
16.416870071004354
16.45572044174343
16.497836312299434
16.535953156620586
16.577346986947717
16.61960446069118
16.66273191766642
16.708924125293283
16.75376429930515
16.79740108048396
16.844075479940887
16.891648527471897
16.940125982009093
16.989514244769477
17.039806914954553
17.091019413915514
17.144801771316455
17.196178646824627
17.25013063824476
17.30499830741285
17.36077203632456
17.41745352022516
17.476382587599506
17.534647582502615
17.59289697216538
17.653155090038744
17.71428592080829
17.777050533549147
17.839880517262056
17.897681264928455
17.96307525102678
18.03265592035449
18.08537174040796
18.16585366286629
18.227852127570277
18.305934826785865
18.37854668111479
18.464680221466764
18.529868327283992
18.582121372800408
18.65381692675894
18.732640344981935
18.806530691400514
18.872277329704374
18.944890616015897
19.02039578268372
19.093608922217577
19.168720595474674
19.245612204785864
19.321345170708476
19.413666177043638
19.471384389167014
19.54788644158003
19.62431380363872
19.700839927722047
19.77742278726548
19.87946385743298
19.933277285323875
20.006763683239615
20.083129268523102
20.159326130097057
20.23532121554158
20.311067179595565
20.38651214739952
20.46162026320509
20.536342509711144
20.64773706647414
20.684468770604013
20.757790649276448
20.830551829925188
20.902727006020125
20.974262652647774
21.045129403247962
21.115289184237923
21.18470009748964
21.253329777406798
21.321144896736694
21.388111743600746
21.454196943760117
21.519371878923284
21.58904433682346
21.646887720759707
21.709171283085656
21.77044042923107
21.83067826196016
21.889858279776753
21.947961844208177
22.004980920350096
22.060892603044696
22.115682067656667
22.169342630088458
22.22186308449761
22.273238591323782
22.323459346032397
22.372519789139417
22.420420482433087
22.46716239338209
22.512732681999744
22.55714791856488
22.600400527780586
22.642510447066865
22.68347055274212
22.72329282767707
22.761985056714746
22.799558818872217
22.836025231398935
22.87139735666417
22.90568810259897
22.93891233272544
22.9710871463701
23.002224424036296
23.037685102222266
23.06146557733395
23.08960787002983
23.116790741494874
23.143026050763293
23.168346574908178
23.192762338886247
23.216300113855823
23.23898204733628
23.260830822675157
23.281865708569658
23.30211025284662
23.32158608662836
23.344233883799664
23.358333416427683
23.37564634448639
23.39228485871346
23.40827486048291
23.423639080718576
23.438394620918316
23.45257764420783
23.46620133445668
23.479294388520312
23.49187637533026
23.50397758736198
23.515619588702894
23.526826747819136
23.53762466375622
23.54803547475738
23.559336377232622
23.567801577471393
23.578077216247163
23.592457932605416
23.595672055618113
23.61723036495343
23.620786598132216
23.61340352864124
23.615940137655556
23.632233920108153
23.644267410720317
23.644409624946356
23.658792674333164
23.656433166612416
23.67384571100055
23.66855243432413
23.689059771541825
23.69679978490886
23.706814306964663
23.71268739405227
23.720896696667367
23.729320894656343
23.740833512076097
23.746936942217094
23.7561922526921
23.769098917104483
23.77572722098278
23.78933102026532
23.800608037863483
23.811969121156366
23.82339616442909
23.835719332952394
23.848573166047384
23.861985697782657
23.87643755356808
23.89104453773028
23.90629035680404
23.922188564744815
23.93875954210308
23.956030102347036
23.974012423757223
23.992732010843937
24.012202486998397
24.03244388774097
24.052910483673028
24.07527597836581
24.097334474212843
24.121327901823165
24.145584414125565
24.17066601438489
24.196575505441228
24.223324844339242
24.25090261202474
24.278723585489033
24.308549895945553
24.338611063657485
24.368891874704378
24.401167510415288
24.433043215608443
24.466899449638195
24.500922342221834
24.53569371287495
24.571191102655273
24.607409042393446
24.644311282107893
24.681882504226845
24.720089829730437
24.758913850460985
24.798327440021755
24.83829518769135
24.878800480422907
24.919802313408397
24.961263548768734
25.003166894912837
25.045479672481754
25.08815538096838
25.13116248870156
25.17447416951996
25.21806267171348
25.261879219356036
25.305898218125705
25.350080549750555
25.394400495046494
25.438820063036605
25.483309956559587
25.527833649381066
25.572363616446818
25.616876568882294
25.66134892832498
25.705733009132555
25.7500164063116
25.79417079778017
25.838178202957817
25.88200879280213
25.925651033554196
25.96907993016366
26.01228335233824
26.055240684340262
26.09794074358912
26.14037276501756
26.182527278597078
26.224391837196805
26.26596319231193
26.30723026753033
26.34819863336288
26.388861517380366
26.429219615713876
26.469269398620746
26.50902225026876
26.54846840334292
26.58762689337951
26.626495532671697
26.665087979737617
26.703408894952386
26.74146761169472
26.779275997322216
26.81684205226036
26.854180481064034
26.891304376149897
26.928222077914075
26.964946696209434
27.001503138200945
27.037888669125294
27.074125083152683
27.110224785410242
27.146198813953845
27.182059440520106
27.217823983275473
27.253500833002093
27.289092711320137
27.324627823380332
27.36010328162864
27.395531727667816
27.43091703887211
27.46627626270892
27.50160650852115
27.53691746644838
27.572215849364785
27.607498444310497
27.64276869193605
27.678032783782083
27.713285332259964
27.748528395740173
27.78375620447362
27.818970385527876
27.854162588959728
27.889329613692873
27.92446458368374
27.959558125247735
27.99460751747976
28.029594362051895
28.064520467983264
28.09936677815167
28.134128339449767
28.168786460130093
28.203334483481697
28.23775740332085
28.272045546087984
28.30618169946562
28.340150812394114
28.373947856551847
28.40754838280425
28.440948027552462
28.47412921219593
28.507080661881087
28.539788839762892
28.572239879668665
28.60442386336655
28.636326682721872
28.667939354973228
28.69924999239079
28.730251037203693
28.76093189649181
28.791287020007147
28.821304435120442
28.850979109521344
28.880307322795204
28.909283338561856
28.9378996409166
28.966160223401342
28.99405758889095
29.021591700025205
29.04876335734242
29.075572700622114
29.102021839720393
29.12811239573465
29.153846791206664
29.179235013737724
29.204276174635805
29.228979994880593
29.253347889013977
29.277394863005274
29.301124399088707
29.32454708477839
29.347672834871304
29.37051020935073
29.393069980655472
29.415360118012593
29.437401340995866
29.45919667556521
29.480763290160418
29.50211413599914
29.52325520997849
29.544203475864013
29.564978777905743
29.585312331371554
29.606034876300424
29.62634975368577
29.646533640403202
29.66661316809366
29.68658478079071
29.706237879795538
29.72605583117341
29.74382897430053
29.763588581515826
29.78518689332164
29.804831395704607
29.822688875579676
29.842365387734265
29.863899676715103
29.881758503426965
29.901489910117853
29.921258445936136
29.941073337137112
29.960946456952712
29.982190830647497
30.002278706529207
30.022291585876655
30.041139143894544
30.06140153431713
30.08176052117073
30.102226270214377
30.123666250919634
30.143479404186085
30.164284686856615
30.17930200956814
30.200977597696994
30.22279253646684
30.244743557584595
30.26683764158895
30.27718473953401
30.29401711910111
30.323620352391696
30.351747960730727
30.381070540956415
30.41064617573425
30.42547569019781
30.445963196906547
30.46883563323902
30.491024494414464
30.51371794252718
30.537214640870992
30.560206747561995
30.582384626022712
30.606461998753264
30.629701351565625
30.653008315878786
30.67637168627724
30.699780061419677
30.723222432289607
30.74501050276219
30.768371629749527
30.793654999242808
30.815085546839956
30.840554600051842
30.861676022102113
30.887289158192377
30.90829280584755
30.933731943215978
30.95403661077183
30.979746200271787
31.002553607681257
31.025203180088347
31.047673450959252
31.069949606213054
31.088495807279383
31.11384215925013
31.13542188515355
31.15672944282673
31.177746257328987
31.1984536236866
31.2145702480228
31.238865078873864
31.258531617650725
31.277810851831127
31.29669274608674
31.31515147349759
31.333173217582733
31.34564649560357
31.367840941995066
31.384457702332973
31.39513702638513
31.4161728945741
31.425605076101778
31.440040393735263
31.45392940174798
31.473204843707972
31.48606494624955
31.498354514862832
31.50384486151572
31.51487769319828
31.531700071702097
31.54163192736268
31.5444311493493
31.55376343012756
31.561169010061068
31.56865132533354
31.576232972578936
31.588714219871772
31.587592837778434
31.599712732223356
31.59735410603916
31.6084484800951
31.60491402671982
31.607883009091008
31.611056332200903
31.613007901769546
31.614465500540014
31.615449154571895
31.622460293876177
31.616042021233508
31.615690421663203
31.614924383177573
31.62027801611684
31.612236102194235
31.610348641396893
31.61461361248426
31.612054880674844
31.609195165866957
31.60605513026395
31.60265067736917
31.598997915759128
31.595118517838184
31.5910288746402
31.586745281679153
31.58228857478422
31.577670231901454
31.566018692939394
31.561859310838983
31.556893477463152
31.557900178248556
31.546670727698505
31.54741733291745
31.54207097773993
31.53666252210787
31.531199607159532
31.52569557068451
31.520148647446153
31.514563981568966
31.50895209502588
31.50331160541631
31.497640036285212
31.491942790612725
31.486212482204927
31.480453725645535
31.474662098115516
31.463579433264407
31.46295168071081
31.457029859478606
31.45104501453328
31.44499721247546
31.4388776556338
31.432674610275775
31.426378279514473
31.41997862278684
31.413467293281943
31.406829575034838
31.40005369557122
31.39312704805968
31.426748062353024
31.374262605062665
31.36635864746184
31.363694676275994
31.35145863183125
31.38636258804367
31.339454802399363
31.368688288600445
31.32208615150094
31.350008064689895
31.299536852317843
31.28948116275461
31.31991861051452
31.2694079557926
31.259351125965136
31.28715989367942
31.241257108883396
31.22975730622566
31.217929241379064
31.202041575209897
31.226200050760514
31.213031097702245
31.16734308576895
31.15030598430041
31.140104733034093
31.126008027894564
31.108143266622747
31.096896937371326
31.11200831213675
31.066623556372548
31.047764382558565
31.064359034675086
31.019208061490716
30.999724860409852
31.014536935432105
30.969713951065277
30.95282774505043
30.93577706103084
30.915557479129397
30.92787086938171
30.88054008919517
30.863059036072553
30.874560638104157
30.83112593691106
30.83883867038703
30.792721278289473
30.77825826308634
30.78546294299131
30.76782399305753
30.750295308521434
30.705835936347547
30.6884164922779
30.671766802016023
30.681829922581144
30.63841538314527
30.648896055315763
30.608665710703477
30.59281824832455
30.57724692391568
30.561970695256196
30.547001010846785
30.529554363470456
30.518030508166675
30.504052169153866
30.49042094129851
30.474207276876076
30.46421622019094
30.451652751879113
30.439441924173376
30.42758325487033
30.41606798265612
30.404890808904845
30.390669337156712
30.383499985665683
30.36931465480241
30.359232617475207
30.34981211863998
30.339770657030666
30.33474047899452
30.325593130475784
30.316571979772466
30.307636109569966
30.293796425818982
30.284751507148226
30.280903351751395
30.27185559592077
30.257065092773356
30.247477270459978
30.237599217611844
30.227371637816585
30.217370336836446
30.206268838604224
30.193933762504273
30.181624828567877
30.168603099232687
30.15479313998751
30.14011074199775
30.124472608125842
30.107789868784888
30.08997710885545
30.070945140081502
30.05060383006938
30.02885859749456
30.00562268307832
29.9807983037429
29.954295867762646
29.92601809843566
29.89587652513833
29.863778704628608
29.829631388169805
29.7933412864509
29.75483053746162
29.71400162883895
29.670768879323642
29.625055118402756
29.576777833164883
29.52585433476692
29.472219437876937
29.41579428541126
29.356513152260515
29.294310469622637
29.22913697448181
29.160924665698438
29.089630792437436
29.015204149074066
28.93761168985129
28.856811434678107
28.772773935596216
28.68548091430991
28.594909833136054
28.501049969482825
28.403901615386292
28.3034501775128
28.19971331107295
28.09270583679717
27.982438631565245
27.868937715809988
27.752242852683978
27.632389058165558
27.509414452827667
27.38338181883775
27.25433917870613
27.122355212735364
26.987494444936203
26.849837289686494
26.709462130359636
26.566460824789182
26.420915427293863
26.27292662204359
26.122606540116426
25.970048991787554
25.81536935169882
25.658682829622183
25.500110222554678
25.33977088167138
25.189527478514027
25.01429874288467
24.849431844209146
24.683313416841695
24.527027421102932
24.3478860442107
24.178845942445857
24.00911510305949
23.83882003790102
23.668109304549766
23.497120382452366
23.32599262831486
23.15486491930032
22.983872923335458
22.813151870085417
22.642836277748614
22.473057938563386
22.30395161757174
22.135635800438074
21.968239570268743
21.801882426426424
21.63668961986765
21.479040920307746
21.3102152060734
21.14916228279717
20.98969658545252
20.831923522581594
20.67593681969225
20.52182065473792
20.36966844358974
20.219552100958083
20.071559703833785
19.926092215248328
19.78250228347706
19.64384808634547
19.525833121917746
19.365615515700195
19.23374946037203
19.102029911359026
18.97127083304279
18.85703042407852
18.72233809030089
18.601034837856645
18.48727956443342
18.396460312393618
18.26477685055653
18.136672956379005
18.03509965087914
17.9069547649843
17.82792158433183
17.727564554582866
17.631696845118007
17.52566267040581
17.432524942989637
17.357177727084295
17.25434802663695
17.18744843740136
17.086834320241348
17.007015243931612
16.949957562820945
16.87887302738198
16.782992641644356
16.73692252522017
16.670788655912023
16.607036624295706
16.545630233660148
16.48961183116814
16.43287851036408
16.37836527295788
16.326032343484105
16.272398337800276
16.22813747221975
16.181706241046722
16.137676784136936
16.091901594800845
16.05170790755279
16.01722009962596
15.980792834085815
15.946154387963203
15.913255290482951
15.882496214659103
15.852486724464505
15.820474045482516
15.798576649581827
15.76912129130202
15.745665344030048
15.728214317486866
15.702944942987799
15.68773956272352
15.66550256838041
15.652806252954651
15.632962236770311
15.622569951868178
15.609562539924019
15.592512997955176
15.585678496396481
15.574714611795363
15.560988850624906
15.55225435409448
15.544331731552273
15.541261996002833
15.530750530350922
15.529061249939971
15.523948466671644
15.519885991725296
15.51549886084841
15.512536153080243
15.509612397861103
15.507160592586603
15.505126903524145
15.499163706118738
15.49791721173842
15.501298680817248
15.500684529892899
15.500363095913409
15.500303785288153
15.500490121861436
15.496723903371686
15.501122998862964
15.50236856722
15.502970545498279
15.500461190762035
15.50594145958749
15.503375126786626
15.505077901501291
15.51059513080717
15.51260495970743
15.515186371112327
15.51753510345736
15.519648414131213
15.522358973782207
15.52566466896521
15.52837953285074
15.528148740572204
15.53530806501833
15.539553533578825
15.5436729982317
15.548089372109034
15.552822968237253
15.557898973376798
15.563336944320259
15.569156924491004
15.575390067799738
15.58205378262308
15.58917422674023
15.596772014244548
15.60487341275044
15.609661914659208
15.622668582463813
15.632406647348235
15.642346624420009
15.653663813351377
15.665215862858949
15.677404102858244
15.690247222025025
15.703750603872372
15.714295100056535
15.732425681416535
15.748337372333898
15.764574450711446
15.781500714534047
15.79911257177052
15.817413021907269
15.836393967882897
15.856032328029752
15.876330160648163
15.897269931712184
15.918826915342487
15.940986113896457
15.963723280361533
15.987010027290202
16.010816102243634
16.035120236714118
16.059881936325883
16.084783749211685
16.110634878502527
16.13654953679032
16.160172684387195
16.189253964385397
16.213486709089512
16.240426740126665
16.26981976586761
16.29463048466156
16.32180118459376
16.3510713991835
16.37809098547774
16.402997149753038
16.429793542843687
16.456375172559373
16.482694840907886
16.508700612815726
16.536009658806307
16.55960864942689
16.58594773561894
16.610214460030665
16.632552718089922
16.65715056419113
16.67974912318005
16.700483605511156
16.722929858391165
16.74256029077479
16.76353863761965
16.782774093443336
16.801269889477737
16.819018277065467
16.83517272246777
16.852322232095894
16.86691726997065
16.882462858875762
16.896307271333026
16.908783275401
16.921235391970537
16.933616645526655
16.9439704587576
16.95429556810604
16.96395376892163
16.97297960147382
16.981402463030438
16.98925436714936
16.99657716538663
17.003402900454
17.010358845323097
17.015756754361
17.022010080916957
17.027314808232525
17.03235725962553
17.036552143156847
17.041862515357263
17.046433561784927
17.050308981474327
17.05482796745208
17.06004468959288
17.064725970969597
17.069569755930573
17.07462674361229
17.07994422291666
17.08557814226429
17.091574431623002
17.097978184718446
17.10425615236984
17.112132380463592
17.12007856144524
17.128536975562206
17.13760306051448
17.146852801716378
17.157669723484705
17.16872505417098
17.180167663071675
17.19270449084604
17.205990854528597
17.218795377236823
17.2349038336416
17.249455146283864
17.272156761105318
17.295995514479948
17.303467568639345
17.32274832514533
17.359017948011722
17.363510733923835
17.40948323003666
17.407015629582354
17.42970377108894
17.45296027260208
17.465834573161032
17.50096952491181
17.525613650985907
17.5506018990436
17.575866927864766
17.60134566717128
17.626957113405183
17.652626251872693
17.678275201470782
17.703816549173368
17.729163076947927
17.72805157131992
17.75094861095991
17.773330797320426
17.795105616899047
17.81617498891856
17.83643649005935
17.85110411800538
17.869697124942384
17.8861876691931
17.90741971410106
17.92214111336103
17.935446895375208
17.940966777101952
17.957399490458815
17.965846599515928
17.972476051278512
17.977181968093422
17.979877121574063
17.98045508514063
17.97145633128079
17.967285833443594
17.959844587031505
17.95170644003555
17.940128290565532
17.925917350224655
17.91785244037716
17.88930913057856
17.876088856005826
17.84023505650581
17.82266553636869
17.78142628383459
17.74688867788157
17.70922683060155
17.66839139911324
17.623134178497818
17.577074388444625
17.526530055858615
17.472696693814907
17.414266595157585
17.355103752149393
17.291324514044433
17.22422376104232
17.15379958887614
17.08006643567098
17.00164370513488
16.92131685242934
16.839182864639753
16.752410673568733
16.661003750757118
16.56936212666982
16.473170877124836
16.37393403293449
16.270227117092382
16.16655669717881
16.057045970901996
15.946245308819252
15.832691319448946
15.716515645018584
15.597773338582227
15.476553514575981
15.352940773803077
15.227034443686165
15.098921620242368
14.968700879947383
14.836471208123259
14.702340141920226
14.566404317868177
14.428773295893919
14.289554898803877
14.148855653831951
14.006802771158174
13.863460559420227
13.718986500414832
13.573474723383153
13.427051328435244
13.279790865360274
13.131843016443794
12.983303144561408
12.834282158188458
12.684893264263511
12.535236196825402
12.385427729451678
12.235574009902567
12.085751821435183
11.936085709157267
11.786673978685448
11.637608838326745
11.48898237295495
11.340889958465807
11.193413294268208
11.046647380602717
10.900664404210943
10.755554958649826
10.611384060876643
10.468234109119315
10.326178274577403
10.185259133465552
10.045568391655928
9.90714801027046
9.770066445127124
9.634367834420402
9.500112905740272
9.367326039416463
9.236069731076753
9.10638572337879
8.978288887832647
8.851829697614798
8.727034754645741
8.603929718564363
8.482537687092682
8.362879788939228
8.244974275323267
8.12883379403824
8.014474506829952
7.9023831499353365
7.791128257285577
7.6821546836998555
7.574985369113532
7.469620158153389
7.366056914783276
7.264297267974669
7.164324590850986
7.066144478447169
6.9697361863536536
6.875101725361571
6.782217263428248
6.691078345887845
6.601670750101703
6.513970671488176
6.427972338474573
6.343647688945119
6.261208257885025
6.180176903547385
6.10056619395697
6.0227668548676805
5.946729578545505
5.872058059615063
5.798757290546608
5.727298247196068
5.657164173135382
5.588495259863952
5.521134742982069
5.455330517383838
5.39104405695509
5.327996943768484
5.267287172436541
5.2068590216313755
5.146821597598956
5.088905406165938
5.033258106649279
4.977868071024028
4.923674780591424
4.8699157957334265
4.81877809344817
4.7680246276708145
4.718367700334321
4.669782625404805
4.62224539417661
4.575731269051203
4.53544632716216
4.485675693400607
4.442087409870314
4.399427702371148
4.3576731829032465
4.316219438864196
4.276791210051867
4.237620127576226
4.199267188153673
4.161711660541989
4.124934321595078
4.088915019719892
4.05316595500761
4.018561336690319
3.984764730981869
3.9520547407521582
3.9195591779755254
3.8877201929125524
3.8565236997628602
3.825956192847656
3.796005717343296
3.7666601936925934
3.7416254749849394
3.7097438487052172
3.682154684462558
3.6551342548662733
3.628675853455542
3.6023787691951954
3.577423455092707
3.556061330673171
3.527979399311803
3.504267442004347
3.4810966566227837
3.4584662112542714
3.4400303529552145
3.4147890571207715
3.397431701646295
3.3733289033457043
3.357036014495619
3.334106043380968
3.3188716597875
3.3006377417429826
3.282975010757503
3.265888915807787
3.2493847285996758
3.2297590759404313
3.2143877181409324
3.1996029950248155
3.1892829704672057
3.171853977700977
3.15880761961646
3.146405122945573
3.138845491946587
3.1234066190995735
3.1128115692812597
3.1074554355570037
3.093425502177454
3.0846301999668264
3.076428433547402
3.0694065009664318
3.067315752013371
3.0553222029073765
3.0494271870355307
3.044085861612293
3.039284312302213
3.0350113889734067
3.038234427011631
3.0280666050439122
3.032742494740557
3.022867650491758
3.0209739391580155
3.0194953595766303
3.0184068900661196
3.0176840525689093
3.0173005444350958
3.0269427104618063
3.0274784874851415
3.0179030343216326
3.018590173255188
3.0194696440976108
3.0205065353293716
3.021671527369061
3.022930271176532
3.0242512441272793
3.0269956640023095
3.0269363987989983
3.028384453224698
3.030958774780252
3.030582708072392
3.0315638736512547
3.0323739161052
3.0345921042412947
3.0333592320233387
3.033474192702547
3.0333019483295445
3.032810587355688
3.031979302188123
3.030958109703129
3.0293757874668064
3.027385034528048
3.024967639431737
3.0221064330529175
3.0187859966474546
3.0149938167920296
3.0123430137716958
3.0075789355360083
3.00231446159195
2.996545526945037
2.990268826116681
2.98348429428451
2.9761935542777476
2.9684002747311644
2.960109563055212
2.9495534228736506
2.940482880182585
2.9307657894428774
2.9221609681903242
2.9099825493724922
2.898947429624134
2.8890371384509623
2.877196169901564
2.8634855167965862
2.8524355796357783
2.839559047970201
2.826382378016754
2.8129299135073196
2.7977925051996007
2.785293514739807
2.7711596929640603
2.756848759553033
2.7423856626845953
2.7277954865191645
2.7131024727309234
2.69833077601727
2.6821633970958345
2.66864476754988
2.6537745570779676
2.6389147067061476
2.624085277263194
2.607992341576841
2.5945905012802264
2.5786495052571574
2.5654246763466113
2.5495432362633075
2.5367000003347475
2.521211649286562
2.5085034435652425
2.4931430488474247
2.479557341656966
2.467329683332956
2.4539203146872444
2.452900051936361
2.4399273093013356
2.4146453083511368
2.4018628172710654
2.3877928625972755
2.3896414156520973
2.364364028385592
2.3506323889738754
2.3384799546421093
2.326425981625045
2.31428374542692
2.3023860127818265
2.290546131176418
2.278749588821459
2.2833268302240644
2.2717848805211194
2.2434610483370676
2.231677476481054
2.2198559102650215
2.207980028162326
2.1960325266441516
2.1839969053574952
2.173857383307891
2.159597966434662
2.1472030435680507
2.134658208036398
2.121949445061955
2.10906254722224
2.0959855588925196
2.0827060312855123
2.0692140117417255
2.0554981978602007
2.041550504711977
2.0273630743371713
2.0129283610495428
1.9982412001435599
1.9832965657455062
1.9680910563060425
1.9526218499440975
1.9368884987247992
1.920889454134439
1.904626503243715
1.8881013553901704
1.871316958322526
1.8542765891250002
1.8369858067166676
1.819450490103157
1.8016768782156594
1.7858064555913498
1.7654457462478497
1.7470051987593767
1.7283637111453178
1.7095259253132582
1.6925603954043509
1.6713112974763238
1.6519594421690287
1.6324595526092767
1.6128242375505557
1.5930658121694092
1.5731968010457902
1.553230620875024
1.5331793948001957
1.5130572756037075
1.4928763350593608
1.4726488354642704
1.4523886441243254
1.4321077995608742
1.4118188300141603
1.3915337846836795
1.3712645010924518
1.3510224152641186
1.3308187865782743
1.3106649937231007
1.2905708362523247
1.2705470743204104
1.2506040363246276
1.2307500306286767
1.210994976125245
1.1913470790165541
1.1718146217278156
1.1524059529655306
1.1331285814915593
1.11530032576519
1.0949946686103509
1.076152273528888
1.0574668351376961
1.0389445499956869
1.0205913994300695
1.002411759332001
0.9844110674948107
0.9665933583319557
0.9489629818572696
0.9315240846184305
0.9142803593061128
0.8972363680085544
0.8803933504018211
0.863754499651311
0.8473245311177855
0.8311050186177784
0.8150986149015237
0.7993075943434327
0.7837339389171979
0.7683796528389363
0.7532463958110486
0.7390947662212294
0.7236490739144177
0.7092601784677324
0.6949525932504983
0.6809444771015907
0.6671641636662898
0.6536119135534673
0.6402880429335137
0.6271928305927095
0.6143259615542382
0.6016872482669543
0.5892759572282008
0.5770920432076577
0.5651329371463251
0.5533990750492481
0.5419371424647047
0.5306467373778258
0.5199831910108229
0.5091182796769772
0.49804446256030793
0.48766359544933807
0.4774102976352548
0.4674457408255476
0.4576074920420524
0.4480101330351974
0.438966361211729
0.4294068311688954
0.42072922726996725
0.41189430409953853
0.4029581365825087
0.39477255437020425
0.3864777002413315
0.3783548107491134
0.37011428582790523
0.3623578180249735
0.3549764373887752
0.3474999728999835
0.3399156524357533
0.3329970809418273
0.32596266809530966
0.31906780165903165
0.31230875322244533
0.30545017845123357
0.2991837547167735
0.2928111253371516
0.28656076998680985
0.2802170528529805
0.2744154443238266
0.2685152477844531
0.2627267423802293
0.25704788031799874
0.2513049069182597
0.2458435627276899
0.24046844864826156
0.2352151030819769
0.2300641847137778
0.22501460972428067
0.22006571476755557
0.21521705241395211
0.21046825110964723
0.2059727200462657
0.20126975677950545
0.1968200870025582
0.19247044740670308
0.18822095442286332
0.18407208636076047
0.1800240880985028
0.17607749230442765
0.17235251641679372
0.1695317309804024
0.16484967673692624
0.1613122040075039
0.15787772073545467
0.1545463530159415
0.15218012228671807
0.14819274571088972
0.1451700888069189
0.14225825396246194
0.13951216199819327
0.13671290107244508
0.13416942187081798
0.1316468369135142
0.12922158476037168
0.12689212427451682
0.12516271410464716
0.12299936017547043
0.12045928249406107
0.11849282596746634
0.11661109868864872
0.11523125015272186
0.11309055497640505
0.11139642013167045
0.10987355765232773
0.10874497957357718
0.1103180652139131
0.10591773032129922
0.10420356349174309
0.10332958645928826
0.10365956720233545
0.10095073605100982
0.099455533203708
0.10025951822113097
0.09737590379727223
0.096702153858273
0.0957251019105034
0.09477529746945586
0.09384956802592108
0.09257037927128096
0.09355782530171854
0.09268790952816673
0.09033009988756052
0.08910864786927533
0.0901427558400268
0.08930807572093358
0.08699085282424024
0.08617068196911949
0.08681934019397233
0.08599053646060356
0.08372764927713883
0.08432906641572074
0.08210832769492496
0.08130103101644111
0.0802005101302943
0.07969236467267175
0.0813998637539729
0.07930705294541364
0.07730262282435627
0.07651540847210575
0.07546773715267627
0.07681714434848552
0.07594806874098607
0.07343948928306349
0.07250813305899752
0.07273450083380077
0.0725421722725742
0.07182409867475954
0.07100071617605506
0.07019188699612931
0.06939896556118776
0.06862301559192469
0.06786503440257934
0.06712573450765312
0.06640570655036912
0.06570525179299949
0.06502450560339966
0.0643632749890469
0.06372122038857561
0.06309766375779376
0.06249174578771251
0.06202697393011285
0.06132808205958182
0.060767434922817956
0.06021858390515582
0.05968369277304376
0.0591482904226671
0.058622441611120256
0.05809961980952804
0.05757734497256441
0.057053054532661344
0.05652417538752033
0.055988104604421975
0.05544230305359534
0.0548842623856822
0.054311593904090634
0.05372202824111591
0.05311347099167628
0.05248402307438099
0.05183198626878807
0.05115594784939101
0.050454734607267876
0.04972750236645131
0.04897370212122401
0.0481931729926841
0.047386043279538485
0.0464976357850101
0.045694416607204205
0.044812074605067524
0.04390738406782284
0.0429823422306478
0.04188972705538418
0.04108076543966394
0.04010983717742167
0.0391297130645684
0.03814388125158265
0.03715604953569821
0.036170116348288664
0.03519011575213579
0.034220178508082254
0.0332644841898217
0.03232719847225585
0.03141246112668834
0.030524275071624855
0.029666490678890687
0.02884273652486111
0.02811688218795387
0.028147772641850418
0.02767747344786102
0.027016276699680507
0.02666932526972645
0.026236549535275003
0.025850555025355076
0.02550999139461283
0.0252128086782076
0.024739784569508087
0.02473706436710816
0.024551010265727233
0.024393231024263516
0.024229560879880624
0.023874038623494184
0.024031223225477103
0.02392474302389875
0.02381247186704581
0.023685651131486043
0.023535172104504627
0.023351464921013435
0.023124557348797432
0.022844177398783774
0.02249985693635401
0.022080962253227178
0.021576813251827618
0.02097676206713866
0.02027032492249972
0.019447265177339676
0.018497679904900644
0.017412120193780023
0.01618173877195239
0.014798353249217553
0.013254541533873008
0.01153394917934687
0.00903934519708815
0.007155173367345819
0.005085978609130108
0.0028272655843027557
0.0003758814663885487
-0.002269951919804879
-0.005110507445959383
-0.008174772952812813
-0.011405285066682296
-0.014783105885052357
-0.018372442696098914
-0.02212761399119455
-0.02608912873802202
-0.030116451693193103
-0.03431920198481127
-0.03864205785007131
-0.04306123071602512
-0.04756277352265226
-0.05212310523483467
-0.05671877758054697
-0.06082788809648837
-0.06523338004875702
-0.06846454565343259
-0.07242321772931547
-0.077930961098186
-0.07985090291448317
-0.08324693411492695
-0.0863968470098315
-0.08990543020499471
-0.09254286235091053
-0.0940128580215284
-0.09674972331484517
-0.09734788709960045
-0.09931614018409096
-0.09867543958509298
-0.0988017707330493
-0.09825885321204467
-0.09715708373574208
-0.09547196235364055
-0.09318102903374656
-0.09026393641134058
-0.08647794135712555
-0.08248211337256595
-0.07733966677799903
-0.07175287438959098
-0.0657509045128798
-0.0587948298533449
-0.05088071686534794
-0.042806865493151866
-0.033469922798504345
-0.023764702454164177
-0.013730142170163932
-0.0023916974485061644
0.009204268607556722
0.021433118757605393
0.03426903787438065
0.04761050145626734
0.06145863297043336
0.07577636472074141
0.09052328935685944
0.10565634749822035
0.121129622932872
0.1368945264349063
0.1529002730005427
0.1690938391595484
0.1854203346910033
0.2018231650914898
0.21824431634168276
0.23462470901216728
0.2509043812341282
0.2670228259316698
0.28291917346963047
0.2985328020439427
0.31380320180589505
0.3286540159370591
0.3430621893149608
0.35696319349314454
0.36943305251060465
0.37990777721593505
0.394957963578462
0.40508678274297183
0.41672101577210047
0.42639229561153785
0.43583352691240534
0.4431109085799924
0.4502148661378512
0.4575084500579597
0.46278983535635254
0.46535006963421216
0.4681204041728779
0.4700620038637443
0.47361380641491574
0.4711087524650792
0.4696008104158383
0.46766427774729996
0.46437214850751013
0.4600494355670952
0.45432071875510316
0.4479305454079192
0.44109395614762636
0.43286575940353766
0.4237356128552446
0.41374085009466577
0.4029222739288665
0.3913239070666197
0.3789927810790361
0.3659786468611472
0.35183355048017567
0.33761056776909143
0.3228129429075976
0.30761166609945784
0.29200975579250377
0.2760674572234257
0.25984577099277256
0.24340665716283905
0.22680992146691314
0.21011846138651719
0.19339242416460423
0.17669165027947548
0.16007489758011426
0.14359947408204127
0.12732105456995407
0.11129340255231825
0.09556797546778824
0.08019405052575301
0.06521807422640968
0.050683931717399267
0.03663230146529127
0.02310118169474909
0.010124226499581158
-0.0022667590487704826
-0.01248626661032286
-0.023869276067527753
-0.03459366912853666
-0.04130830526666191
-0.053998415158354275
-0.061204562359956194
-0.06953273610016591
-0.07855234672654376
-0.08678522987752925
-0.08971069177707786
-0.09527882314607249
-0.0988876104182902
-0.10246138275103253
-0.10525282712688691
-0.10750085289131314
-0.10914784739559168
-0.11020289210346634
-0.11069126755354934
-0.11064009877620637
-0.11007810627819747
-0.10903543897811638
-0.10754328617694016
-0.10563389702318252
-0.10334015192013657
-0.10069547644255832
-0.0977335028925745
-0.09448805677657476
-0.09099269033575529
-0.087280711253535
-0.08338489550932655
-0.07933724196431213
-0.0751689822663269
-0.07091020983203371
-0.06658995525893827
-0.06223580178084915
-0.057874051236077854
-0.05352936426386912
-0.04922482138751412
-0.044981779161427995
-0.04081987697289963
-0.03675689206147925
-0.032808818131683126
-0.028989734991912118
-0.02531188263067643
-0.021785672575157025
-0.018419786162048254
-0.015220577961845248
-0.012193452776887374
-0.009341664025947773
-0.00666687737382847
-0.004169293591112787
-0.001847608668599148
0.00030078604792951446
0.0022798134158822253
0.004094515508564897
0.005750989480831006
0.007256239469460833
0.005686543384561184
0.009845095474523334
0.010946319754038517
0.011931282690972966
0.012809908300496378
0.013592296862211719
0.014277044705329643
0.014828544437259358
0.014910209866548086
0.015544304034776187
0.016086496672351763
0.016558108014148466
0.01696682914902688
0.01744251758662509
0.01777634648001968
0.017920674072228884
0.018215892919357303
0.018470333118587638
0.018991514036691602
0.019300545158830385
0.020091996589894412
0.02063417042295356
0.021098624752996686
0.021591069244821837
0.022134638133321
0.0226873686593239
0.023268601770183278
0.02387727821792438
0.024511837578220955
0.025170064803683705
0.025849427684049228
0.026546959523773873
0.027219629505132195
0.02798300312432503
0.028714128977758817
0.027467912393504972
0.030182946023960856
0.030912466052675773
0.031633307627475765
0.032341470967176315
0.033033075399652036
0.033704413119870595
0.034352020259764734
0.03497266851364701
0.035563441121612166
0.036121733254249236
0.036645344135037755
0.0371323895629835
0.03758142791198346
0.03799140386832811
0.038361651153536847
0.03869206140700701
0.03898271592376782
0.039234278015622855
0.03944772012956679
0.0396244327263835
0.03976616428898186
0.039874908762111014
0.03995314164603736
0.04000340517675658
0.040028589439471976
0.04003175770737839
0.040016170741197496
0.039985170628851464
0.03994220780527584
0.03989077791745521
0.0398102454077293
0.03977646268036913
0.03972045078563282
0.0396696264132856
0.03962714649061459
0.03959598612788015
0.03957896232718196
0.03957860027387366
0.03959722372932323
0.039636909424808284
0.039699376566988916
0.039786118512428206
0.03989827408710696
0.04003674284315486
0.04020202056968856
0.04039436025859574
0.04061371249977902
0.04085968637375108
0.041131715473595704
0.04142883331503776
0.04174993863342137
0.04209368764828499
0.04245851650918834
0.04284269659444701
0.0432443768725424
0.04363128414434363
0.04406140768431749
0.04450286838430555
0.04495355649706661
0.04544366901729966
0.045874073365066374
0.04633978688423591
0.04680652274049727
0.047272456430554714
0.047767256779055
0.04822723459138076
0.048649586094784356
0.04913384183463308
0.04957492945653295
0.05000800750245846
0.05043262849729788
0.05084874755089748
0.05125624059107883
0.05165546332757315
0.05204696709106429
0.05243150810326992
0.05281002079438172
0.05318374208357527
0.05355402411717597
0.05392240654000995
0.05383773077020683
0.05466075506521698
0.055034456052104164
0.05541387308910104
0.055801178655201046
0.056198495751024605
0.05660802801327756
0.05703192842087848
0.05747229079986826
0.057931203875468164
0.0584106610498799
0.05891247168731597
0.05943841290212608
0.0599900340634383
0.060568683887052666
0.06117580159215899
0.06180295713255561
0.06247864886240849
0.06317587659292767
0.063904165548125
0.06466367801965006
0.06545430700127043
0.06627560434553348
0.06712731000378133
0.06800837246151567
0.06891788993794185
0.06985466232560739
0.07081733319678032
0.07180433071813092
0.0726800100354492
0.07384450679036211
0.07489389939489507
0.075960142326429
0.07704107551361801
0.07811946662164752
0.07923852544024433
0.08035064937913462
0.08146876568629877
0.08259079848888312
0.0837146395743724
0.0848383231241251
0.08578920239341135
0.08707754231821616
0.08817219810659542
0.0892954176244447
0.09039250611589755
0.09148013647403294
0.09085819454151818
0.09362352018908583
0.09448269293180393
0.09572003482392603
0.09674993136978412
0.09776745178481626
0.098772956662733
0.09976672466616332
0.10074936616036745
0.1017216309671917
0.10268444792180567
0.1036388952916808
0.10435475767429082
0.10552764354568865
0.10430627054894777
0.10739908765297582
0.10833200489150216
0.10926589285411878
0.11020190905495778
0.11114197355004235
0.11206086934034724
0.11304150293718707
0.11400463485702142
0.11497897992939489
0.11596633980014913
0.11696827945163221
0.11798658206930734
0.11630352748034595
0.12004686569974314
0.12115380659095923
0.12225153195372417
0.1233723129055467
0.12451708526079291
0.1256868381036384
0.12688238869143614
0.1281043785642336
0.12935351838135747
0.13063014842912007
0.13193462912869183
0.1332674180231279
0.13462844103313357
0.13601792512078223
0.13743587126542756
0.13888173025870632
0.14035654452039614
0.14185896744129564
0.14338912328483072
0.1449466946768887
0.1465313667183022
0.14814279727792343
0.14978065863100626
0.15144459193461296
0.15313415369498193
0.15484878376834535
0.15658931135793727
0.1583542069809257
0.16014377235686775
0.1619577258031512
0.1637960207049565
0.1656585085984356
0.16754535319607652
0.1694565177473466
0.17139217434357226
0.1733525449286975
0.17533797028766454
0.17734880234710504
0.17889356283874758
0.1813982205249636
0.18348763207582064
0.18560471977109647
0.1877501281555578
0.18992467946538322
0.19218272588282548
0.1944187413333165
0.19663164922225623
0.1984370401839747
0.20076407553010073
0.203125633126736
0.20552276851758172
0.20795639410919142
0.2104276043102694
0.2134728109075048
0.21548635147553888
0.21862588323815713
0.2213265342032437
0.2233787470051738
0.2267310913191387
0.2288522797214261
0.23230839956377405
0.23509737870443867
0.23739258117711448
0.24032902309993004
0.2433106856788952
0.2463376649818073
0.2494099870059273
0.25252752134827794
0.25634251850532275
0.25889729290828734
0.26289212457339434
0.26544413911028053
0.2687826516907105
0.27216370541248947
0.2762881981768134
0.27976027639063095
0.28327253117067647
0.2860977854166067
0.28967944546469104
0.294041235344798
0.2969540740506718
0.300645158356226
0.304370806026653
0.3089058485117371
0.31279447274987615
0.31653899440632305
0.32049305783388693
0.32429781556812687
0.32831382168522594
0.33217757373985707
0.336161824950851
0.3401752432085914
0.3442178168523031
0.348385231830214
0.3515227752740799
0.35652121595147884
0.36078131812734715
0.36487304632380946
0.369195965340399
0.37345224225279394
0.37774059634429585
0.38206165640999856
0.3864186356704148
0.39081173390810214
0.39524205117035377
0.3997119891864092
0.4042195888811622
0.40877046855201793
0.41336268142578414
0.4179985036710413
0.42267939056976467
0.427291497787645
0.43218086258111466
0.43700351313906555
0.44187551772932376
0.44679763980833714
0.4516500269675623
0.45679386457481913
0.4618701626820362
0.46699990373895495
0.4721805900280116
0.47741254526470567
0.4826988664479135
0.4880358613121624
0.4934239633546464
0.4988625051440959
0.5043508887909225
0.5098881505602038
0.515473001393781
0.5211042408834246
0.5267809287518084
0.5325012215524803
0.538264160272951
0.5440677693555386
0.5499109304268641
0.5557921267296402
0.5617095343692404
0.5676618749805938
0.5736477654044683
0.5796657238982955
0.5857144323703438
0.591792970025482
0.5979001923872093
0.604035131273331
0.610196967545232
0.6163853419811548
0.6225994558584396
0.6288390349049171
0.6351040461620694
0.6413942754059996
0.647710333903543
0.6540518665536187
0.6604198784803257
0.6668131920302212
0.6732370043582764
0.6796873197703133
0.6861668136829625
0.6926743368412032
0.6992161397544987
0.7057875373261557
0.7123913834012189
0.719028369574797
0.725698870652409
0.7324039531908434
0.7391432524744721
0.7459176751407227
0.7527266684717383
0.7595702792183093
0.7664473466934233
0.7733575619411597
0.7802998208017726
0.7872720196092222
0.7942723084800943
0.8012969306814919
0.8083464534721079
0.8154177519799157
0.8225035181789585
0.8296019560312136
0.8367079281270168
0.8438169965765134
0.8509236665439677
0.8580220775059937
0.8651061100044464
0.8701081744592727
0.8792032302163991
0.886202307919238
0.8931574821337394
0.9000616828177409
0.9069056742673445
0.9136805025755719
0.920378068613402
0.9269883988187989
0.9335022479071663
0.9399107917322472
0.9462033601027512
0.9523706542391139
0.9584027974968076
0.9642904167771105
0.9700215488804929
0.9755926037770856
0.9809862858016327
0.9862015084786749
0.9912223256884787
0.9960429000656982
1.0006540622735511
1.0050476834679742
1.0092165884959121
1.013152835958946
1.01684939442949
1.0203003161189097
1.023496769407305
1.0264406739385024
1.0291195839683533
1.029136679306679
1.0336745500024496
1.0355437458370582
1.0371367412089516
1.0384527989994923
1.0394893968773111
1.04024704870865
1.0407254121277993
1.040925433281993
1.040848530114592
1.0404967714056799
1.0398734212910041
1.0389808047478477
1.037823984413347
1.0364042221125973
1.0347345709490294
1.032810480755235
1.0306478939615449
1.0282460051476814
1.0256126051059045
1.0227617738542052
1.0196946651689631
1.0164211871099356
1.0129503306391805
1.0092911932460282
1.0054523032723706
1.0014431308047074
0.9972731154466643
0.9929518522784913
0.9884887289431501
0.9838940006484179
0.9791765880930371
0.9743440439607799
0.9694133636479938
0.9643867834759662
0.9592756928475706
0.9540897736126767
0.9488383517790165
0.9435305323481081
0.9381739884452243
0.932778405756562
0.9273518748937936
0.9219016523669641
0.9164338597957227
0.9109626973836014
0.9054886325258407
0.9000210631039061
0.8945637042607487
0.8891300520734173
0.8837199258998374
0.878340484309627
0.8729977484945441
0.8676965782861077
0.8624403890223413
0.8572397855186445
0.8520926397534487
0.8470052895541519
0.8419821686147081
0.8370263455193645
0.8321420493183617
0.8273314358733126
0.8225990910103906
0.8179463133458547
0.813377292438484
0.8088940337252727
0.8044989488637105
0.8001944851286036
0.7959830016529394
0.7916543338745994
0.7878468754846254
0.7839265334410016
0.7801077157886334
0.7763923214539177
0.7727817572161007
0.7692787175012304
0.7658829751326706
0.7626023019887147
0.7594335479117523
0.7563802058219913
0.7534446719559788
0.7506276763574705
0.7479371732449301
0.7453695785950188
0.7429306219628865
0.7406223935511447
0.7384478538175531
0.7364086118884008
0.7345131239808171
0.7327599309339898
0.731153513054084
0.7296983815247816
0.7282110399349295
0.7270714171777967
0.7260953011108702
0.7254695251738466
0.7246519389061449
0.7241937678711727
0.7240986738908816
0.7240075091609661
0.7239346691249151
0.7242378161801466
0.7247446452687202
0.72546105269778
0.7263929109051898
0.7275459617430255
0.7289264237841759
0.7307101376399238
0.7323950256283008
0.7344954351109235
0.7353760278361958
0.7380005880230958
0.740891523173493
0.7440552308614305
0.7474987498609192
0.7528038454435715
0.7568133195330553
0.7609698117695378
0.7642106262731329
0.7706798928444328
0.7759353909644783
0.7815197517149848
0.7859579548794188
0.7937023067921272
0.7988598098499833
0.8072828555152688
0.8146143098025886
0.8209021302259027
0.8303927033974409
0.8374663922578205
0.8463279110038144
0.8555832113050759
0.8652386208912262
0.8752982220501883
0.8857672350218704
0.8979487956404947
0.9091063921125673
0.9208151665344015
0.9330748459736342
0.9455076304604979
0.9584955211171047
0.9719128734847602
0.9858801373746431
1.0000374975015098
1.0147437103448582
1.0298770056843327
1.045434546740139
1.0614129101788834
1.0778079288886813
1.0947242015189766
1.1118254221989274
1.1294343463368366
1.1475361692545978
1.165810152510943
1.1846582825861154
1.2037619532865131
1.223211095909672
1.2429927625598705
1.2629953983958657
1.2834891860713151
1.3041721108037514
1.3242299127304666
1.3463166343604447
1.3677385163498015
1.3893664221670634
1.4111773339781215
1.4331484824707588
1.4552558977419565
1.4774746408531128
1.4997785363578924
1.5221411819296842
1.5445358529698838
1.5669341028007258
1.589308200040873
1.611628291674961
1.6338674220586384
1.655993923911253
1.6779788111741452
1.6997922786586606
1.721404940951651
1.7427869671534109
1.7639092476268805
1.7847422004770208
1.805257497814856
1.825427766717955
1.8446857378939132
1.8646224572681376
1.8835952585312907
1.9021183310990752
1.9201686916392882
1.937723563617048
1.9547618174073265
1.9712651890653037
1.9872140003882208
2.0025926945329044
2.0173865985635464
2.0315818419526357
2.045167858074671
2.05813536950268
2.0704758458973234
2.0821836386559447
2.0932564331439383
2.103690942018849
2.1134878735176197
2.1226494275135854
2.1311795748633386
2.1390844637413355
2.146372394576397
2.153053077374654
2.159087491116774
2.1645899681902265
2.1695785493961806
2.1739128290234087
2.1778232225287146
2.181114093693074
2.183971083638083
2.1863620867052864
2.188372616160494
2.189846136927032
2.190991574084054
2.1917756280493057
2.192293633678397
2.192373068507471
2.1922455767669917
2.191873914209118
2.1913629251909916
2.1905976818624193
2.18967935705668
2.188558995239417
2.1875085972684336
2.1863185218437273
2.1850959657094613
2.1838739150805497
2.1826781721390884
2.1815381115376464
2.180481353662678
2.1795332553241074
2.178720342556733
2.1780669457877453
2.1775967964843717
2.1762717712656503
2.177296919356721
2.1773968794253484
2.1768595681288723
2.1776043865837664
2.1798302290100775
2.181226070443019
2.182961296364311
2.1850516964714752
2.1875139702269357
2.190362307341683
2.19361269609735
2.19728053540285
2.2013815000158727
2.205931175186117
2.20952590695795
2.2164446942038705
2.2224447060016748
2.2289665667341834
2.2360314851614884
2.243663281481353
2.2518865827895773
2.260730119106584
2.2702237400555503
2.280400873008431
2.29129838144087
2.3029560971813834
2.315416749418116
2.3287282153079625
2.3429423560518363
2.3581144377648564
2.374303506966246
2.3915799708571197
2.410008163643487
2.4296651681544064
2.4506301745692816
2.472988675589029
2.4968312308571683
2.522252890121561
2.5493545961657356
2.578242095687864
2.6090248127259676
2.641819283622411
2.676745223604075
2.7139260806164653
2.7534900456696243
2.7955692107371717
2.840298332979811
2.887814213925676
2.9382580734317267
2.9917708877292624
3.0484924168429224
3.1085740166960605
3.172150479478636
3.239367322874573
3.3103639749076463
3.38527889429512
3.464246896464382
3.547398066287155
3.634858751036427
3.726747863530784
3.8231800028145604
3.9242596602379027
4.030083553863123
4.140740341067482
4.256303723810248
4.37684889281787
4.502421135113943
4.633065202063932
4.768808031578885
4.909663438465842
5.055629943653727
5.206689649971386
5.362809533494292
5.5239388048434925
5.6900092835067655
5.86093619727933
6.0366157956618
6.216926073656472
6.401728132162766
6.590863250962153
6.784154902403701
6.981409191644488
7.182413023287348
7.3869368479547415
7.594734971538021
7.805542767278624
8.019081685267059
8.235976758640447
8.453163267919123
8.67358178451222
8.895176443283367
9.117902503135982
9.34038972762776
9.564117219403933
9.787887848183528
10.0113254538648
10.234046683669936
10.455669827436807
10.67557151709534
10.893828720486301
11.109840317098461
11.3232241996982
11.533607771267658
11.740620584498918
11.94391059020298
12.14312778360069
12.337928317430878
12.527988888586071
12.713003429231874
12.89266682087156
13.066709634030998
13.2348713408088
13.396907892501302
13.55310185762869
13.701740067947672
13.844158549879008
13.979700862506094
14.108219272309178
14.229620922891005
14.343820701632836
14.450739700778504
14.55035251508057
14.648157246667552
14.727638771969147
14.805340652885382
14.875832673851361
14.939723512297068
14.995482655658202
15.04541212087868
15.088024233363711
15.124020986661082
15.153583775518786
15.176913912250482
15.198575014643286
15.205729888195393
15.211685493649346
15.211890450078329
15.207947649038507
15.202523554464719
15.188731841194569
15.170728018964613
15.145130638397932
15.123235183087099
15.09101861605622
15.062386827711135
15.027688999780356
14.990515183203776
14.95116418034427
14.90774137302844
14.864787389837604
14.822739657835044
14.777353736335021
14.731095621764172
14.684197532477981
14.635699534911483
14.58936054661822
14.54095277091728
14.493661101402623
14.452578699201192
14.404797468546352
14.357694047511645
14.317972474634177
14.268877752068194
14.22254993387265
14.180493189151257
14.139567969804252
14.09982666815662
14.061315227962503
14.024070545450536
13.988107441375083
13.953429728706196
13.920045862298501
13.887936657868666
13.857083515774349
13.827451239306308
13.799006613836097
13.771700794471567
13.745483983122654
13.720298568359024
13.69608143615895
13.672767245225542
13.650289890563023
13.628573635596405
13.607545079338113
13.58713335713172
13.56726481532095
13.547860501676352
13.528849040745175
13.510160246541261
13.491725437981943
13.473472648206384
13.45533966235043
13.437265070599654
13.419187353993062
13.401057481450454
13.382821535115033
13.36443549584662
13.345849114731337
13.327032542206501
13.307945007959376
13.288565010956136
13.268856109946137
13.248808224907885
13.228398516022862
13.207613603547237
13.186443749617663
13.164883234522264
13.142933666003893
13.120590649295746
13.097860612265862
13.07474681441982
13.051255570522224
13.02740660356438
13.003205195255129
12.978672871564434
12.953822960925839
12.928667816978177
12.903232121705253
12.877539252141313
12.851597373257732
12.825438526800868
12.799078538805082
12.772538202179291
12.745840500471278
12.719004887080239
12.692053200709877
12.664873004264605
12.637887507055712
12.610708559761425
12.58349321708341
12.556259218534697
12.529022543572934
12.501804318839596
12.474613758257442
12.44747390723951
12.420308127672673
12.392545002223695
12.366406365581364
12.33960670555444
12.312302119291783
12.286366555787234
12.259946403760049
12.233198278180902
12.20713644632707
12.181640858741048
12.152374266106113
12.1272134498618
12.10223044496885
12.079554486125739
12.052842669229811
12.028447496760812
11.99875405339831
11.980292636650075
11.950544289117305
11.928809189143866
11.90687724789447
11.885360567396896
11.863867361062187
11.842408184495126
11.820969843238437
11.799564837385892
11.77818775025838
11.756570959680163
11.735534971135165
11.714263029152963
11.69303567258025
11.671852901382326
11.65071929890598
11.629638337318536
11.608620711050143
11.587668225594744
11.572731988267488
11.545976593620379
11.535988207218814
11.517903722778446
11.500247328201132
11.472292144692176
11.463555273212384
11.449341424993861
11.429551668132149
11.412936480330147
11.400305726308192
11.380478566397722
11.369159206885241
11.348993036405295
11.339618716378231
11.318441163566437
11.303495968308422
11.288765160758878
11.274242323568616
11.259919808998216
11.245785602173449
11.231837119189418
11.218067770956567
11.204465846507944
11.191032847952505
11.177751991910053
11.175688687760331
11.163177991063522
11.152148532389683
11.139952251480608
11.126415713187269
11.114398960400367
11.102491391900081
11.09068452901564
11.080635601467835
11.067367650944194
11.05584782922608
11.044416320415735
11.035126560609978
11.023704428481626
11.010637683091176
10.99954718527354
10.990787442809458
10.979911450110285
10.966784491512126
10.95604238649896
10.945396595612008
10.934845887519831
10.926651047073866
10.916603551388565
10.90383872747723
10.893740409887716
10.883773007664624
10.876360122487373
10.864265071262764
10.854744036372473
10.84539272526298
10.83622356366752
10.82724743430569
10.818476711469298
10.809918829949321
10.804510776317581
10.796157933884256
10.788656171649937
10.78083036517461
10.770882489230116
10.76392051713892
10.75727840357664
10.750964169594896
10.748084784911086
10.739393145710695
10.734162417657343
10.729319892374914
10.724880704300622
10.72401923516614
10.71726038950562
10.71410933640331
10.714607375331813
10.712383625413244
10.707416396858976
10.709366935045141
10.708592025818366
10.705071596603178
10.705299251905705
10.709278933202603
10.707283445759638
10.712305247662188
10.714600586431855
10.714150741199353
10.717481277633773
10.695280606967586
10.725690830507103
10.733477428363836
10.738844683787478
10.741787003306538
10.748131406442974
10.754946144867084
10.762222417798274
10.769940832812438
10.778089825787953
10.78664952849764
10.798761936839803
10.804933900861426
10.814616011832019
10.827418162352492
10.83771951950197
10.848308159755893
10.859152221514435
10.870230607837147
10.881512870452722
10.89297748996556
10.904590169742551
10.916326010483422
10.928154345560104
10.940053516351712
10.949465466360111
10.963935094063542
10.976138200231011
10.988014192809796
10.999552136642263
11.01126146488586
11.02311145864551
11.034282692451386
11.045549985682738
11.05437688516777
11.06526720245872
11.078113739356606
11.088494483311873
11.096495153788313
11.106372998409572
11.1159672292249
11.125268517902683
11.136283169557073
11.144969402208815
11.151396619589573
11.159517539102264
11.1673570453103
11.174923851028572
11.182234662438113
11.191171469556986
11.196155304397319
11.202818179808167
11.209316392755845
11.21568819954111
11.22380074889484
11.228201476461235
11.236475087771423
11.240707004554832
11.249149643311615
11.253620988819712
11.260379587487423
11.269546628504525
11.274821883109224
11.282652888769862
11.290991904097693
11.299914956684658
11.311802364030049
11.319869476521047
11.331071926390587
11.343219621449167
11.356405261678598
11.373030472173573
11.388911664554913
11.403196603921048
11.424308622158033
11.44144642570356
11.463009487478267
11.489327336241896
11.511545773900648
11.53873822344792
11.571274067965513
11.60252448234434
11.636421632095347
11.672743727038709
11.711969260054572
11.753479223968888
11.797357102920987
11.84485657216223
11.89492507624764
11.948052360188738
12.004337553333624
12.063878118536387
12.12676369346699
12.193093449758655
12.262955622139339
12.336443025840502
12.413637618916875
12.494624052129755
12.57948557064251
12.668306925172898
12.761159932783164
12.858127559847093
12.959282169312084
13.064702197389222
13.17446231482551
13.288621209988264
13.407280628275311
13.530492263176425
13.658334661471335
13.790878703258976
13.928208330604507
14.0703897096174
14.217509102640564
14.369643432620101
14.526875626393487
14.689285747534726
14.856963440048814
15.030010461240659
15.208505021296373
15.392551509899455
15.582240141524256
15.777699001277702
15.979010075238378
16.186291548778545
16.39965637542167
16.61277408132502
16.845103562909696
17.07742201543144
17.316301669654134
17.56185598825465
17.814214540247836
18.073496682481714
18.339821243068513
18.613301834547645
18.894053891674545
19.182185547527133
19.477796034272284
19.780978328089923
20.091815226288652
20.410384094728713
20.736738552655968
21.070928145919684
21.41298350704868
21.762917933324122
22.120722067336406
22.486370055711895
22.8598040141185
23.240950378151013
23.62970683194407
24.025936391713486
24.429478818477083
24.840129256675553
25.257664638173647
25.68182118103155
26.112285362992857
26.54872514996918
26.9907541832031
27.43795014848195
27.889850232314856
28.345950233323386
28.805699178958246
29.268505549844715
29.733737063986705
30.20071100088391
30.681371704245247
31.14261500829302
31.605806902971
32.085716338076146
32.55458909584137
32.998692749016925
33.45601520738621
33.90823644535606
34.39040990419443
34.79328427648273
35.22400684874503
35.64541255223054
36.04996478284354
36.455860963265174
36.84265620681171
37.2063267874025
37.573738491677084
37.904910210776734
38.24059876201802
38.534751409486624
38.82245811148039
39.08706207314206
39.33298044309308
39.55341721305942
39.75354261754417
39.925944496622655
40.074731993503285
40.19741419361744
40.29321261693909
40.36141711899876
40.40138182156487
40.41252325894907
40.39433341147107
40.34637920404394
40.26830794840121
40.15984540594368
40.020796418674074
39.87733920390745
39.65334642670186
39.419554350365054
39.15800687255344
38.86624120352729
38.54458028012357
38.193466607273436
37.81340427044114
37.40500727078014
36.968952060591185
36.50601717010583
36.017044463884986
35.50296575377918
34.964789402999294
34.40357696627108
33.82046438527553
33.21666423471621
32.59341663840643
31.952032123449875
31.325788296105397
30.62032786623707
29.932817065794453
29.23281543724449
28.52179422502538
27.801260246462014
27.072716008471644
26.337683308225852
25.59767771034987
24.854203460022458
24.108762676745794
23.362821321622967
22.617834772544374
21.875229581198557
21.13638906069245
20.40265384486734
19.67532954433989
18.955667411276526
18.244864360305254
17.5440603800719
16.854328112687273
16.17669544562931
15.512096404377989
14.861411676336486
14.225458868392392
13.604964853189598
13.00059018628301
12.412924366514911
11.842481864154122
11.289693336018056
10.754933198688414
10.238483238543093
9.740563881060524
9.261326665011193
8.812950731356613
8.359149309697571
7.936174258907261
7.531812519304638
7.145896815531853
6.778204571242825
6.428458075775307
6.096338192564692
5.781475099536198
5.483463544748728
5.201859686157979
4.936185516117166
4.685937061982854
4.450584621935507
4.229576440495727
4.022345046556675
3.828307738081052
3.6468742302078523
3.480533488950502
3.319423818727702
3.172206073392075
3.0351969589911585
2.907805199069084
2.789449397853362
2.6795589915803792
2.577577091184009
2.4829632212439057
2.3963773360736838
2.313761855129952
2.2381853430702883
2.1680009396314417
2.102767977026393
2.042069176042687
1.9855107820805191
1.9327228586196665
1.8838615366966165
1.8370987839809776
1.7936425856592042
1.7527159908468244
1.7140671218442964
1.6774655546592028
1.6427034176995916
1.6095913623738602
1.5808798973875364
1.547983091108976
1.5188815207635677
1.490546741064925
1.4635102073134305
1.4402481393265276
1.4120412455802869
1.3874699583598518
1.363599860068628
1.3403865330668818
1.3181313640198158
1.295794066144576
1.274706577169627
1.256601209574402
1.2331380032787365
1.213320373837206
1.1940201021797439
1.175230864304118
1.1569476237126866
1.1391650046450341
1.1218788251043357
1.1050839092618487
1.089126870022573
1.072943906832314
1.057934806873835
1.0426874806500854
1.0282411272473593
1.0142345215131627
1.0006538141312673
0.9874836342990463
0.9747083924019587
0.9623098491094941
0.9506115398176512
0.9389096080379431
0.9271838585401823
0.9160965418881176
0.9052848439080384
0.8950724001784004
0.8843986546496135
0.8746324788303969
0.8643515392463403
0.8545898490275423
0.8450117075450858
0.8358555288326707
0.8264828338932956
0.8172027389943418
0.8079987442324663
0.7985034380764164
0.7897606690876062
0.7803348375625988
0.7716651440075258
0.7626444388921966
0.7536305013941716
0.7446166353334853
0.7355974558747201
0.7265689489961342
0.7212854401307383
0.7084735734665655
0.6989152208280583
0.6898222159981152
0.6807165899482258
0.6762676201888668
0.667230475585077
0.6581878345024388
0.649143490966381
0.6401014927741984
0.6310665053634446
0.6174661068061295
0.6083991252772678
0.6040532077185597
0.5898173770114072
0.5813808829788348
0.5772887103111398
0.5684477535521473
0.5596560318303314
0.545386860067351
0.5373099862854293
0.5286906804320116
0.5201487242536945
0.5116890498987163
0.503316407121231
0.49503531818841817
0.4862454034286829
0.47822589702857987
0.4701908153918363
0.4623842394229988
0.4545717271467424
0.44693385075576786
0.4394146881078835
0.4320171263505946
0.4247439157392112
0.4175974546764787
0.41058011630554164
0.4036940276574429
0.39694110038006103
0.39032303979946964
0.38384125176904654
0.3774970111025856
0.3712913283592378
0.3652249939162433
0.35929851144375824
0.3535120312011146
0.34786556794294654
0.3423588599090674
0.3369911929051853
0.3317617087219129
0.32666916836234455
0.32171208103981136
0.31688856607416716
0.312196599873245
0.30763367680137443
0.30319718638028703
0.29888410948811495
0.2946911953552387
0.2906150466391643
0.2866519692724384
0.28279806749441205
0.2790492880826413
0.27540147035771984
0.2718502971020135
0.2683914697117154
0.2656877639937684
0.2617253375600096
0.25791134245763625
0.25422999817191083
0.2514170728452459
0.24910145751162127
0.24612681499264216
0.24348408512040867
0.24036707722793207
0.23792062713009723
0.23519770359400172
0.232481906603126
0.2298458498727911
0.2272502752577345
0.22469307463559632
0.22217238251909854
0.21972628470374464
0.2172345623681938
0.2148151277073653
0.21242756950143107
0.21010906477461083
0.20741686702239392
0.205452278110032
0.2028709221948523
0.20099306264534936
0.19879285752742964
0.196628896341752
0.19445624122573799
0.1923552896006361
0.1899909201789097
0.18829366536931297
0.1859638159317949
0.1840031084396995
0.18207838584154157
0.18019021800639298
0.17867715449217955
0.1768616056430036
0.17474825664914898
0.17300902420810926
0.171307057319362
0.16964209607086875
0.16832680801977107
0.16642135165350827
0.16486426553242536
0.1633415867378582
0.16185232635652763
0.16039535114558573
0.15896947795517635
0.15757336508248848
0.15651607145156587
0.15486497430908075
0.15385392889442992
0.15225866518570794
0.15099017822291566
0.14974287163474767
0.14851533777879367
0.14730629955061006
0.14639081351016894
0.14493871781630868
0.14377798146409215
0.14289243296045398
0.14149780025754122
0.14037683125238598
0.13926776071850272
0.13817015036314997
0.1359981489076744
0.1360078802851379
0.13494288106796662
0.13388854536395123
0.13284491956283465
0.13181210195504284
0.1297427191315752
0.12977974953582383
0.12904057957364556
0.12673767359269802
0.1257571221134257
0.1258550910842407
0.12517299156561093
0.12288707728482226
0.12331371731512397
0.12103886999757558
0.12123166899786576
0.12034593090937684
0.11974819551793896
0.11885738898169664
0.11800914770310914
0.11692992023114646
0.1163771921151161
0.11556218302567058
0.1147573437214914
0.11265623068256575
0.11189297559017765
0.11214666426674592
0.11040045577715009
0.1106263100702831
0.10894798468939611
0.10823469452025879
0.10752889969361172
0.10766869164658105
0.1071454046880787
0.10544896874988796
0.10569389975992069
0.10408684212946454
0.10426104358998842
0.10273968695643126
0.10146116248263341
0.1014053966450059
0.10074289576244966
0.09962919407239207
0.0989910436114347
0.09877607254675148
0.09812848549786153
0.09748571251485952
0.0968483050475365
0.09583957519400438
0.09522131092269734
0.09497483045970971
0.0940029731237954
0.09333247130540155
0.09281430689846175
0.0922330711398027
0.09159749494208891
0.0911002806742695
0.09048561769983118
0.08994627247043448
0.08948274459224381
0.08896646129633949
0.08925102011903058
0.0879046006622863
0.08742269332634243
0.08701404609981454
0.08649048085991609
0.08609935023401424
0.08565493000812398
0.08516013185992402
0.08478718003480826
0.08430755773675444
0.08394050476972167
0.0835222647107156
0.0831059525567521
0.08269047382039965
0.08223157801946002
0.08181220765363548
0.08139600984979002
0.08097705278380753
0.08055467070800984
0.08012843203016201
0.07969799907129763
0.07926321751967982
0.07882730885852544
0.07838386315459131
0.07793362851965642
0.07748315141106567
0.07718379934464821
0.07657477513344876
0.0761185178249621
0.07566212549382732
0.07520663380314489
0.07475309737374367
0.07430261713472398
0.07388183215534418
0.07341519037848905
0.07298030706259619
0.07255260859149895
0.07213292501376407
0.07172501260881303
0.07132048574201102
0.07092882637715966
0.07054736531249807
0.0701762951383536
0.06981564255695308
0.0694652731263958
0.06912493628794084
0.06879421772649226
0.06847260268444796
0.06818421969074916
0.06785396853998997
0.06755539074540375
0.06726283573855758
0.0669753621415295
0.06669208478500381
0.06641207401225932
0.06613600266035488
0.06585973210588693
0.06558298151452038
0.06530770347481088
0.0650318890775413
0.06475504229981169
0.06447680828219628
0.06419690201972961
0.06391521997571967
0.06363170470047877
0.06334649181159865
0.06305976613902628
0.06277183723874283
0.062483087085385206
0.06219398001623451
0.0619050289818442
0.06161676199493777
0.061329758800083185
0.06104458610271468
0.06076177576945485
0.06048183632512161
0.0602060920924035
0.059932396625642655
0.059672099451068404
0.05939906738996084
0.059138971026502535
0.05888424800685713
0.058632118675421036
0.05838516725492244
0.05814225862641644
0.05790303390690321
0.057667131467757406
0.057434084238184906
0.057203396899020445
0.05697452413577405
0.05674705419687929
0.05652011232860472
0.05629349129892937
0.05606659770731198
0.05583900049267978
0.05560970568735389
0.05538029008742834
0.05514868099251169
0.05491538179683694
0.0546803940088847
0.05444380785331192
0.05420580372540171
0.05396667427980057
0.05372679470987936
0.05348662092831234
0.05324667555731493
0.05300752922173826
0.05276981005898735
0.05253295933823098
0.0523011930843065
0.052071562904050545
0.05184586085026728
0.05162464771632844
0.05140839792063922
0.051197532057300196
0.05099236170121738
0.050793119499639
0.05059993256545621
0.05041279862223652
0.05023162754680658
0.050056204877292974
0.049886234200980234
0.04972131564429209
0.049560947337030044
0.04939796950288969
0.04925163092022389
0.04910141190367681
0.048952364348235675
0.04880647792589538
0.0486604234582498
0.048514443333657675
0.0483679647663808
0.04822043968896314
0.04807142504637391
0.047920553744391595
0.04776755008177347
0.04759899937546988
0.047454564151630095
0.04729454161349597
0.047132293180767296
0.046968070744893904
0.046802165188492936
0.046634963398061995
0.0464669096718348
0.04629849540666003
0.046130237314214464
0.045962679105731645
0.045796346257941815
0.04563059760080571
0.0454693438656929
0.04530958525318386
0.04515282803568344
0.044999367849028526
0.0448494068933185
0.04470307346344539
0.04456039492117086
0.044421312174887886
0.044285692987915584
0.04415330380812712
0.044023844356965054
0.04389694940670371
0.043772199093956736
0.043649135693884504
0.0435272864479026
0.04340616005886288
0.043285277338282746
0.04316417219883982
0.043042421023406
0.04291964266948795
0.04279552437906347
0.04266981626658801
0.04254234261759844
0.04241300814476323
0.04228180146778118
0.04214878583056482
0.042014115481890504
0.04187799658252286
0.04174070288217936
0.041602574304755224
0.0414427864277192
0.04132529349633238
0.041186956678529604
0.04104725529219622
0.040912892908935426
0.04077794217441475
0.04064481522540865
0.04051377980775716
0.04038506114225494
0.0402587963745313
0.04013505568123689
0.04001384132200779
0.03989506753141397
0.0397785976932121
0.03966420921260202
0.039551622935364496
0.03943898880192506
0.039330562939262195
0.03922133690732842
0.039110900292286366
0.03900352268472078
0.03889415592832581
0.038783999705845645
0.038672740498231634
0.038560120287183884
0.03844591381951427
0.038330000430789685
0.038212290894253216
0.038091237474604876
0.03797160081391884
0.03784732386975864
0.03772469856697227
0.037599470855968126
0.037473452816247685
0.037347000376024016
0.03722048900924409
0.037094312126748054
0.03696886534381915
0.036844517092627746
0.03672163445761929
0.036600535583267466
0.03648149830610127
0.03636474610601792
0.036250449823208034
0.03613799236017786
0.03602959046868728
0.035923027025329186
0.03581895437742772
0.03571723546558336
0.035617669015846516
0.03552002707220698
0.03542403873289779
0.03532292740959626
0.035235872984251064
0.03514309849075314
0.03505080569733337
0.03495873563102805
0.03486665763601794
0.034774369146812714
0.03468171854907335
0.03458861272960446
0.03449498385291066
0.034400009484970115
0.034306257825774865
0.03421129748637541
0.034116107109959916
0.034020859895670934
0.03392575101839356
0.03383098881108413
0.033736784061583834
0.033643365250268335
0.033550918799104476
0.03345964010920047
0.03336966579468295
0.03328111475727392
0.03319352733915871
0.03310852326315656
0.033024491688911375
0.03294190284458671
0.03286064270435085
0.03278055842708217
0.03270147414370483
0.032623178931556564
0.03254544401987169
0.03246803323023668
0.03239010835973152
0.03231322605524156
0.032235385635144956
0.03215699247157277
0.0320778900468515
0.03199796311264504
0.03191713083854209
0.03183537797601781
0.031752708357380706
0.03166919187945316
0.031584930954062534
0.03150007638695945
0.031414793905252876
0.0313286506852313
0.031243800901323737
0.031158537707288794
0.031073733478809835
0.03098961849527008
0.03090639168775271
0.030824240840117322
0.030743311004313625
0.030663725310201374
0.030585161270744513
0.0305088486251223
0.03043358977600209
0.03035973943241237
0.030287220457527315
0.03021591439811373
0.03014568266139502
0.030076366501125378
0.030007793752598714
0.029939787536008493
0.029872169517379348
0.029804777239121824
0.02973746273155628
0.0296700932940994
0.029602577657748392
0.02953483665172083
0.02946684106388755
0.029398585454156495
0.029330099337893198
0.029261042123345953
0.029192679208811884
0.029123935939862396
0.029055327424339385
0.028986980054749808
0.028919027624908927
0.02885159159254822
0.02878479436253555
0.028718741200941478
0.028653504033851616
0.02858914580789466
0.028525691443204167
0.02846314539108826
0.028401479502895604
0.028340639681963674
0.0282805469196469
0.02822110323591029
0.028162192153903507
0.02810369377736051
0.028045468138620692
0.027987399091580486
0.027929353066802692
0.02787101444106755
0.027812926458630736
0.02775438010558124
0.027695536070812685
0.027636376287831835
0.027576899922956477
0.027517134816874733
0.02745713236482588
0.027396964403473254
0.02733671571676965
0.027276489666772815
0.02721638615169524
0.02715651703196278
0.02709698465791868
0.02703777423402964
0.026979202578792962
0.026921275518862472
0.026863885998894277
0.026807142031813953
0.026751041488140566
0.026695567673301012
0.026640684212267462
0.02658632155930965
0.026532422965979664
0.026478893435264453
0.026425649623040563
0.02637259808239625
0.026319650017055878
0.026266740788248713
0.02621376654504674
0.026160707170732666
0.02610750922799958
0.026054158523997926
0.026000652372775754
0.02594705020921263
0.025893262150980288
0.025840037914586694
0.025785666163560168
0.02573194835192768
0.025678384661777524
0.0256250453586821
0.025571997731457047
0.025519308281223372
0.0254670281593411
0.025415367861375687
0.025363841923109854
0.025312968185887002
0.02526257098854707
0.025212835575561372
0.025163097975672635
0.025113942319446317
0.025067219414272555
0.025016503118629383
0.024968099291567195
0.02491982678299756
0.024871862110095514
0.024823436968608965
0.024775237457442086
0.024726991355669633
0.024681115481320605
0.02463032777108643
0.02458192413696301
0.0245337783620284
0.02448537734090872
0.024436733479131802
0.024388484099776665
0.024343397824542597
0.02429249984303068
0.024244855182798414
0.02419750417814325
0.0241504718926421
0.02410377555627336
0.024057815407177306
0.024011435933454724
0.023965778791325793
0.02392043539536083
0.023875371273535805
0.0238305617066244
0.02378595636839518
0.023741519370105657
0.023697204914689986
0.023707781233906672
0.023608805367924975
0.023564661197721735
0.02352098412184681
0.023476412772576442
0.02349042808201372
0.023388211259401166
0.023344158714078907
0.023300170752579046
0.023256766018603332
0.023212508883463306
0.023168901449201102
0.0231254805441303
0.02308227793477105
0.023039310377945963
0.022996598928264413
0.022954145823704013
0.022911954916015026
0.022870015291147516
0.02282888541040044
0.022786835006206006
0.022745545247606976
0.02270442627677303
0.022663443919897042
0.02262257667445443
0.02265742382649543
0.022541089603859973
0.022500438362935894
0.02245982907145344
0.022419267721167507
0.022378754002177283
0.022338299551398575
0.02229791676049955
0.02225762684563128
0.02221744642292687
0.022178057725208446
0.02213750467147419
0.022097777104238957
0.0221442125112901
0.022018884597310325
0.021979734450275634
0.021941485530715267
0.021902025651095433
0.02186345069105792
0.02182576265989819
0.02187798887057111
0.021748676989373064
0.021710681342826596
0.021672787741230305
0.021634982783708005
0.02159725358322122
0.021559593212887262
0.021521999528733647
0.021484474676005436
0.021447792580431894
0.02140965240062209
0.02147079500157707
0.02133520294227208
0.021305549646768743
0.02126122112543268
0.02132596484952059
0.021187810451613925
0.021151337758383806
0.02111502396708157
0.021086604725541844
0.021147986196390463
0.02100701352738111
0.02107769025725701
0.020943636369000075
0.02090023695081318
0.02086486987471238
0.020829599548068324
0.020794414482843852
0.020869303663913367
0.020724286351133915
0.020689343382776514