0.1406054724685489
0.14174862210094655
0.14288758700032425
0.14409537850501092
0.1452104585719714
0.14561788469515816
0.1474114251471552
0.1484094638701756
0.14878945748740888
0.15047758649457235
0.15147078375101386
0.15243461272778513
0.15336847773595566
0.15435508574829443
0.15524117249093877
0.15609081848575607
0.15681804260271542
0.15762045576631112
0.15840666462257944
0.1591818462275415
0.15995217631640013
0.1598496140152368
0.16150561239250252
0.16138991127398664
0.16312658969635999
0.1639823255342583
0.16487925718830004
0.16593705707132125
0.16682811583423196
0.16789520620619094
0.16903353887247263
0.16917090178877317
0.17154783681324795
0.1729341698435608
0.17441215406798485
0.17598500211297521
0.17765480647269669
0.1794230088602285
0.18129030413168828
0.1832563530995877
0.1853203127078929
0.18748075732099767
0.18973563158458417
0.19077346249996366
0.19319280860041416
0.19704199678706885
0.19964890619668477
0.20096170374592165
0.20371262557518807
0.2079466190295199
0.21086446350639093
0.2138558969465289
0.216920229031566
0.2202221073860428
0.2234346186497029
0.22655425693129866
0.2299172464934806
0.23335998242131986
0.23688590333983475
0.2404989278427928
0.24420337931287073
0.24800416951983587
0.25190618517593255
0.25431289781690697
0.26003536688249274
0.2644560083428484
0.26863307947100695
0.2714655041907197
0.2777386979367131
0.2824924397257728
0.28757522147664144
0.29241846185540343
0.2958743332119919
0.3029150193264443
0.30837919547203835
0.31418432603694596
0.3197353674086891
0.32562326215565063
0.33164661030836085
0.3378016176963815
0.34408317889455087
0.3504859397825806
0.35514710822181816
0.363630132046131
0.3684727572620104
0.37739479508587603
0.38433074944529283
0.3910820363724441
0.39836437177344775
0.4052754552612861
0.4124645474781357
0.4197068316847909
0.42699648008005714
0.4343280234773636
0.44169663240326346
0.44909820362273417
0.4565288926623575
0.4639859153956101
0.47146656717395286
0.4789693906543233
0.4864924877362498
0.49428001490267937
0.5018444540619429
0.5094281483169768
0.5170313858935328
0.5246544072359125
0.532297928065318
0.5399915441328127
0.5476494222548907
0.5550956085064827
0.5630902482426287
0.5708451475964798
0.5786231136533627
0.5861516439470964
0.5939722593209625
0.602091279273948
0.6099559999448715
0.6178710922912896
0.6257398311821282
0.6333685948913259
0.6415836147800958
0.6492312610095752
0.6574702009797793
0.6654237231966756
0.6733809970155398
0.6813398032283525
0.6893328449999624
0.6972899379244842
0.7052448040107
0.712848748100278
0.7211429099083488
0.7290874744594174
0.7370290968119255
0.7449709660809521
0.7529140521821184
0.7608621380566385
0.7688186248794533
0.7764162433702895
0.7847752578921587
0.7927856222987979
0.8008252435687552
0.8089008763713215
0.8170191272802126
0.8247953733579703
0.8334123117995136
0.8417018327337391
0.8500634418415031
0.8585039843353921
0.8670308907896974
0.8752376024453371
0.8843696187043473
0.8931934614577068
0.9021275246829579
0.911176062930807
0.9199120041330544
0.9296314833072697
0.9390434866595871
0.9485800768619929
0.9577959968231695
0.9680288501105728
0.9779388127940798
0.9879706522919003
0.9981206919440644
1.0083856880376305
1.0187612257818404
1.0292422540073876
1.0398238464091354
1.0504996353551164
1.0607796249747623
1.0716216252946351
1.0830308505517345
1.0935243806157542
1.105072208051121
1.1161789547322607
1.1273350793764787
1.138534219444572
1.1492539315967962
1.1610383965832238
1.171808556303078
1.1831218446955258
1.1949330090160732
1.2058006563684305
1.2177010100736303
1.2290736292790327
1.2399028989252614
1.2518387189118685
1.2632294428395763
1.2746237725357907
1.2860209527893718
1.29742085478109
1.308822837762357
1.3196477283429286
1.3315763726582561
1.343044726399423
1.3544549649917828
1.3658678981327772
1.3772811451650329
1.3886323353005472
1.4001039232910737
1.4115110913136055
1.422849566729396
1.434241288599259
1.4456844973217424
1.4569856296161585
1.4683940426627706
1.4797145038116073
1.4910053274079758
1.5022608685695276
1.5134753462170512
1.5246421047540129
1.5357550109638147
1.5468065871828094
1.5577902052594954
1.5686975825465026
1.5795236666868602
1.5902591089186262
1.6008976426590378
1.611431729361664
1.6218539590911911
1.6321596212664355
1.6423403317373673
1.6523910889537188
1.6623059700576581
1.6720800304991645
1.6817085294308913
1.6911876277032831
1.7005132288494844
1.709682628176644
1.718692946915338
1.7268454018015769
1.7362305160959082
1.7447553833644038
1.7531174546397126
1.7613161342859114
1.7686475091973413
1.7772288321737257
1.7849460253802034
1.792506436342126
1.7999126025622234
1.8071679656629864
1.8142759881348764
1.8212403203470475
1.8280655866664821
1.8347562233907853
1.8413173121298794
1.8477541112185976
1.8540726016312792
1.8595596154935272
1.8656595326838878
1.872380728721582
1.8782905397644967
1.8841169525977175
1.8898680512910317
1.8955521830802153
1.9011784850201088
1.9067574644433876
1.912298716313959
1.917813787310011
1.923313522668475
1.928810574032448
1.934317474262433
1.939847921113194
1.9454157611433396
1.951036150966228
1.9567243350285868
1.9624960452167888
1.9683685606385366
1.9743591000173784
1.980485100843185
1.9867652127285678
1.9932185678303052
1.9998643073765505
2.006722013942804
2.0138118468856807
2.0211538757584835
2.0280821971707765
2.036675996065009
2.0448969852920595
2.053451639913752
2.0623600642813846
2.071642165937222
2.0813167191636883
2.091404142307263
2.1019219053656952
2.1128878467447865
2.1243187234010072
2.136231595385437
2.1486415627681845
2.1615633975978015
2.1750100846293465
2.1889949430137383
2.20352882618693
2.2186225920837748
2.233678232450963
2.24992353261496
2.2673491601372002
2.2847631423861894
2.302771569650697
2.3213782619591847
2.3405858431386197
2.3598276979308768
2.380807124674194
2.4018205788355016
2.4234338101483726
2.445644278224425
2.4684483058213496
2.4918416302634583
2.515818939281602
2.54032159125765
2.5649868771784448
2.591191916452228
2.617438806799502
2.644233324921939
2.6715668769106333
2.6994297064490596
2.7278122881299067
2.7567044822788485
2.786095431335335
2.81551402965259
2.845876547036406
2.877154835924033
2.9083875726964377
2.9401536830127366
2.9723066474948077
3.004879651892335
3.037860893467295
3.071239038056613
3.105001878675302
3.139137647038597
3.173636257099954
3.208444711082403
3.2436722548623163
3.2791878045376577
3.314982245174149
3.3477978329536424
3.384280145698003
3.42104913711625
3.4612847082516947
3.4985549365803688
3.535772726058357
3.5735614137664795
3.61159630177545
3.6498715534237127
3.6857524325726105
3.724532670199594
3.7663792442910555
3.805286795280684
3.8422319214555376
3.8843491684074993
3.924218368447811
3.961959644740102
4.00490710676661
4.045500167944121
4.086308977799942
4.127097108158815
4.166271949916297
4.210272403395163
4.252188891729079
4.294381303545433
4.336645136716764
4.377555253516324
4.420810873893125
4.4662986274407945
4.508479203856886
4.5546978753572
4.599557493862437
4.644891634250009
4.690928921217383
4.73553798135235
4.784021294865288
4.831538390077883
4.8796769668290345
4.928469288715429
4.977946861656894
5.028142789154646
5.079232814854307
5.12974901136206
5.182367352498288
5.235838423529314
5.291160155988411
5.345468802247026
5.4016918545112125
5.458895411388217
5.517109379348192
5.576362973619136
5.635049571711884
5.695859262740684
5.759041472699656
5.823596631502026
5.889344345634702
5.956305934540528
6.024500495440241
6.093918771920429
6.162645388249371
6.23159967593717
6.303832612926562
6.3773416233579425
6.452134450561494
6.528216070826532
6.60441690615173
6.682952157487062
6.762775810453738
6.843687212565703
6.92626956551502
7.009923915822723
7.094836287805287
7.180725246029537
7.268118332714214
7.3566620098739515
7.446420897727969
7.53734163378801
7.629397706567995
7.722559167593953
7.8167940350434035
7.912065745256854
8.008338960021256
8.105571544622554
8.203720297593398
8.302739384882745
8.402579638280018
8.50318896408607
8.604513536265024
8.70649527978814
8.809072798477802
8.912185918564814
9.015765865295512
9.11974580147401
9.224054019595439
9.32861365967495
9.433353336960652
9.538191652457977
9.643812299910698
9.747829169323627
9.85327059011491
9.957677957570649
10.060901530260688
10.164530925075304
10.267635905819805
10.370121600838512
10.471893532656608
10.57284622488012
10.67288337217833
10.771901576558825
10.869797327633403
10.966467051572799
11.061809361099034
11.155717679924043
11.248091057688805
11.33881892779419
11.427804514435008
11.514943152982324
11.60012911622351
11.683264645902893
11.764250129418983
11.842983616393976
11.919376902638277
11.993333569438164
12.065884762898355
12.133567200121856
12.200802452980032
12.26298623577198
12.324571304790458
12.380945786977483
12.435439199280184
12.48684967974027
12.53511516138537
12.580173181633755
12.62196690434097
12.660450191879114
12.695572814020013
12.727294384299883
12.755581389467828
12.780402905693157
12.801727798930925
12.819542687344333
12.83382912907604
12.844576456922551
12.851781051307736
12.855446823799213
12.855576948051223
12.852190709441457
12.845295630563983
12.834923767772123
12.821099275864553
12.803859130836575
12.783243063058421
12.759290538911689
12.732059993139787
12.70160187223322
12.667969290778277
12.631236910937112
12.591471391096029
12.548743909637933
12.503133624264093
12.454776857974657
12.40359516381199
12.349845376477253
12.293605143529351
12.23523890725912
12.173789841558701
12.11082821550553
12.045089716904794
11.977657343712899
11.908528968398615
11.837174896047163
11.764352115513809
11.690855607488036
11.614669907959465
11.538860679071107
11.457500136266125
11.379050202512257
11.29777612696533
11.217112560309705
11.13499736115101
11.052254712380481
10.969238463736295
10.885629282864075
10.80143866870477
10.717348852672993
10.633575296243091
10.549513777842263
10.465614510009736
10.381975919049388
10.298700238260148
10.215888587647576
10.133633327626038
10.052026257629844
9.97116134956475
9.89111510204524
9.811975971496516
9.733818396292985
9.656717108973009
9.580742561399962
9.505956479060032
9.432423718530954
9.360202536846362
9.289341575957243
9.219894442380994
9.151898016247252
9.085399860591313
9.020429053895846
8.957019022387717
8.895196842931137
8.834985411159154
8.776400971431748
8.71946169659366
8.664175206028286
8.610545300672632
8.558577800967901
8.508268866054847
8.459614245446494
8.412606781604815
8.367233648511723
8.323479921461402
8.281329852734977
8.240760336209465
8.201747282625803
8.164268526976544
8.128293882431427
8.093792444451635
8.060735577459027
8.02908848652899
7.998813362928506
7.969879493014274
7.942245717554439
7.915876401479959
7.890730700714926
7.866771843515104
7.843960280727331
7.822255619377776
7.801619310463301
7.782014204297216
7.763399259357764
7.744842125989903
7.728996710786446
7.712257992064815
7.698123974070747
7.683066373292944
7.669661744480318
7.65784937365859
7.645912515943622
7.634673244924127
7.6241074695066375
7.614112949368086
7.60482989238147
7.596236527089673
7.588158798057739
7.579908070953291
7.573658116050554
7.567363879526499
7.561545094530916
7.556200383383125
7.5515409392164
7.54734969152009
7.5437006726691145
7.540597271313021
7.5379757739894675
7.535397105060723
7.533973700975059
7.533686026662726
7.532862144156514
7.533199813124945
7.534152381080199
7.535735519272893
7.5384809001356015
7.541368720642423
7.5449424857998615
7.549220855136818
7.554224784399699
7.559975053805851
7.566493725470602
7.573801001345844
7.581918711937841
7.590868156431578
7.600669563527476
7.611344323564724
7.622912087500926
7.635391367938354
7.648843624251166
7.662791767263222
7.678479970444479
7.694434163989258
7.711737153472418
7.730044532579845
7.749366902749611
7.7697127523293
7.791090148254959
7.813503078377351
7.836955711210134
7.861449341975574
7.886982943365406
7.913553985089328
7.941158235685193
7.9697880119012
7.999434788730423
8.030087762002188
8.061733237265647
8.094357162584684
8.128083525281903
8.162610273700261
8.19687805353093
8.234256521612567
8.270671530768674
8.309535361336037
8.348415865124165
8.387635300079792
8.428180418964885
8.468466012280139
8.51055872055974
8.554130526889722
8.597835102466396
8.640835574225987
8.68508709777445
8.729906585375183
8.775088925172556
8.820762099558562
8.866837681731312
8.913271727395166
8.960028242549543
9.007083001149256
9.05435633665034
9.101869353212743
9.149523251738104
9.197348154743613
9.245257358930525
9.29321394580557
9.341434616156766
9.389455092808753
9.437212680828239
9.485374916936788
9.53299129558643
9.580935835726047
9.628513690023308
9.675649403749615
9.72313640583191
9.770134932020644
9.816894734814117
9.86309905499531
9.909624045905467
9.955278267460267
10.001178879626195
10.046477977362324
10.091435576210845
10.136044601078996
10.179963809155774
10.223833696949214
10.267325831888462
10.310762198582317
10.353467867852913
10.395430499737921
10.437662084908565
10.479140872056057
10.520199395267031
10.560496772100628
10.60105043586976
10.640834397933649
10.67984549605262
10.718804838790566
10.757260317182736
10.795655218963237
10.833275444119147
10.870459659462663
10.907203370616884
10.943180419563701
10.979380488552687
11.014813828280003
11.04980283224462
11.084353920022071
11.118462166106852
11.151811665743464
11.185350552864973
11.217817059649837
11.250152176983791
11.282041726446312
11.313482059332946
11.344772186789376
11.375308314385578
11.405393603692557
11.435019933188034
11.464192740661383
11.492907510195135
11.521160100566515
11.548957327882714
11.576286717647909
11.603153370485828
11.629559073689984
11.65549258558159
11.680961799203402
11.705962428117868
11.730494532884821
11.754557073623133
11.777911741346344
11.801278237891852
11.82370341518568
11.846130098450285
11.86785411298231
11.889116720972988
11.909916901064404
11.9302557454805
11.950137656289112
11.96956505403877
11.988541855349645
12.006875880574414
12.025154354232182
12.042799359246422
12.060008087134225
12.076785812828698
12.092971542332634
12.109076333958544
12.124454554269324
12.13955961849177
12.154429360278577
12.168748608822312
12.182685308250939
12.19610728665531
12.210462930095511
12.222127073111995
12.234721584067886
12.247752517514915
12.258530718694194
12.270000266940668
12.281155465629839
12.292827477841442
12.303335806244041
12.313559929686686
12.323514453104584
12.332655014754268
12.34208420105466
12.351875065912106
12.3604485388738
12.369237847676334
12.379751353570754
12.38797484346701
12.396937976745624
12.404829984099914
12.412415265510713
12.419888602470936
12.427264717199513
12.434566665250278
12.441804307730058
12.449012788945218
12.456271474616958
12.4640735716188
12.472593929669834
12.479987397307116
12.487655448282911
12.495771128670887
12.503659114327066
12.511661803749476
12.519798344631376
12.52809322442552
12.53596620561044
12.545236734361934
12.554133522188872
12.563272168467066
12.57267295717027
12.58236192166851
12.592359860812298
12.602678189662804
12.613370263620604
12.624423945193968
12.635873790885801
12.64774130269529
12.660044158820265
12.67280300677083
12.686038089788362
12.69977055074939
12.714018158377607
12.728800966511152
12.744134613840004
12.760039410948266
12.776528236642404
12.793619163260637
12.811327558447859
12.829663974130085
12.84864775988889
12.86828533971035
12.888593006570298
12.909578288033964
12.931253930129555
12.953625632644012
12.976702894804967
13.000488482543023
13.024991127097293
13.050216454165403
13.076168533845893
13.102844587865366
13.130254388344175
13.157067251723586
13.185947831016561
13.216848141811518
13.247172231253446
13.278215050512859
13.30997702895629
13.342451463481197
13.375631699727037
13.40951413538384
13.44408853059161
13.479349600254801
13.515282224292301
13.551879399970764
13.589132673112639
13.62702634958177
13.665549661742698
13.704681305834223
13.740578460662267
13.784763144270054
13.825665118337831
13.867122458364564
13.909117918463934
13.951636063371945
13.994655318821936
14.038118443184704
14.080476868943176
14.126275309818716
14.169518487118728
14.215331954771385
14.261530144570676
14.308096806520341
14.355005551738104
14.402153554168407
14.448999678743705
14.49651065496274
14.54295516616176
14.590245941364183
14.638505732847914
14.686530433398692
14.734140011767314
14.78293524226719
14.831261729273605
14.879630598785493
14.927217567572095
14.976382358320025
15.024709343634527
15.072954496510519
15.120043385831817
15.167855597814272
15.215606413066068
15.263187080228839
15.310665165811267
15.357585500109954
15.404520386785578
15.450967911853141
15.497059140466028
15.542570913238874
15.588022430415693
15.632831017016574
15.67714965671393
15.720946207997716
15.764185525454325
15.806834489577973
15.848868989847736
15.889994338221006
15.93095012785849
15.970699694325432
16.009911965743363
16.04841042333226
16.086081786232043
16.12292575274246
16.158882441557953
16.193989149540737
16.228188737352912
16.261457675873565
16.293769644399994
16.325100281832903
16.35543360587593
16.384749392909605
16.41302023315552
16.440233661291845
16.466705073324817
16.49142265599878
16.515368041659713
16.538191155982897
16.559891295583533
16.580446466777893
16.599855527434457
16.618111357983693
16.635203242472773
16.65113105903592
16.665890016542917
16.67948344643508
16.691901392727825
16.703156186766645
16.713242355339187
16.722170163725867
16.72994187316951
16.7365667786936
16.742054047520398
16.746409397986366
16.74964954364044
16.75178242574346
16.752818973353644
16.752779986978343
16.751675169086123
16.749528593307524
16.746348963598287
16.742160382763906
16.736979844890516
16.730829924219336
16.725989195366424
16.715701234429595
16.706769871489566
16.696951966096503
16.686278674887575
16.674772030547793
16.662454635996465
16.64935366769692
16.635494593326072
16.620901451100984
16.605601487403113
16.59109726601079
16.572987976102628
16.555727665458043
16.537863573680216
16.519428265769573
16.50044175170996
16.480947273349386
16.461030005607043
16.440551271438327
16.420275175101104
16.39828154827628
16.377044492725645
16.35866659296624
16.333921372990513
16.311772288288015
16.28816359496891
16.264081101092536
16.239752496100866
16.215202641097545
16.190463937612996
16.1656660438946
16.141595365090346
16.116727768929753
16.09400713593285
16.068821137258375
16.044017123119268
16.01916717677845
15.994983531427005
15.969393741753175
15.944512125868165
15.920686550059536
15.895955202305688
15.8712870624647
15.845430589355976
15.822205545838514
15.797665737565739
15.772062052178645
15.749439437230714
15.725318320568851
15.701527288929151
15.677924759032521
15.654518300156349
15.631543030711946
15.608589231286865
15.585632897910818
15.563156077888774
15.541189750723369
15.519255500075984
15.497334809236492
15.475966819709603
15.454897508160313
15.43414503089365
15.413709127970074
15.393600650358744
15.373822444502697
15.354391204357862
15.335304684534375
15.31657163837476
15.298199290089947
15.280188267030487
15.262863855779402
15.245599202566073
15.228746315725417
15.21223346551083
15.19610415192364
15.18035349321189
15.164986923790954
15.150003697854842
15.135408152525676
15.121192145714886
15.107360982624911
15.093912551221239
15.080841666847846
15.068148588897248
15.055831086467853
15.043885879217612
15.032260215465946
15.0210458160391
15.01023801696609
14.99973625397163
14.989542681646926
14.97978462826027
14.970319640104423
14.961190832958641
14.952387655864861
14.943908824912764
14.935746084143434
14.927890672114914
14.920342173173958
14.91308605257339
14.906120463143807
14.899435733984154
14.893026158524268
14.88688574823964
14.881006356756597
14.875379923939255
14.870001944257613
14.864863838215268
14.859958726570218
14.855283491960968
14.85082784077506
14.846589245226397
14.842561337089798
14.838733840850269
14.835105815632232
14.83166996011874
14.82836854955076
14.825358648836703
14.822468325661875
14.819752845275088
14.817206464770177
14.814824155417893
14.812600603075019
14.81053025540368
14.808616725125429
14.806854217568224
14.805235235944261
14.803762239057868
14.802432193182888
14.80123912461495
14.800186677110124
14.799265129089449
14.798476388040937
14.79782059587848
14.797286999812227
14.796888231781605
14.796608184021007
14.796455187956795
14.796420450185057
14.796509818726296
14.796658551568552
14.796982569806582
14.797481206326538
14.797981076761493
14.798651176552648
14.799436230574132
14.80038683575275
14.801331428794771
14.802502569066833
14.803719245217959
14.805040997226923
14.806467621215285
14.807994493841347
14.809621701356516
14.811352360393599
14.813178076873792
14.815096604408893
14.817115455434442
14.819165180380327
14.821427445384066
14.823716619552853
14.825523137964613
14.828510462489888
14.83112280911784
14.833765628826349
14.836497266214838
14.839311496225864
14.84221281629532
14.845137849695435
14.848264913346227
14.851418587644627
14.85460313027454
14.857932111215346
14.861402601763794
14.864910018209605
14.868506575449988
14.872194896730498
14.875926480123246
14.879810249722457
14.8838014561636
14.887895501020148
14.8921569880125
14.89642211792815
14.900862982767542
14.905481926331962
14.91012496086604
14.914957430007636
14.919989359138324
14.925062254865383
14.930345991298768
14.935852803222222
14.941476650251587
14.947281775650783
14.953280333698679
14.958926638865
14.965879534982008
14.972502866480625
14.979354030235731
14.986443972252955
14.99378192564677
15.00132613082867
15.009193470697129
15.017345390397006
15.025840328726908
15.034531471466359
15.04359153341811
15.05297798713271
15.062700574939967
15.072771631869063
15.083258273028497
15.094008896364395
15.105194326074042
15.116830583096267
15.128763098770905
15.14116912745748
15.154003569826342
15.167276891420245
15.181000793654915
15.195187272707278
15.209848787525038
15.225049919739924
15.24063404456369
15.256779908788674
15.273495844709526
15.290633708377577
15.30836526198157
15.326644155546807
15.345480013908718
15.36488749787735
15.384419178829747
15.405002132164709
15.426186004333585
15.447981563692199
15.470403261876498
15.493905861229424
15.517158508340358
15.541517040085239
15.566540538711173
15.592245566220075
15.618639435179587
15.646211671410304
15.673546397206437
15.702081481782031
15.731356458591021
15.761794444078397
15.792166632200537
15.823727683805748
15.856080422263187
15.889229977950228
15.923194660322162
15.957989020496097
15.993621219651018
16.030108686470403
16.06746603156143
16.10607361035467
16.14483544028639
16.18487463420806
16.225838403675535
16.267733732216755
16.31058181395486
16.354386600168723
16.399499151413565
16.444934883387784
16.492018056423728
16.539469882257013
16.588571553904274
16.63842030874086
16.689244428771385
16.740870392341986
16.79414439823103
16.848144371485525
16.90298565188863
16.959171029984795
17.016435742365857
17.07478160225321
17.134215764725898
17.194964999442924
17.256340680390192
17.319028043454317
17.38296662898377
17.446214909163242
17.51369538450046
17.580667093535816
17.648670318972886
17.71770926697395
17.78777416499287
17.858022968103878
17.930828918825206
18.00393689049976
18.075967898744324
18.152827203320257
18.227852089622758
18.30593485623089
18.38473887531695
18.464652883998962
18.543087164768224
18.620946987492804
18.700832825922994
18.782112130442304
18.86524435071698
18.946542405668332
19.03116772147012
19.113377533321255
19.199137028288355
19.28169118396975
19.366775000021264
19.451706014340967
19.53710152915232
19.625532520638483
19.708885333696195
19.794483443948383
19.880470470238947
19.96994990874182
20.05240671848165
20.13824710380571
20.223929675357137
20.309396446701847
20.394594326271495
20.47946677813307
20.563959343213206
20.648018172636768
20.731584931269825
20.814606436130674
20.897034182423564
20.984231818601273
21.05989265412656
21.140217044100503
21.2203956288355
21.298423493601213
21.376207096515785
21.45305294555425
21.528910900859916
21.6037413196824
21.67823278162997
21.750160184385106
21.821668143920178
21.89199497953319
21.961108848361334
22.028975691056523
22.095563094484415
22.160842944410728
22.224793965722615
22.287384610180045
22.34859496444422
22.40840697826907
22.466801410907333
22.523756191005106
22.579262815823146
22.63330556908771
22.68587498779387
22.737810973384953
22.7874066464124
22.834662931645497
22.88126708339296
22.926373159707598
22.969977589622683
23.012923934960444
23.052698948345416
23.091822743060465
23.129464238723962
23.165631269410316
23.200334023969052
23.23358162266924
23.265390334330597
23.295769239407974
23.324736056653794
23.35230713545337
23.378495554048374
23.4040849535978
23.42755881375895
23.44971246913916
23.46984461919472
23.489429259799326
23.507764328884534
23.524866780321215
23.54076212262304
23.55547869144908
23.56904455690404
23.581481759574785
23.59282081182527
23.603665688114805
23.61231855747692
23.620539886617696
23.62829284357291
23.634067417263246
23.639442825017507
23.643936385829136
23.647573026996675
23.650399363059222
23.652439741972653
23.65373560417261
23.654316625623952
23.654222823428437
23.653492302788823
23.652158937609475
23.650492157161583
23.64784292899244
23.64493765555191
23.64158622305463
23.637830258986273
23.63380213990536
23.629889908356798
23.62453938885458
23.620786656922725
23.613403480243644
23.607297440980243
23.60305750590781
23.59816970402843
23.59155975651069
23.585822005625484
23.58015343918178
23.57641914182298
23.571263124794818
23.566302471243215
23.561310929661154
23.556861098355625
23.55275069439672
23.54901753813043
23.545708223347667
23.543270981289066
23.540532175304566
23.53920436374982
23.537564838884304
23.53701119500233
23.537131261824154
23.53844987710505
23.540111124688156
23.54244297369495
23.54571568190437
23.549786190322397
23.55468233574168
23.56062256614929
23.567383178799968
23.575252305117917
23.58405790380639
23.593885902152564
23.60476299129362
23.610122875610863
23.62965318048591
23.64385093904997
23.659088187002162
23.675364253361415
23.692851957432257
23.711554628783098
23.731314935291895
23.752136938078028
23.77417542946344
23.797345347385356
23.82173172963125
23.847065806851937
23.873590881359434
23.901206549069176
23.929902092642948
23.959737738152405
23.990441275745113
24.022241564094266
24.0550338594152
24.088870803753963
24.12355247593824
24.159135742685443
24.195588492000986
24.232872132215885
24.27011483153802
24.308957200677128
24.34935919282237
24.389604412201347
24.430487557133144
24.471975045720537
24.51401839669848
24.556574440062878
24.599600922862507
24.643056641163028
24.686896047041675
24.73107769812888
24.775553279433034
24.820288424659598
24.865235019682597
24.910353945683994
24.955602600620544
25.00094554817494
25.046339355479844
25.09174880986629
25.137135022609666
25.182468785555155
25.227713522910307
25.272840846394963
25.317817046833078
25.362616509500125
25.40721229879825
25.45158368805954
25.495704548957892
25.539561832437585
25.583129834710007
25.62639903891373
25.669351465193632
25.711978201135537
25.754268138966925
25.79621850257174
25.83782013544962
25.879071622603735
25.919969080013153
25.960519155058424
26.00072162762848
26.04058118922001
26.080102130333625
26.119297739219284
26.15816799292307
26.196732424434956
26.234997822356615
26.272982689371414
26.310698366516554
26.348159256120777
26.38538114794191
26.422381448369634
26.459180032960024
26.495792087637234
26.53223423875804
26.568526535442125
26.604693380281724
26.640741640634307
26.676698215258323
26.712577116759483
26.74839578315617
26.784171757812423
26.819923348871637
26.855662829529123
26.891400074962043
26.927161522672208
26.962951033069025
26.9987819641334
27.034661115813098
27.070606041232363
27.106619356966963
27.14270721006778
27.178878859009693
27.215133890416016
27.251477560276665
27.28791209477585
27.32443632601178
27.361049280249034
27.397746086332393
27.43452804787175
27.471384446327313
27.508312612733643
27.54530529733101
27.5823502566134
27.619439647186137
27.656560534215608
27.693706554547333
27.730860427669704
27.768013621677788
27.80514477129243
27.842245822645147
27.879297355806376
27.91628894948868
27.953200897413115
27.990013688853352
28.026721888277926
28.063296230150222
28.09972787325695
28.1360034548385
28.172097907626675
28.20800202927092
28.243699812220278
28.279175678279604
28.31375719537686
28.349403759791848
28.384129955205328
28.41858046322305
28.452744542977268
28.486612827115124
28.520172294904754
28.553415797191963
28.586334584208704
28.61892462353974
28.651174838656402
28.68308550714403
28.714650000010653
28.745866369065038
28.776732804544952
28.80724779883714
28.83741331370124
28.867230281378703
28.896699518109536
28.925828735865164
28.954618426569393
28.983075882187734
29.011204044105522
29.039015172899774
29.066514767634374
29.09371172041715
29.12061744884126
29.14723976385508
29.17358948597005
29.199677442630012
29.225088012350234
29.25112783934599
29.27651098220471
29.30168795143336
29.326666546156876
29.351464474341565
29.376099129672255
29.40054012668935
29.424551025800906
29.4487815441562
29.472902146913253
29.49693519802913
29.521190372881623
29.545074194025702
29.568909830477853
29.592714045498887
29.616499205827555
29.64027958365724
29.66410303867376
29.687918436517403
29.711743035650287
29.73541635059782
29.759649532147233
29.783450997514667
29.807832479322187
29.832071779171752
29.856425556531818
29.879032971068387
29.9053161562918
29.930269400505594
29.9535769668055
29.978746140966727
30.005495130868432
30.030944276056005
30.056565300083353
30.081239638912493
30.107360980706545
30.13369239530934
30.160237060842856
30.187003961345837
30.213994776706475
30.24174813742961
30.26867318330733
30.295110958054803
30.322812503952008
30.351747922931512
30.38105133647129
30.410635774922056
30.440450549681316
30.467436932112463
30.49630393076823
30.525671487118252
30.555319560528524
30.585163210411487
30.615217209318157
30.645597701868514
30.676054010867762
30.706524705527276
30.737483043326733
30.768438840756588
30.799328406338493
30.830538345654567
30.861864072399104
30.893287779900504
30.924799141497786
30.956370030391067
30.98798849648986
31.02254278989433
31.05128932632655
31.083285560654584
31.11453278920687
31.146468876196465
31.177947591484127
31.20932128673077
31.240117833447773
31.271182227774048
31.302066374702125
31.332737867492646
31.36369363213599
31.393883645923722
31.423229002127893
31.452790466143764
31.482590715302226
31.511445485955583
31.5398948162379
31.567913097945816
31.595468609535338
31.62186633143637
31.64909782591918
31.6751128760805
31.70056328337528
31.725418661889528
31.74966116052987
31.773257107800315
31.795408391443775
31.818445817467936
31.83999101723274
31.86006385300368
31.880888658536538
31.900203680910952
31.91874537070044
31.936494463261035
31.952547048070837
31.969574098034965
31.984884706593366
31.999363283212766
32.012065647768196
32.02485551917768
32.03680368261267
32.048871774917146
32.05913959191981
32.067579965023064
32.07714661252209
32.083902354902506
32.09092770113085
32.09793782087152
32.10324565285059
32.10684575317864
32.11149309864689
32.114464831195555
32.11576868295085
32.11818293275772
32.11793855659348
32.1181373393417
32.118485229429325
32.116338693561744
32.114388119329504
32.1120472049288
32.109949528264
32.10637485491084
32.102276530943854
32.09665971945689
32.09260864709102
32.0870881977493
32.08114628848307
32.073806578152904
32.06710273516711
32.061046951526286
32.05367392894439
32.04600261858816
32.03806205273098
32.02890171056224
32.02049126571365
32.01282498604044
32.0030677488503
31.995038119828514
31.985912054434596
31.976651717176388
31.967279496831555
31.957801695249714
31.94823369829736
31.938591656441023
31.92888287909831
31.919114162712013
31.909295091981537
31.89942914417408
31.889524481333424
31.878744569054344
31.869606134064146
31.85885448591678
31.848733500268732
31.838654597009583
31.82933021262153
31.819157294672465
31.808931164315247
31.797952644910794
31.78829424002349
31.777868917624243
31.767358310432144
31.75675085587949
31.74603713647585
31.740996455556402
31.724252725952667
31.713149660971705
31.707499117068075
31.689779844113737
31.678183820077038
31.672506979453612
31.654404786858866
31.642195616762876
31.62982185436938
31.622930613627666
31.609936272606667
31.59667699579368
31.58315031434615
31.564354159054343
31.55031045135349
31.535971757192275
31.52616568000327
31.506386973276435
31.491137849328158
31.475571993989714
31.459697497659015
31.443512047923083
31.431550551732638
31.41022998307218
31.393137121710243
31.375752986261627
31.35808677251763
31.34443424243761
31.321482213390716
31.307699292510694
31.28484656944005
31.265961657704292
31.25092435493555
31.227628212639427
31.208221783267188
31.1886828373933
31.169042587694374
31.14888900936941
31.129545512964047
31.113493081182373
31.08995337358125
31.070199310436795
31.05050890098123
31.0304706338221
31.011018366075074
30.991731952518457
30.972690177793734
30.95384085119047
30.9356449265245
30.91736391510759
30.899422734124894
30.881851911359785
30.868114968295476
30.847957541240046
30.835133783008903
30.815952237348693
30.800734171187937
30.78607422965543
30.77200489365076
30.758551857607806
30.74573545687948
30.73358198707894
30.722109571817438
30.71087613730084
30.700807911284297
30.691508521208203
30.683331783467636
30.675468928093245
30.66835062128656
30.661463937254815
30.65633792083997
30.650956040895693
30.646762592635064
30.643274199436085
30.640471059507497
30.63833124259772
30.637375109766342
30.635871605389703
30.63618546625305
30.635741049394834
30.63642527856553
30.637542918499893
30.639119373940375
30.641617092140045
30.642958949104635
30.645243201852054
30.64773394454294
30.650194404768676
30.652626361813976
30.65485313637276
30.657061205986288
30.658790662956253
30.660327368951886
30.661280962672965
30.66154483718983
30.661218894410172
30.66009473353243
30.658060497742962
30.655005010058552
30.65081342320609
30.645489685463417
30.638674710035623
30.630240886534388
30.620320787893096
30.608666638916954
30.59652558454906
30.579670339961933
30.562088978716897
30.542288021176205
30.52014625287306
30.49555636908743
30.46839297397151
30.438542376527455
30.40589698061188
30.37034786489116
30.331784684550673
30.29011309722921
30.24523379327384
30.197049507745508
30.14547351908365
30.090427093591256
30.031826376793298
29.9696028341378
29.903683690172684
29.83401713546072
29.760539174629802
29.683207596127815
29.601982764030858
29.516830300041352
29.427721767674708
29.334644886859635
29.23757724395119
29.136522622246
29.03148889419528
28.922478209837294
28.809511836905205
28.69262456077886
28.571847748389967
28.447219409471337
28.318797969228367
28.18663696332704
28.050805778848975
27.911374181672457
27.768425861786714
27.62204600395574
27.472332218655804
27.319381518357986
27.163301612483334
27.004211857213836
26.842226624344438
26.677469505128997
26.51007220930658
26.34017164924771
26.167903816908506
25.993412215593914
25.816847509782065
25.638356980570823
25.458095496021603
25.276219846164597
25.092887218092102
24.908255296054634
24.722493038542872
24.535754969498
24.348207921183977
24.160015601972933
23.971340077751947
23.782346218082598
23.594437555155235
23.40403861540228
23.215045115336782
23.026368215800726
22.838165240661034
22.650582082886924
22.463769342869252
22.277874352146288
22.09303669660936
21.9093951668022
21.727086602711307
21.547048528677383
21.366967490219295
21.189404960798388
21.0136674865222
20.839858883565594
20.66809275137759
20.498461822159037
20.331069517031516
20.16599988358209
20.003337956769748
19.84321057589982
19.685564210478738
19.530926519812812
19.37861295588088
19.22879247516454
19.08230495413762
18.938413015950587
18.798662545527662
18.660332365663955
18.528099075549044
18.396460520983805
18.264776931095852
18.13618959075546
18.010972082862853
17.891008134263927
17.777516937728418
17.66260013290291
17.551697957689385
17.445564598881976
17.340830837989596
17.239335590329137
17.14111080522045
17.04310219202448
16.953256548249097
16.863494366289615
16.77696332384115
16.693689661462344
16.613018806283584
16.534742161411277
16.4596841635858
16.387407936407758
16.317876284315584
16.251041285432596
16.18687267462538
16.125317852731303
16.066809925449434
16.010360141686135
15.956387159242173
15.904903706307474
15.85515874865886
15.808311178674735
15.764276182182183
15.721935605713329
15.681825150379291
15.64370922149691
15.60771391509636
15.573153433123732
15.541677555091336
15.511591108032105
15.482630411649177
15.45608679719153
15.431266530647232
15.408691926052235
15.38713636106377
15.367121598564259
15.348595527649646
15.330904220544642
15.315762698154183
15.301339739311077
15.287577003465884
15.276189727330118
15.265347311933645
15.255648597384624
15.246253550051131
15.239065021906367
15.23220149017982
15.226196713495554
15.220992349786439
15.215970739119742
15.21279896224085
15.209703400411597
15.207214031894765
15.205284411375226
15.203304485484896
15.202985848299397
15.201853606279906
15.20173406001216
15.20258374030211
15.203139326360736
15.203982731972802
15.204482270273337
15.20636526566472
15.207968112425966
15.209106047801255
15.211599586559801
15.213649407332028
15.215247852255004
15.218151327749451
15.220578441958851
15.22312211641769
15.22519704973604
15.22848404924543
15.231418351033795
15.234414456722357
15.237542058758635
15.240744446471046
15.24421735942835
15.247795302316321
15.251557740363108
15.255530002063924
15.259721142590536
15.264168262377328
15.268884168245643
15.273903736788784
15.279249688060334
15.284955808306524
15.29104824898537
15.297554834233132
15.304513251972846
15.311950060072133
15.319898256524008
15.328384792619646
15.337443321221414
15.347101098478996
15.35738956080679
15.368335196112817
15.37990679112679
15.392246383487889
15.40531359942974
15.419129092632819
15.433719073221017
15.449093049829399
15.465268020546121
15.482306557650585
15.500114665022672
15.518697908709347
15.538207344272886
15.558445087701289
15.579556683475387
15.601488299096776
15.624269471436282
15.647745979996111
15.672046266079109
15.697144841140966
15.72292604379907
15.749412634900436
15.776525671431969
15.804362558504554
15.832718214590386
15.861676410186089
15.891192893157436
15.921142932421034
15.951518926988973
15.982273561802138
16.012992723336204
16.044350670989473
16.075926261945085
16.107660905872613
16.139816823202732
16.171684007294935
16.203535226956074
16.23502138178873
16.266921264581786
16.298391075264426
16.329579603253563
16.360455627096727
16.390958669682306
16.421038755499993
16.450637022928937
16.47948493988602
16.508164324424996
16.536038107093447
16.563215756776877
16.589490575663845
16.61537896878259
16.640270042096606
16.664213291193835
16.6874520060343
16.709946551554754
16.73140115814491
16.751941478606057
16.77143428894518
16.79011398365444
16.807855200375613
16.82465500970609
16.84051985949745
16.855461212490987
16.86949110132557
16.88262667810823
16.894894182298437
16.906320072206615
16.916931048105443
16.92676704860672
16.93586740025402
16.944269657003638
16.952027545175987
16.959183388562224
16.965877720521274
16.971919242521135
16.97761533137036
16.982940149138752
16.98795815993768
16.99273645825643
16.997338922633844
17.001839221221015
17.00630347487061
17.01080212338121
17.015407236510462
17.020184954731956
17.025211727960894
17.030555801854288
17.036280524815997
17.042550560264406
17.049163988237744
17.05645107590924
17.06446943045483
17.073029843985445
17.08244060601482
17.09267087826145
17.10383604325027
17.11528353687609
17.128843970614675
17.142832657176
17.15782025021593
17.173927275501452
17.19089518754665
17.20949661359958
17.227980424541343
17.249455139940274
17.272156799235805
17.29596298526406
17.318733324998025
17.34588546863632
17.370643533719868
17.398294398185865
17.427048296473917
17.456868375598297
17.48665459124181
17.51834085541132
17.550959136558525
17.584463788344273
17.62053793830533
17.655812762828475
17.691784365802707
17.72838349418244
17.762974599843915
17.80036009831965
17.83811523766408
17.87614259296074
17.914347454071645
17.95217010705108
17.990892398987725
18.02901616634237
18.066897147055208
18.104423699768628
18.141473200344993
18.177933503548573
18.212976882038454
18.247854391162708
18.282546591433714
18.314685967603747
18.34707994542613
18.377405119538576
18.406263934535943
18.43353585396552
18.4590933090752
18.482805916927575
18.50357970252208
18.524213912475318
18.54061152327845
18.555690788762732
18.568321482388388
18.578389015235793
18.585778630320863
18.590382606263848
18.592097837221225
18.5906755463104
18.587776756189317
18.57889494855608
18.569459402709555
18.553880008694446
18.536091005798582
18.51511580917832
18.490224591175412
18.46202741555415
18.429952662157827
18.394120275692465
18.354486192122017
18.310820993593282
18.26365011857052
18.212195916854757
18.157196425012422
18.098061581170068
18.03497685004892
17.967937414168684
17.89675290978402
17.82203150582599
17.742982841724583
17.66045139888204
17.573644231688757
17.48321304348492
17.388995671778854
17.291260077342415
17.189631979239657
17.084175214362872
16.97538063320755
16.863106445372164
16.747437152724867
16.628450676950262
16.50623983622712
16.38089012328342
16.2525124516581
16.12119783228319
15.987055483938825
15.850199062061858
15.710740339575798
15.568796878903715
15.424491091056359
15.277941792212058
15.129273967982872
14.978621041500821
14.826107393274796
14.671864827920672
14.516027920570439
14.358724801874564
14.200092375943358
14.040267416598898
13.879380052163391
13.717560821795905
13.554950788913063
13.391675391590786
13.227872670402768
13.063668399851029
12.899191447773175
12.734567237328632
12.569920155976357
12.40537710285939
12.241055274720551
12.077068865488062
11.91353325399557
11.750563706234082
11.58825996124037
11.42673521699978
11.266084545850719
11.106406200569811
10.949063884875113
10.790335263058394
10.634122061777148
10.479224321306955
10.32573425585894
10.173714205430059
10.02323928332262
9.874373419574734
9.727176755121521
9.581709154991216
9.438022147591145
9.296161662192805
9.156177015575908
9.01810846587854
8.881991480480496
8.747860797744917
8.615746403356475
8.48567317337883
8.357665577993627
8.231739578971288
8.107913140850117
7.986199706369668
7.866605062412925
7.749140287720013
7.633803739036547
7.5206005444706205
7.409526847936935
7.300578273536356
7.1937484586484475
7.089028003372681
6.986406263560793
6.885869331151971
6.787402348976046
6.690988178892857
6.596608563772639
6.5042425664034695
6.413869030190518
6.325494653789693
6.239033681759675
6.154464424343805
6.071842619440878
5.991033479532162
5.91208661202168
5.834946706618008
5.759583095326957
5.685985289300441
5.614061668606019
5.543858351105758
5.4752861191640045
5.409794752319755
5.344355589993581
5.279135429411273
5.2168291764780355
5.157226557250666
5.096746773982271
5.038665706870692
4.982191397435175
4.926949237858431
4.873018533902166
4.820365184584305
4.768955231208023
4.718755116341485
4.670518884307058
4.621852121969595
4.57508342542283
4.530117994546339
4.484671624676834
4.441816022624405
4.398484130404135
4.357462287668255
4.316041466143254
4.276181990943427
4.237193423325695
4.1990490350161656
4.162333405036337
4.125191946455326
4.089430272543284
4.05500205146383
4.020128537653817
3.986546345766828
3.9536507690906006
3.921423820229888
3.8898491160552364
3.8589109754561406
3.8285957249499054
3.79883042671498
3.76978424276084
3.7412663601505285
3.713328845726974
3.6864753830301056
3.6596723303910434
3.632932077534172
3.6072566764995297
3.582077049928855
3.5575763896712873
3.5335715180094818
3.510125144745916
3.4872396842945546
3.464919130249489
3.443167998566774
3.4219911632249955
3.4013378577536906
3.3813300206709376
3.3619738847390432
3.3431060637526597
3.3249067638105663
3.3073261721217224
3.2903735217667878
3.2740571153166806
3.2583849729500867
3.243425233420174
3.2290673640166903
3.2153223428555893
3.2023616899480256
3.190536252890577
3.1783106139674633
3.167950710696399
3.1571457252463317
3.147570238856699
3.1386155350510236
3.1304995068859687
3.123000757873771
3.1161880429737265
3.1100549038847354
3.104594209191444
3.0997048986684343
3.0964039604015365
3.092041729437684
3.089151848926241
3.086973883675984
3.085170142476734
3.0841528730117926
3.08356853894608
3.083378665691331
3.083927510600848
3.0848166273661053
3.0861389058619793
3.0877196804181004
3.0898225827688375
3.0922292227428136
3.094965230590924
3.0979471110967576
3.101135058003553
3.1045234474129306
3.108056381569064
3.111693486284577
3.115413083873648
3.119116733635128
3.122840779643677
3.1264853060329756
3.130029188196699
3.133410589090565
3.1366539622559917
3.1396562233901517
3.142400295504389
3.144850028280011
3.146969490780719
3.14870054522329
3.150058391275213
3.1510130649320307
3.1514872834980743
3.1514780711100085
3.1509610378409465
3.1499137153053045
3.1483162505628983
3.146151250227284
3.1433773160355836
3.1400342736769047
3.1361116184402635
3.1315512576212345
3.1266054974807633
3.1205786942877203
3.1143965269709164
3.107138232370598
3.0994774436513945
3.091268784423872
3.0824203633653835
3.0730491955804218
3.063093448770943
3.0525973885458377
3.0418032824004047
3.030065501113876
3.018051245332953
3.005854837102466
2.9929923636058504
2.9795228666035287
2.966116932918842
2.951930502032011
2.9376773316536453
2.9233833930899893
2.9086207631094374
2.8936529944075358
2.8785132923836265
2.8632342115236793
2.8478476189674873
2.832191151914658
2.8168797418759524
2.8011464092834886
2.785855377936512
2.7703946142035347
2.7550038730893855
2.7395213810973016
2.7243260504597835
2.709501017916861
2.694443741083459
2.679940242157462
2.665447241198221
2.6511663774653447
2.63692252452414
2.623099635596623
2.6097071698821863
2.59618630410728
2.5830846265843945
2.5702789535711332
2.5576832225384325
2.5453813398327862
2.5333029806082576
2.5214638435411176
2.509832055802405
2.49846489273265
2.4872825605153186
2.476293276185446
2.4654581825718664
2.4548314286437516
2.444298796810372
2.433913536974261
2.4236312282777366
2.413681057418813
2.4032875335520645
2.3934400900847272
2.3830892515468665
2.37298654826038
2.3628496973276687
2.352654641365568
2.342378618462103
2.3319970980435714
2.3214879080376933
2.3108279754170153
2.299995695558709
2.2889697133885045
2.2780226004320574
2.2662568539113197
2.254562345290955
2.2425387524618476
2.2302911797368417
2.2179871381805514
2.204824065910781
2.191578480732994
2.178059937775484
2.1641354092281353
2.1498896376883514
2.1352867216612235
2.120321713757794
2.104991687677588
2.089295149947454
2.0732318712594933
2.0568034730602562
2.0400127648284414
2.022863699454073
2.005361944393346
1.9875140402500395
1.9693280734834706
1.9508130476950614
1.9319788682629566
1.9128369249266468
1.8933984586976809
1.873677614401916
1.8536866069533815
1.8334396523894705
1.812952614942429
1.7922393935654164
1.7713165651670606
1.7501999510705901
1.7289058273991518
1.7074500773267758
1.6858498252991052
1.66412135455659
1.6422814122886153
1.62034624211546
1.5983316801346439
1.5762546621799636
1.5541302558639263
1.531974600111738
1.5098022817075052
1.4876282211963687
1.4654667570024564
1.443331920346469
1.4212372487116256
1.3991951399068492
1.3772181688964655
1.355319180778091
1.333508511219739
1.3117976334631207
1.2901969478065036
1.2687159126797236
1.24736461231644
1.226151741859698
1.2050855697785572
1.184173908813504
1.163425142086835
1.1428458498332539
1.1224422126501452
1.102221581717565
1.08218941009767
1.062351712243158
1.0427131766423563
1.0232792097582604
1.0040547345068962
0.9850438163939557
0.96625088626635
0.9476798155306767
0.9293344224627005
0.9112181634039618
0.8933343633720269
0.8756986133223821
0.8582765054325571
0.8411080185536375
0.8241836864213444
0.8075054788083298
0.7910757190335361
0.7748964872548973
0.7589698927407965
0.7432972023431277
0.7278801369408013
0.7127198697005381
0.697817561122914
0.6831737499378061
0.6687894707714334
0.6546648845951321
0.6408083323671958
0.6272032042436763
0.6138498470588094
0.6007705605325844
0.5879415182258201
0.5753622705459475
0.5631117968935503
0.5510464121204559
0.5392325568094672
0.5276679078239304
0.5163499207614147
0.505275578977061
0.49488351490512306
0.4837971414499257
0.4734301979928755
0.46334870400527184
0.4533914985094848
0.44375352649257804
0.434282907571494
0.42502406685982796
0.41592812074268143
0.4071218071808953
0.3984265829603281
0.3899654583993104
0.3817300163825492
0.37363476458223366
0.3657148929585546
0.35796510868333
0.35038011970122784
0.34295468003389135
0.33568368382846425
0.3285621177915022
0.32158508454300455
0.3147156843295004
0.3080460993633519
0.3014475338883816
0.2950314789352412
0.2886811848895386
0.28250971468728064
0.2764248817735602
0.2704533173355512
0.2645922546244514
0.25883932735600834
0.2531923618312105
0.24764948927297786
0.24220919805047217
0.23687020563777492
0.23163152970697307
0.22646947710891463
0.22145254754711025
0.2164897026157302
0.21166943436087854
0.20692644583422037
0.20226296183554107
0.1977395494667549
0.19344752091483924
0.1891014743481347
0.18485781780625005
0.18071743773801496
0.1766813077366584
0.17275036336326768
0.16892551689347463
0.1652076439224
0.1614700624249005
0.15809591216175933
0.15458547837594344
0.15130685740515445
0.14814974205649495
0.1450895240052346
0.1421385234870192
0.13938129518943182
0.1365622935462638
0.13393538748842626
0.13141447719473112
0.1290700272867579
0.12667669073684482
0.12446328676308985
0.12235724286229813
0.12040065031788852
0.11847337348331784
0.11657865452414574
0.11488668064096005
0.11322050214579937
0.11163433045648333
0.11006578624139583
0.10862908437121276
0.10726026689313056
0.10595514872906629
0.10476429983839541
0.1035730820627685
0.10243273465269406
0.10133884022931641
0.10023964149559186
0.09927326979731163
0.0985059510876983
0.09734265744790759
0.09641791510663952
0.09551514586431507
0.09457751922102718
0.09376152725830193
0.09290417524008349
0.09205588363453666
0.09142682954575058
0.09058843699683349
0.0895404285914675
0.08870487954695873
0.08786806013576134
0.0870287715963999
0.0861408299791843
0.08533945432551827
0.08448847011369112
0.08363306437911522
0.08314757304526926
0.08190996577050932
0.08104332188321095
0.08017436456512965
0.07926723702538994
0.07839840050905506
0.07753083639073345
0.07666598554481364
0.07583556220585513
0.07497881946250068
0.07412935090115666
0.07326119171243722
0.07266068440384535
0.07182410866385179
0.0710007251680068
0.07019189499032018
0.06939897256311187
0.06862302161315251
0.06786503946069537
0.06712573862615011
0.06640518278151283
0.0657052541256145
0.06502450710048424
0.06436327569542488
0.06372122035369739
0.06309766303506319
0.062491744434074285
0.06190233532174677
0.06132807962681758
0.06076743204621308
0.06021858065053254
0.059679569141051006
0.059148286611556446
0.05862243762103857
0.05809961570524421
0.05757734081706587
0.05705305038649189
0.05652417130807235
0.05598810064570181
0.05544229926536199
0.05488425881297414
0.054311590586997416
0.053722025214183865
0.05311346828356476
0.05248402070755555
0.05183198425942142
0.05115594620694183
0.050454733334551236
0.049727501459486984
0.04897370156937942
0.0481931727785467
0.047386043379299025
0.04655283003227074
0.04569441723843528
0.04481207544210303
0.0439073850637538
0.042982343333825876
0.04203924900589786
0.041057025151921056
0.040109838252390215
0.03912971400354126
0.03814388198795381
0.03715605000189859
0.036170116476643185
0.03519011547552589
0.03422017776079918
0.033264482908242354
0.032327196595736615
0.03141245859823299
0.030524802893291684
0.029666486693890753
0.02884273174618473
0.028107987667904937
0.027311425493565245
0.026759546069897194
0.026025489880063424
0.025506982862079256
0.02498371878294822
0.024487814402604537
0.024040043622926974
0.023639489404587356
0.023284577020080844
0.022972969470533695
0.022701635623309294
0.022466761633459814
0.022263812998159518
0.02208748933559375
0.02193176250609934
0.021789877444840965
0.021654403478519525
0.021517223110563206
0.021369612429768967
0.02120229891564034
0.021005474261201012
0.0207688829608347
0.02048191738205981
0.02013366925706415
0.019713012012508493
0.019208697851984587
0.018609486000717226
0.017904215300118712
0.01708188932285481
0.016131826717451107
0.015043793387557666
0.013808048983595236
0.012415510953150825
0.01085772382946649
0.009039340933102144
0.007155170309573169
0.005085976723020558
0.0028272648173865143
0.00037588174780282796
-0.00226995067982061
-0.005110505356334528
-0.008144431997832895
-0.011368753176367529
-0.01477872205792875
-0.01836780380379353
-0.022127609963400175
-0.026047881805573055
-0.030117002725754398
-0.03431919931177858
-0.038640092365926325
-0.04306123027467686
-0.04756277463745479
-0.052123108214485805
-0.056718782742987896
-0.06132342837310409
-0.06581730260941236
-0.07033266796587967
-0.07461218395758605
-0.0788577021420695
-0.08299849452520312
-0.08703041934877875
-0.09079407400896931
-0.09431322109712084
-0.09755315901690004
-0.10047896705321463
-0.10305579258163808
-0.1052489310507333
-0.10702410765448192
-0.10834771856774256
-0.10901773408209865
-0.10932703072734883
-0.10906766851295971
-0.10827761163334637
-0.106863286844755
-0.10482193312058122
-0.1021308129560926
-0.0987695751455953
-0.09472039126180484
-0.08996826660680433
-0.08450110120712344
-0.0783098686224578
-0.07138882519726529
-0.06373549507786833
-0.055350934605153564
-0.04619386485650731
-0.03640999330769023
-0.025873687212773448
-0.014646297077410485
-0.0027026900914990824
0.009845759393624013
0.023021334392909296
0.03677852005632531
0.051103927474905504
0.06594499104755588
0.0812663133242271
0.09702421060230089
0.11317194633931614
0.12966001226561505
0.14643625136238425
0.16344610497264458
0.1806328236309889
0.19793774352213223
0.21530056592326194
0.23265962308120003
0.2499521374578862
0.26711449488724054
0.28408275436456115
0.3007925991812613
0.3171800989992948
0.33318165421282614
0.3487344602426378
0.3637636309118952
0.3781620906206056
0.392091065042748
0.4050867749094409
0.41782380152346904
0.42973940788424464
0.44008280981964065
0.4501114095245664
0.4589612652789251
0.46697512575162814
0.4742221600918705
0.47999853009545573
0.48492962764339176
0.48878319020645505
0.4915418616951647
0.49319284881876413
0.4937280970814209
0.4935664383849956
0.4913919241957444
0.4886286312807779
0.48471377398526827
0.4797130928574668
0.4736464078077003
0.4665381203717195
0.45841682690096136
0.4493153357429861
0.4392027681910579
0.42825389194960245
0.41644665380095525
0.4038206412303584
0.390450294708908
0.37636527687540366
0.36162151122009295
0.34629333112215116
0.33043297806201927
0.31410230242781373
0.2973644550367548
0.28028366597248655
0.26292473342260353
0.24535291461959752
0.22763339688918624
0.20983107839108617
0.19201026231219337
0.17423426654952792
0.15656523141227346
0.13906373102168498
0.12178839213058923
0.10479603252435818
0.08856304486340924
0.07187482249585848
0.056046707394880914
0.041026705272968464
0.025885217378767488
0.01189013525948534
-0.002014652711576815
-0.015026624320808656
-0.027379310382170303
-0.039028222411962105
-0.049909004879253926
-0.05996141345251867
-0.06953272785776295
-0.07855235226771681
-0.08663289681257613
-0.09370722133472406
-0.10019712552779712
-0.10593316233809073
-0.11078545177204038
-0.11501956131283467
-0.11853520203238223
-0.12132499851209107
-0.12348398908883432
-0.12496028726090383
-0.12580403141756247
-0.12600996873589065
-0.12567464933733113
-0.12478771284435766
-0.12339200751462076
-0.12151772495597464
-0.11919960152315064
-0.11647302521634405
-0.11337402981154845
-0.1099388785989244
-0.10620382573853662
-0.10220522596591908
-0.09797884151078384
-0.0935600108690725
-0.08898321464321583
-0.08428216450461133
-0.07948931329739635
-0.07463599078484164
-0.06975203116840353
-0.0648658302644709
-0.060004061128987464
-0.055191771102084924
-0.05045210322377147
-0.04580638183113057
-0.04127394746200673
-0.036872181795249856
-0.03261651289826029
-0.028520320089064494
-0.024595021688521408
-0.020850053926249588
-0.017292965040053294
-0.013929353825483094
-0.010763034947316993
-0.007796083692208243
-0.005028884483631429
-0.0024602292892130255
-0.00008747248084299737
0.002093453437823975
0.004087845662323446
0.005902159235315576
0.007543873395558163
0.009021380885460306
0.010343802512431432
0.011520973136122456
0.012563217001605459
0.013481257394931152
0.014286121025258988
0.014945212284064873
0.01554095111905443
0.01608649440603596
0.01655810612552118
0.016966827397279192
0.017323673209014193
0.01763804799892666
0.017920671451093738
0.018180509137765987
0.01843248403057759
0.018712053467617326
0.01901844693672369
0.019287866993507166
0.019572038194199223
0.019875568697526814
0.020202299519703128
0.020555261779495983
0.02096490891579572
0.02134834272537951
0.02182435702964632
0.02230043255412586
0.022811726281077367
0.02334261430236952
0.0239058788779766
0.024494466526121642
0.025111623136231696
0.025736663052991153
0.02638388485728465
0.02704377029023397
0.027719017569600598
0.028386066617921833
0.029060465349555555
0.02973162118439886
0.03039548807701359
0.031054892736547015
0.031692500847583197
0.032311482172575595
0.032908469256450724
0.03348038944246908
0.033967222709569526
0.03448221677896076
0.03501363177870415
0.03541385815955141
0.035879304221159654
0.036255298941891785
0.03659469269765184
0.036897424465875246
0.037163878218462086
0.03739483087185151
0.03759138799147116
0.0377145935705405
0.03788338736501567
0.03798728502629848
0.03806468442763956
0.038122126828823426
0.03812089673845522
0.03813651996879421
0.03813729364780083
0.038153927971094376
0.038134192149427606
0.03810963033255143
0.03805762775698693
0.03806235831581573
0.038042801168694906
0.038002627508523484
0.03803016672264734
0.038042575987111214
0.03806755377254191
0.0381136653345823
0.03817964486060119
0.038270101899058016
0.03838080503954044
0.0385115524744986
0.038670267210026255
0.038853965052390506
0.03906638607955211
0.039300116016236585
0.03955819815779642
0.0398398749829326
0.040144124471509356
0.04046965737973252
0.04081454315109724
0.04117791526153071
0.04155747978670091
0.041951254514516256
0.04235308824583989
0.04276873532598178
0.04319199281435556
0.04362058021490353
0.04405698129066028
0.044484767164218966
0.04491599318946387
0.04534884552256957
0.045771056611040466
0.0461821396359051
0.04659434181288301
0.04699144755209674
0.04737683816451055
0.047751192400860364
0.04811218894846235
0.048459899002090974
0.04879411944784822
0.049114942423419204
0.0494226752694384
0.04971785305312136
0.050001342078113645
0.05026744899817747
0.050530692419434226
0.05078604189769029
0.05103516134708322
0.05128760155485266
0.05153026574452228
0.05177272536189948
0.05201717687630502
0.052265946747621576
0.052521347311190916
0.05278574542312448
0.053061516509546505
0.05335097627674532
0.053656361597229765
0.05397984995930156
0.05432348444772087
0.05468918502748175
0.05507869458731322
0.05549357203127734
0.05593521483481469
0.05640475207564402
0.05690312571393967
0.057431015016753954
0.057988899281653544
0.05857695035448575
0.059195094621032215
0.059843041326670295
0.06052023934308677
0.061225866716209804
0.061958906613268784
0.0627180683876444
0.06350192193643929
0.06430880579373521
0.06513685527853878
0.06598411316023904
0.06684841189687808
0.06770626030397806
0.0686192056300724
0.06952098981305815
0.07043047252902655
0.07134522082982624
0.07226281365898911
0.07318086856189505
0.07409705015868782
0.07500915492777575
0.07591505110355028
0.07681269533021581
0.07770028190207555
0.07857609682905906
0.07919709376125472
0.08004110467650802
0.08111906497058255
0.08190673163009043
0.08273365408463441
0.0835147672344469
0.0842781575806861
0.08502384128130458
0.08575211202001654
0.08646348282186876
0.08715869586816082
0.0878387145532467
0.08850466322570007
0.08915790139158113
0.08979997038918935
0.09043248784926747
0.09105734788171717
0.09167644249840369
0.09229187189317972
0.09256991098681645
0.09352024454543605
0.09413765900481137
0.09476027641266854
0.09539032444763185
0.09603012629920077
0.09668185111617783
0.09734773953568596
0.09802985926946034
0.09872579742715559
0.09945073480452472
0.10019323956901337
0.10095938518725724
0.10175067148546142
0.1025685209353421
0.10341413029867269
0.10428852095074036
0.10519265405142449
0.10612720932377058
0.10709272611885878
0.10808966119623886
0.10911816127634125
0.1101783330823746
0.11127002574432138
0.11239316146501008
0.11354723160424213
0.11473174193790078
0.11594626032085861
0.11718986097277773
0.11846191080078175
0.11976151475926539
0.12108784217531057
0.12243981797105365
0.12375651189890141
0.12521686839862298
0.1266401114451818
0.1280851060751938
0.129550911323713
0.13103682716285747
0.1325418444188577
0.13406541480714385
0.13560672752895514
0.13716529165738078
0.13874063861447766
0.14033242837923451
0.14194041156858853
0.1435645847935284
0.1452049827340181
0.14686156591763636
0.1485348053899936
0.15022516005822706
0.15192556291409606
0.15365150562089586
0.15540396773606022
0.15716888734638948
0.1588773848676044
0.1606840142540333
0.16251366824587704
0.16444783457949386
0.1663282576942015
0.16822732153985054
0.1701711552652064
0.17205166950201778
0.17404656104604393
0.17607372782158742
0.17822266701077472
0.18023013245304664
0.18245245216788566
0.18462269884156798
0.1868313033835089
0.18907928634944998
0.19136754306485085
0.1936968670832726
0.19606791956004027
0.1984812573469854
0.2009373087577504
0.20343637523689395
0.2059785835703839
0.20845953530677974
0.2110867449157699
0.21386392945535138
0.21657780696703902
0.2193337074535132
0.22213106659602386
0.22485691029297417
0.2278472735856771
0.23076448630452762
0.2337199166735035
0.23671255042922693
0.23974139335992392
0.24280537653071405
0.2459034518447253
0.24903461173221553
0.25219775496088154
0.25539195274513293
0.258616091012197
0.26185679596873046
0.26515162515964713
0.26846119924960926
0.27179791595527747
0.27514770184956294
0.2785506692370071
0.2819661085716435
0.2854074059184145
0.2888746051841872
0.2923677797557439
0.2958872969141553
0.29943352890429764
0.3030070463464822
0.3066085589557297
0.31023885129131745
0.3138987904586329
0.3175894471955094
0.32131186330825046
0.325067231755411
0.3288567173817854
0.33268162239827087
0.33654318109463655
0.34044270915933794
0.34438146424436633
0.34836063735384276
0.35238152559820196
0.35644513735256167
0.36055263016943206
0.3647048846951925
0.36890274377829385
0.3731469963357696
0.377438147610777
0.38177670585382506
0.38616291935223235
0.3905969268753171
0.3950787452995295
0.3996081581496963
0.4041848041805737
0.4088082034700726
0.4134776813666645
0.418192410665909
0.4229514765779765
0.42775380031141075
0.43259821391957853
0.43748342048118855
0.4424080392267049
0.4473706623180622
0.4523698557421496
0.45740404965789955
0.46247177830415603
0.46757130646192047
0.4727018321864854
0.4778612781551933
0.48302731016187095
0.48826230795512815
0.49350152529093394
0.4987650242342665
0.5040519095614457
0.5093615082129989
0.5146931254198785
0.5200462653524586
0.5254207195035332
0.5308162245648006
0.5362328212877162
0.5416706705573063
0.5471301243905442
0.5526115741857341
0.5581155267005458
0.5636427870197085
0.5691939309008918
0.5747699141099808
0.5803717063768103
0.585999942999986
0.5916556621320738
0.5973397682220889
0.6030528057636956
0.6087958875514191
0.614569095495187
0.6203733382939507
0.6262085370337307
0.6320749651286499
0.6379721421239154
0.6438995202521336
0.6498568540946082
0.6558429742119103
0.6618558305037313
0.6678942015463917
0.6739555636630616
0.6800373493089772
0.6861367523954413
0.6922502012119182
0.6983739089130707
0.7045033836609861
0.7106341748812468
0.7167609628379673
0.7228779400826335
0.7289798441482531
0.7347644640218585
0.7408132929781147
0.7471248898170271
0.7530962198474771
0.7590163085302272
0.7648764941525206
0.7706694822800647
0.7763858485851703
0.781706750767934
0.7875536294149618
0.7929870731381836
0.7983080612593829
0.8031905246046149
0.8082574628457372
0.8131844448158305
0.8179623643406934
0.8229060576396189
0.8273611738898818
0.831641174915547
0.8357377189668141
0.8396429681935949
0.8433493353349619
0.8468495079661854
0.8501368425337995
0.8532048747493335
0.8560476481100067
0.8586599521610978
0.8610369541441557
0.8631740383309856
0.8650681228731946
0.8667156780501861
0.8681142888216232
0.8692621818277072
0.8701582589779545
0.8708016535874259
0.871192397242475
0.8713313784171351
0.8708725912214548
0.8705119904404293
0.869905198453513
0.8690557412847878
0.8683162812081545
0.8669931644913815
0.8650901173600901
0.8633121186828017
0.8616653963032371
0.8594557895030264
0.8570402731554114
0.8544258499415923
0.8516198834174337
0.8486304245852552
0.845464982790961
0.8421322561395669
0.8386403601566113
0.834998220254415
0.831214752949184
0.8272984614075122
0.8232585460217308
0.8191038060083955
0.8148434544706564
0.8104862482921411
0.8060411228663038
0.801516890918391
0.7969222004834771
0.7922653088947221
0.7875549462253094
0.7827990525193748
0.7780057250718261
0.773182497781302
0.7683371119833992
0.7634767475326452
0.7586081274146863
0.7537383204317674
0.7488738202525133
0.7440206532968459
0.7391849907405745
0.7343719888093755
0.7295875991926541
0.724836882710137
0.7201246450238709
0.7154554501004914
0.7108339058507805
0.7062641511917119
0.7017500817194395
0.6972954038596396
0.6929037331552736
0.6885785125837208
0.6843229532987235
0.680140140275075
0.6760326862938496
0.6720038392503411
0.6680557793696994
0.6641914943012208
0.6604132787461743
0.656723321904002
0.653124205187431
0.6496181803245984
0.6462071784610395
0.6428937528176858
0.639679957385735
0.6365680875629919
0.633560338489306
0.6306586574488153
0.6278656863228576
0.6251834667916976
0.6226145009889735
0.6201613064726341
0.617826230818668
0.6156118514905201
0.6135211022527393
0.6115564330741312
0.6097207349900066
0.6080173330463495
0.6064492228925135
0.6050196279822758
0.6037315628673041
0.6025891854330104
0.6015962026511652
0.6007555383406858
0.6000716380830121
0.5995223679348872
0.5991647273032112
0.5990026117299697
0.5989623917991765
0.5968383599695247
0.5994745962083317
0.6000107739981883
0.6007403396551813
0.6016686326293862
0.6028261973054385
0.6041679051263139
0.6056999567182423
0.6074779077509591
0.6094825261267496
0.6117198514996354
0.6141961944380133
0.6169175778457655
0.6198902092182373
0.6231209009266656
0.6264081310755633
0.6303820368837971
0.6344256839278576
0.6387538074226621
0.6433734329921299
0.6482912843661701
0.6535142892456776
0.6590498148560485
0.664904728260424
0.670892927046167
0.6776004217534852
0.6844556137170996
0.6916582884259086
0.6992155755769506
0.7071342649530892
0.7154414376481193
0.7239022795571343
0.733126106980312
0.7425569718243166
0.7523816701900977
0.7626059300251259
0.7730642084119231
0.7841062448219391
0.7957317441167031
0.8076074568071258
0.8199073222068395
0.832472338541765
0.8456322014153623
0.8593842598226544
0.8734107750745987
0.887873575990854
0.9027905465877136
0.9179588806578637
0.9337332358694118
0.9499415132979999
0.9665810195859968
0.9836482050190997
1.0011387185931213
1.0190471947381767
1.037366785585125
1.0560903527876657
1.0753415719911095
1.094843598783612
1.1147203011504372
1.1349739170232993
1.1555628276267038
1.1764869681448875
1.1975974216385095
1.219278601216254
1.2409830229241248
1.2630854942603411
1.2855589485575716
1.3080088903812057
1.3307868323717835
1.3538618218193417
1.3769728566030894
1.4002141855778962
1.4235598057982186
1.4469819390001781
1.470347041622148
1.4939334246820917
1.517324272015851
1.5407687124775855
1.5641433943865846
1.587502565892745
1.6105589458321543
1.6336276199695474
1.6563194428560029
1.6789619481921747
1.7011724355962596
1.7232631614813905
1.7448664850653646
1.766281328862761
1.7871556953166199
1.8076989551200673
1.8278031021133396
1.8474406962899066
1.866585015244028
1.8852112226713647
1.9032946789697154
1.9208130372712813
1.9377449273937815
1.9540705102034372
1.9697721437048996
1.9849001762610434
1.9993066472990544
2.0130454424186843
2.0261076149744714
2.0384174921563467
2.050100331842118
2.0610859670126676
2.071372071264778
2.0809586735333765
2.089847634984162
2.0980430105349996
2.105551066429586
2.112380519147849
2.11854160190899
2.1240467366224687
2.128910302684022
2.1331490076982385
2.136780890273357
2.139825853470498
2.14230612587932
2.144244934972384
2.145741559351189
2.14668343311437
2.147145187975491
2.147101096297271
2.1467311154433006
2.1460722425836103
2.144997748376532
2.143503797272063
2.141829012665408
2.139909409767428
2.1377774567437586
2.13546640284944
2.133009410366579
2.1304390979299024
2.1277877948642803
2.125087444561483
2.122369301704345
2.1197923993694383
2.1171322668210464
2.1145437634039834
2.1120536198354776
2.1095479733828078
2.107475853001142
2.1052904301121447
2.1034480085309357
2.1018261662874393
2.1006026258443593
2.099325321577139
2.098631924165207
2.098090434612402
2.0978616631227878
2.097978712203628
2.098421150956638
2.0992206670504014
2.10020579654799
2.101923783057315
2.103872462323097
2.10623103436432
2.109012301857264
2.1122506553060068
2.1158998888134346
2.1200578806816783
2.1246583138072848
2.129804621035525
2.1354538253138697
2.141626613478781
2.148417250206109
2.1557860358346277
2.163786586087763
2.172454389703978
2.181827632083079
2.1919495164663285
2.2028673643097263
2.214632640204856
2.2273024882818193
2.2409386117593546
2.2556081515624617
2.271385115729791
2.288347056947224
2.30657850255318
2.326170705459002
2.3472195101859956
2.36982821264705
2.3941051246384295
2.4201654267081487
2.4481291060856365
2.4777875166608188
2.510278197668432
2.5447322495917133
2.5816266004680957
2.621108123340135
2.6633272658436495
2.7084375142997246
2.7562248876708235
2.8079637226447196
2.8627003404045284
2.9209687367867203
2.9829319138446504
3.048752210979316
3.118590299069458
3.1926049431069403
3.270952498250334
3.353783851832335
3.441246343946289
3.533479812747313
3.630618750500933
3.732787971701439
3.840103774225173
3.952673153915708
4.070590411574215
4.193939435108764
4.322788919146524
4.457195222429657
4.5971992888459585
4.7428251001174475
4.894081361733041
5.050957991475205
5.213427816210419
5.381444145112805
5.5549408705369405
5.733832469826697
5.918012949930672
6.1073552942497145
6.3017129812486665
6.500917406541302
6.7047636423512
6.913077477304292
7.12550589742039
7.342030467614511
7.562322323852351
7.785934535915758
8.0120606882682
8.242152908729825
8.474095735162944
8.708126242315549
8.943873852312338
9.180955319275391
9.418995917294945
9.657558675112991
9.896224142147485
10.134612222843518
10.372278195886988
10.608792747710316
10.843728329459427
11.076650294358462
11.307132219151821
11.534743478561625
11.759067126739408
11.979684839502005
12.196198438297822
12.4082087745004
12.615338570814195
12.817218726593302
13.013494867320182
13.203835617969334
13.387926028644685
13.565470208483884
13.73619751057921
13.899852929827917
14.056212260959612
14.205071564430336
14.346257478169845
14.479614229252661
14.605024007302985
14.7223866176267
14.831634265712612
14.932719932415932
15.025635382801207
15.110394777352166
15.187031156461115
15.255616308088662
15.316237070478667
15.369014077810798
15.414087931844703
15.451699212884499
15.4818060685949
15.504913866449423
15.521030895119022
15.530473680087116
15.534107738888897
15.530333730334224
15.521447250131045
15.507503377754679
15.487225163742366
15.462528454867147
15.433852034668403
15.399828264130283
15.362433224941183
15.321453418701703
15.27722678364724
15.230510589544526
15.180362232833012
15.128418554822927
15.07445598169262
15.019217969456141
14.96202188913878
14.90410256299172
14.845423732864399
14.786254833200196
14.726844424476981
14.66743893640168
14.608255273780422
14.550532916819634
14.491381804144575
14.43406696925603
14.378123828230562
14.322678576494113
14.268877774122496
14.21561428647552
14.164460130227583
14.114760482996129
14.066601349339717
14.020063816550945
13.975183988223408
13.931977077157207
13.890444221175724
13.85058803931785
13.812385111523314
13.775807243043477
13.740812078804938
13.70735658725609
13.675381094775492
13.644825026133265
13.615616514473109
13.587682800812221
13.560943052812176
13.53531797532985
13.510720984761761
13.487063128942996
13.464261364090511
13.44222864073341
13.420874071493792
13.400114163840822
13.37986726525097
13.360053244952406
13.340590551960222
13.32140726740773
13.302433015145647
13.283599193991579
13.264570160281462
13.24612203026199
13.227367634252216
13.208537150605375
13.189590843958007
13.170487850596794
13.15120128383781
13.131698245734889
13.111682717469321
13.091976674040449
13.071722584336541
13.051194662672838
13.030386972727978
13.009300696222104
12.987936042321357
12.966299405456521
12.94439708702058
12.922237824146315
12.899840458214406
12.877215080206573
12.854382788395828
12.831356845642201
12.808153397782274
12.784794188604192
12.761303385174502
12.737689987970237
12.713982674138467
12.690195931084407
12.666326169781394
12.642459271228562
12.618543151127852
12.594619103883348
12.570702017586157
12.54661676083082
12.522754169027845
12.499110566109575
12.475174823982343
12.451472445136949
12.427843110011272
12.40428585095984
12.380811478100677
12.357540475010106
12.334121693266573
12.310912168775618
12.287794284683015
12.264768978475226
12.241830191762812
12.218980038632917
12.196224316296345
12.173552699637712
12.150963936630564
12.12800839988844
12.105635735847002
12.083723487427973
12.061403367337864
12.039227964234067
12.015880609362789
11.99402742020088
11.972976828397245
11.950464145226686
11.928431946586135
11.906877225872195
11.885360557239109
11.863867361104155
11.842408193029891
11.820969858570049
11.799564857737959
11.778187773865184
11.756841662509997
11.735534995896119
11.71384596216659
11.693032610531201
11.671852914493604
11.650719304610147
11.629638333899933
11.608620696805373
11.587668198873263
11.566847081260766
11.546496600096678
11.525932312657758
11.505467150827103
11.486143413742221
11.466091405362464
11.446169206463463
11.426378172915532
11.406724608077788
11.387205846535128
11.36783607140667
11.348614963955127
11.330266223056402
11.311410632798188
11.292704817506472
11.274072735512775
11.255795590034657
11.23745681991586
11.219394362804115
11.201493948260609
11.183900653184736
11.166334236301278
11.148771889922527
11.131677848515526
11.114604761106513
11.09752246345087
11.080766564186483
11.064170958344159
11.047735560066807
11.031462629218664
11.015550155734289
10.99960173202097
10.983835180937188
10.968174233516454
10.952694898520486
10.937401958300264
10.922209349818443
10.907230686092078
10.892088099562125
10.877657731348911
10.863123937457905
10.848784023130937
10.834540741715568
10.82049588120812
10.806617734014548
10.792912985566735
10.779384765062689
10.766033494831147
10.752546731682987
10.739924732776224
10.72677776025122
10.714194360170172
10.702159994384015
10.689667050524744
10.67773555093861
10.666041057796077
10.654944408130406
10.643794420329318
10.632827304874814
10.621810591475956
10.611811330335545
10.601372272203589
10.592034007836087
10.582605480515008
10.573516221489083
10.564349770872395
10.556400488539579
10.548406164342527
10.540756706687686
10.533605611399778
10.526828236994449
10.520044092977793
10.51459402878772
10.508716628151193
10.504206615683866
10.49973906825583
10.495774719739327
10.492321093816201
10.489394320685976
10.487004637141869
10.48516125031591
10.483872241242558
10.48314535380591
10.482996019402208
10.48295698718531
10.48396586197619
10.486025659269048
10.488215636314958
10.49053321357269
10.494372815871927
10.498341872667412
10.50285747998047
10.508049164569075
10.513318868977965
10.520034227167395
10.526492141733222
10.533920329688314
10.54235157322161
10.55085712326628
10.559879195601463
10.569402087358046
10.57896179575449
10.58988263793147
10.6007979090426
10.612133199195203
10.623865426591946
10.635972432055754
10.648424076034992
10.661152003860316
10.674254896283335
10.687577204373527
10.701125785201917
10.714871929597722
10.728784025535388
10.742828928046986
10.756976553288053
10.77118504260156
10.78542533023449
10.79966588067068
10.813870436870895
10.827966533362023
10.84203637716169
10.85593100256569
10.86962491359991
10.883157997384329
10.896147421049214
10.90920423740886
10.92231746480818
10.934446792425119
10.946882986533444
10.958668507851888
10.970118316505786
10.980832184115325
10.991475722677881
11.001709319508524
11.01153163552264
11.02093614130382
11.029927530728843
11.038505557883306
11.0466771946509
11.054749964134881
11.061859212907425
11.06890355804243
11.07561503831877
11.082021258127432
11.088161008607162
11.094064431287988
11.099780618510248
11.105353681482223
11.110839714459361
11.116292167348417
11.122076879273168
11.12762681493951
11.133099607263276
11.139090101299828
11.145403583799194
11.152121873283448
11.159345287187609
11.167151868596518
11.17595950943845
11.184928366912827
11.19542877049533
11.206643789514203
11.218549169484758
11.232400572182165
11.246878884099603
11.263165249565857
11.281446367360687
11.301005226898862
11.322376242873297
11.345220406055697
11.371000921093088
11.398595817639041
11.428395269968988
11.460672649831702
11.49555623169526
11.532999264694002
11.57334318828678
11.616540528850965
11.662765893320822
11.712132211360888
11.764752444136954
11.82073520482696
11.880192508477519
11.943226684836413
12.009947244509858
12.080448654820966
12.154832670624526
12.233193559033245
12.315629273742397
12.402225028001688
12.493076378821844
12.588264441287325
12.687881860427828
12.792010380539606
12.900727289690275
13.01412413758762
13.132276781649585
13.255270253534338
13.383179411216172
13.516094529967019
13.65409324664332
13.797260735446807
13.945683962356485
14.099450014556082
14.258644978246497
14.423369381193595
14.593709727676076
14.769770506504909
14.95165304767332
15.139460359479372
15.33330758142466
15.533300890414942
15.739560765714169
15.95220457304645
16.17135866553867
16.397153418311472
16.62971219764479
16.869173716801697
17.115664685546257
17.36932721642121
17.630295731215053
17.89870621766214
18.17468885517908
18.458383099016434
18.749914369019006
19.049404582234708
19.35697395113703
19.67273098723496
19.996779582578775
20.329205564194822
20.670087680023837
21.0194904232122
21.377460773768103
21.744024439309538
22.119195594498827
22.502953524491566
22.895260426904525
23.296059133811884
23.70524841331476
24.122713446945465
24.54828857765969
24.981791909826462
25.423000150338968
25.871642017863564
26.327424057010624
26.78999769583618
27.258977278069995
27.733936557025476
28.214403529507447
28.69985665138217
29.189734166929277
29.68342616912541
30.18027307697733
30.68137179115168
31.18726547236355
31.68264761155201
32.18470435833196
32.68595014062625
33.18546111308697
33.6822748537565
34.175385959471036
34.663757868179665
35.15216570146638
35.62195907286796
36.0887267320087
36.54795324544952
36.99497281204912
37.432443249337574
37.85495032112342
38.264582963152414
38.65903032813939
39.03707259633455
39.397517125574126
39.73916913081032
40.060849781739606
40.36119419872119
40.6394900644897
40.89467754540407
41.12499130993864
41.33012868402171
41.5088874733439
41.66035176075035
41.78366422664116
41.878039632593705
41.94274571459794
41.977131363816504
41.98061655792773
41.95270199068322
41.89296446438883
41.80107522444564
41.67679271353137
41.51994927095647
41.3304937283579
41.1084538005888
40.853958648232116
40.56722460818722
40.24856890827173
39.89840434433724
39.51723826651251
39.10566724585347
38.66438529251995
38.19416563372214
37.69588300677431
37.17048516815652
36.61900069845236
36.0425359077032
35.442274908142075
34.819458251456055
34.17539607498713
33.51145981609073
32.82906164652127
32.12966756395532
31.414781644719014
30.685945179051934
29.94471948596544
29.192693921140986
28.431469041967347
27.662657754822785
26.88786655454112
26.10870594711567
25.326770993960174
24.54363451998126
23.76086173501601
22.979966642866646
22.20244440571711
21.43332981358193
20.666752478942605
19.904352111385997
19.15431774462431
18.41438527825159
17.68574091963048
16.969473866619065
16.266630133563197
15.57817553326072
14.904992642145874
14.247895404664607
13.607614259470871
12.984808049951841
12.380050520569995
11.793839486715676
11.226586923497324
10.678633907367596
10.150241502017662
9.641596328659476
9.15280928387022
8.683921191466705
8.234901700047198
7.8070080218773725
7.396031393219096
7.005803444146772
6.634700915814625
6.282397248082739
5.948517205221197
5.63264144569008
5.3343092091566815
5.053024628652573
4.78825692548186
4.5394507378638655
4.306024692257194
4.087377797165759
3.882893501385067
3.6919432206820755
3.513890558853544
3.348094637271544
3.1939140778710646
3.0507091955673493
2.9181092920307425
2.7947011162608675
2.680658975921858
2.5751204703929944
2.4775010118719307
2.3872353846887706
2.3037768110388464
2.226601093646827
2.1552059666393637
2.0891230160827856
2.0278694890300417
1.971045703158282
1.9182393657781733
1.8696620362216592
1.8232564981006454
1.7803382966742056
1.7400839313937801
1.7021716417259711
1.6664378987059194
1.6326157196487656
1.6009090957675014
1.5698885781533787
1.5406341725905939
1.5125901100308679
1.4856603757661884
1.4596576416300113
1.4344805913748315
1.410185418779323
1.3865656860419298
1.3636095784281228
1.3412225993625457
1.3195102579627302
1.2982499377561112
1.277612500040772
1.2573840921233808
1.237699882256993
1.2185009118739907
1.199780765012137
1.1815358370614424
1.1637624647128997
1.146459326729763
1.1296242686289346
1.113255905860225
1.0973507202938766
1.0819060633930144
1.0669164112203597
1.0524256359749287
1.038326819943977
1.0246604010615405
1.0114152509969414
0.9985306140772865
0.9860896451365556
0.9740283479926125
0.9623784327586782
0.9510251746606676
0.9399980250620231
0.9292288152647452
0.9187945178708284
0.9086755206366226
0.8987523528201864
0.889002898970891
0.8795073273259884
0.8702464425586914
0.8610979837079478
0.8520941607381127
0.8432169088028867
0.8344486866127742
0.8257175691635251
0.8171187043076996
0.808641328536554
0.8001579019292027
0.7916595748795539
0.7832981647159547
0.7749023664126404
0.766518040241386
0.7581386607758493
0.7497582440144621
0.7413719350182557
0.7335325723457713
0.7251355133137373
0.7161451250220053
0.7076400879411254
0.6991757501455679
0.6907784293763897
0.6822894497390476
0.6737054986779193
0.6651843931444044
0.6566496646767107
0.6488447716513707
0.6402967610914418
0.6310646987250784
0.6224933794418182
0.613917474657346
0.6052524429087628
0.5974561424869749
0.5881043397351376
0.5796097705279398
0.5710430459778655
0.5624851598239337
0.5539386731088497
0.5454062996566605
0.536890899661636
0.5283096204031924
0.5198383430247059
0.5113942229443869
0.5029808921420746
0.49460251529236854
0.4862634218582312
0.47796825490607914
0.46972203259403006
0.46152999939713335
0.45339774550356027
0.4453310518172484
0.43733604530803183
0.42941901921517844
0.42158647098002977
0.4138450507904677
0.40620140265899496
0.39871831630079885
0.39123456895420095
0.3839247954059696
0.37673954063267084
0.3696850873201158
0.362767611016393
0.35599265147132364
0.3493656965874026
0.3428916353799
0.33657788519619053
0.3304467221696969
0.3244526431951515
0.3186030944770412
0.3129474535299685
0.3074794275154202
0.30228418099584564
0.29700229159045344
0.2920272151458564
0.2872199633674354
0.2826432340816684
0.2781487360920774
0.27395633753247695
0.2696131919754597
0.26569310201266555
0.2617253375085319
0.25790643959162957
0.2543766368635592
0.2508962258123151
0.24756543631118502
0.24432476745851206
0.24119031749462336
0.23815518830293367
0.2352123965190073
0.23235528691191784
0.22957719103690033
0.22687179547975433
0.22423297285199267
0.22165503581718002
0.21913260544374905
0.21666078465191213
0.21423504740007773
0.21185138645678445
0.20950628495782053
0.2071966983777136
0.2049259009004715
0.20268002543112695
0.20046285377623285
0.19826937772925513
0.19610835029812093
0.19397431875957624
0.19182432827139628
0.18974490862053872
0.18769320960942149
0.18571214998350194
0.1836761943967856
0.18171292760330351
0.1797813121146527
0.17788256151863616
0.17601781915260573
0.17418815803479906
0.17239461468206327
0.17063805676318444
0.16872130631673818
0.16723854126606644
0.16559640728833505
0.1639929491141678
0.1624279744743286
0.1609011156122593
0.1594117546445602
0.15795904931527197
0.1565419719169218
0.15515920901441665
0.15380934761867399
0.15249076801470007
0.15120171706528143
0.14998304672453716
0.1487047985284637
0.14749304308544064
0.1463031065626658
0.1451330783944776
0.14402031322499312
0.1428836963904103
0.14172372184264403
0.140615150988865
0.13951800446739918
0.13843102489109138
0.13738841067749424
0.13632258629889005
0.13522135360497614
0.13416624708693003
0.13311792258539176
0.13192607118460914
0.13089189129829631
0.13001345978032014
0.1289930096766967
0.12798053596898862
0.12697667650763758
0.12598218514613793
0.12499785907411573
0.12402453045968456
0.12306306634846215
0.12196071421187366
0.12121751850682742
0.12025772870780121
0.1193514287146369
0.11846048685584358
0.11758535300688881
0.11672630184929605
0.11588352688543754
0.11505698930455666
0.11424660075764177
0.11345203240925873
0.11271018645397646
0.11190862290132277
0.11115852893655773
0.1104218205101358
0.109728644200336
0.10898496652769923
0.10828288910117002
0.10759032018405093
0.1069062021027588
0.10625902992516538
0.10555934593271002
0.10489459882831416
0.10426060368300498
0.10360352475590331
0.1028285889366118
0.10218246428085213
0.10153835318113058
0.10089598447141183
0.1002551383301678
0.09961583779581334
0.09897820375122982
0.09834250601865763
0.09770910982789753
0.09707855780101725
0.09645143473590198
0.0958284851399534
0.09515768073685768
0.09454605985849936
0.09394078323095681
0.093342706060804
0.09275272346615744
0.09217156607478214
0.09160000752963923
0.09103867978931597
0.09048813737880188
0.08994879535806022
0.08942094552495503
0.08889559138085869
0.08839105627113344
0.08789804058670085
0.08742517387014229
0.08695397504135217
0.08649289908074848
0.08604119105521058
0.0855885884770143
0.08516239732359804
0.08473332478321079
0.08430968443183916
0.08389035470482559
0.08347415931083269
0.08305236865611954
0.08264671191915125
0.08222639256268956
0.08181220341143573
0.0814328642188449
0.08097704901374006
0.08055466716142265
0.08012842869451668
0.07970281351070123
0.07926321455879308
0.07882406943792576
0.07838078434823784
0.07793362597459619
0.07748314896154006
0.07702993492431782
0.07657477281007594
0.07611851553388921
0.07566212321635694
0.07520663152244737
0.07475309507537602
0.07430261480668297
0.07385628438548304
0.07341518796643982
0.07298030460222628
0.0725526060825071
0.0721329224589848
0.07172201174817679
0.07132048311462907
0.07092882372796633
0.07054736265384048
0.07017629248432353
0.06981563992271059
0.06946527052789747
0.06912493374149287
0.06879421524824485
0.06847299361496963
0.06815943474168652
0.06785396635516805
0.06755538868341997
0.06726283380873739
0.06697536035093919
0.06669208313821641
0.06641231906355252
0.06613443488721303
0.06585832857339421
0.06558298043693277
0.0653077025254094
0.06503188824613128
0.06475504157439695
0.06447680764933492
0.06419690146463954
0.06391521948304485
0.06363170425447606
0.06334649139656541
0.06305976573978189
0.06277183684105216
0.062483086676158574
0.06219397958411887
0.061905028517275425
0.06161676149054288
0.061329758250766066
0.06104458550586615
0.06076177512488637
0.060481835635183674
0.060205367328037857
0.05993239586138956
0.05966358437797203
0.05939906658721397
0.05913897022219488
0.058883331653565546
0.05863211790897521
0.05838516652905526
0.05814225795562196
0.05790857295412485
0.05766713094855297
0.05743408381345098
0.057203449085540016
0.0569745239299471
0.05674695561968488
0.056520105831011844
0.05629349146596782
0.05606659800139719
0.055839000911191414
0.05561032782055025
0.05538029073788734
0.05514868174631466
0.0549153826430774
0.054680394935338404
0.05444380884650006
0.05420580477112604
0.05396667536345124
0.05372679581681432
0.05348662204421663
0.053246676668594284
0.05300753031587924
0.052769811124749426
0.05253414779771055
0.05230119406639523
0.052071563834651106
0.051845861725733515
0.051624648535125814
0.05140839868331611
0.05119753276648711
0.05099236236141255
0.05079312011710551
0.050599933147908734
0.05041279917861855
0.050231628086877506
0.05005620541146612
0.04988623473985374
0.04972131619843423
0.0495609479164645
0.04940459758850285
0.04925163157722046
0.049101412610610545
0.0489532458389314
0.048806478747459005
0.048660424341165506
0.048514444278177464
0.04836796577099516
0.04822044075045687
0.0480714261598902
0.04792055490369099
0.047767551279395026
0.04761224885349736
0.047454565399914786
0.047294542873166576
0.047132294442302054
0.046968071999076204
0.04680216642672054
0.04663496461259253
0.04646691085608365
0.04629849655543527
0.046130238423852436
0.04596250465321215
0.04579634728528384
0.045631739733517335
0.045469344817283354
0.04530958617380508
0.045152828932000004
0.044999368729131656
0.044849407766405607
0.04470307433964049
0.04456039581111219
0.044421313089519944
0.04428569393807593
0.044153304804333195
0.04402384540897342
0.04389695052327307
0.043772200282580734
0.04364913696060863
0.04352728779700999
0.043406161492881276
0.04328527885786636
0.0431641738026557
0.04304242270825332
0.042919644430373036
0.04279552620929605
0.04266981815803865
0.04254234456084319
0.0424130101293996
0.04228180348271195
0.04214878786431503
0.04201411752284347
0.041877998619359105
0.04174070490406006
0.041602576301670115
0.04146397439410108
0.04132529541766873
0.04118695855199221
0.04104936079960098
0.04091289467410704
0.040777943882463474
0.040644816876488785
0.0405137814035661
0.04038506268583383
0.04025879787016856
0.040135057134187836
0.040013842738316485
0.0398950689176125
0.039778599056065116
0.0396642105588219
0.039551624271387004
0.039440528698726975
0.039330564271786286
0.03921928585335818
0.03911245619934887
0.03900352404020336
0.038894157294298126
0.03878400108157061
0.038672741881798645
0.03856012167546223
0.03844568708674954
0.038330001815021754
0.03821229226812736
0.038092806965318554
0.0379716021481076
0.0378488323479664
0.03772469983557505
0.037599472082779355
0.03747345399611535
0.03734700150461409
0.03722049008324503
0.037094313144033886
0.03696886630345063
0.03684451799490154
0.03672163530414177
0.036600536376811335
0.03648149905051047
0.036364746806177704
0.03625045048479327
0.03613861667159451
0.03602959107243485
0.03592293150773086
0.035818954950683074
0.035717236033629744
0.035617669584858576
0.03552002764767711
0.03542403931945126
0.03532941864713194
0.035235873603122636
0.03514299433784595
0.03505080635478409
0.0349587363073507
0.034866658329505744
0.034774369854868946
0.034681719268296
0.03458861345599662
0.03449498458194722
0.03440085012673083
0.03430625854592076
0.03421129819504506
0.03411610780281838
0.03402086056896394
0.03392575166897771
0.03383098943660407
0.03373678466058296
0.03364336582219496
0.033550919344352746
0.03345964062910824
0.033369666291420665
0.03328111523379856
0.03319405914738564
0.033108523710568195
0.033024492128288695
0.03294190328052529
0.0328606431414449
0.032780558869696615
0.0327014745958884
0.032623179396782345
0.03254536547744994
0.03246803372923967
0.03239070751412163
0.03231322659284245
0.03223538619165319
0.03215699304556152
0.032077890636089644
0.03199796371418897
0.031917131448847884
0.031835378591110124
0.03175270897297188
0.03166919249112198
0.031584931557452456
0.03150007697789212
0.0314147944798973
0.03132929249818782
0.031243801434064612
0.03115853821570697
0.031073654651520236
0.030989618952068056
0.030906392118830867
0.030824241246530028
0.030743311387825597
0.0306637256731742
0.030585560526384756
0.030508848955875408
0.030433590095635118
0.030359739744401943
0.030287220765248306
0.03021591470473597
0.030145682969729894
0.03007636681350411
0.03000779407086212
0.029939787861354858
0.029872169850366285
0.029804777579668835
0.029737463078950623
0.029670093647056438
0.029602578014485487
0.029534837010054243
0.029466841421315438
0.029398585808017692
0.029330099685451264
0.029261433682765646
0.02919267953604255
0.02912393625356283
0.029055327722761697
0.028986980336616702
0.02891902788948284
0.028851591839607876
0.028784794592449592
0.0287187414145899
0.028653504232609404
0.02858914599353716
0.028525662929121474
0.028463145557073015
0.028401479662683426
0.028340639838023523
0.028280309673552852
0.028221103391444048
0.02816219231211187
0.028103693939751907
0.028045468306245616
0.027987399265006385
0.02792935324611423
0.027871228123802848
0.027812926648050074
0.02775438029833136
0.027695536265270545
0.027636376482106467
0.027576900114979628
0.02751713500446443
0.027457132545833172
0.02739670003524025
0.027336715878714765
0.027276489816681848
0.02721638628831497
0.027156497038707914
0.027096984765740687
0.027037881897762718
0.026979293591815976
0.026921175911605706
0.026863886051073958
0.026807142072434256
0.026751041518568056
0.026695567695012627
0.026640684226764008
0.026586321568003522
0.026532422970143257
0.02647889343599074
0.02642564962114715
0.026372598078434412
0.02631965001124146
0.02626673183892162
0.026213766534998694
0.026160707157713372
0.026107511982228895
0.026054158502220502
0.026000652344898206
0.025947009511388883
0.025893262107248165
0.025839461550516796
0.025785666099505337
0.02573194827640588
0.025678384574232018
0.02562504525878
0.02557199761916658
0.025519308156742568
0.02546702802313102
0.02541519759773767
0.025363841765676368
0.025312968019280103
0.025262570813820332
0.02521262539401476
0.025163097787923163
0.025113942126672555
0.025065093349507052
0.025016502918097306
0.024968099087919284
0.024919826576454654
0.024871619938877702
0.024823436756061038
0.02477523724136773
0.024726991135516043
0.02467868747894889
0.02463032754057927
0.024581923900092294
0.024533496186097795
0.024485086052028978
0.02443673321871676
0.024388483830361254
0.02434038912300447
0.024292499554830243
0.02424485488516338
0.024197503871276737
0.024150471576912393
0.02410377523218641
0.024057431680556098
0.024011435594510043
0.023965778445986543
0.02392097374424865
0.023875370917365087
0.023830561345897932
0.023785956003528567
0.02374151900138891
0.023697204542278975
0.02365297602205761
0.02360880498797322
0.023564660813655207
0.023520534832453383
0.02347641237910317
0.023432302600834082
0.023388277348484938
0.023344789285433078
0.02330883053336371
0.023265082940752337
0.023212508450865456
0.023178019632076736
0.023134755434343273
0.02308227747960578
0.02303930991552977
0.023005242002192842
0.022954145347770186
0.022911954433928777
0.022880120793111948
0.02282831523825205
0.022786834508229152
0.022745627288259747
0.022704425769969814
0.022663443408984265
0.022622576159513075
0.02258179926282086
0.022541089080731172
0.022500437835476676
0.02245982853941602
0.022419267184264166
0.022378842498799435
0.022338299003883986
0.02230937813579518
0.022269211491902526
0.02221831335662197
0.022189238003655683
0.02214947439394115
0.022097776520260792
0.022070457588729397
0.022031229671267735
0.02197973384872827
0.021940783725730436
0.02190202503907516
0.021863450074193335
0.02183791896636394
0.02178679231414353
0.021748676359290953
0.02171068070859054
0.02167278710288304
0.02163498214120989
0.021597252936494133
0.021559699509526565
0.021521998873119803
0.021484474015690612
0.021448044115914566
0.021409651730389875
0.02137237337402799
0.021335202261569656
0.02129814457203901
0.021261220434036485
0.021224440204362906
0.021187809749673048
0.021151337051350416
0.021115023255089016
0.021078867968520917
0.02104286616670229
0.021007012801549384
0.02097129692351166
0.02093571021976239
0.020900236212386823
0.02086486913222634
0.020829598801512052
0.020794413732191017
0.02075931145621627
0.020724285592059098
0.02068934261933791