0.0883925240890227
0.0886127629234116
0.08880580743053755
0.088966545663313
0.08908969693543403
0.08916927407894126
0.08919953832923139
0.08917444539095984
0.09445846738827862
0.08893723445964921
0.08871575004338753
0.08842079475483833
0.0880500964976248
0.0876023786563579
0.08707778542221245
0.08647779576105555
0.09212198610715985
0.09151863745617744
0.09085707690636205
0.08340359644209461
0.08249848210166422
0.08155606643097471
0.08058674832828845
0.07960205605262956
0.0786139400556167
0.07763490662468511
0.07579628559697742
0.07575528350979635
0.07488002500367043
0.08241056552639635
0.0733196938571988
0.08133805464187653
0.07208676563065379
0.08062964954699875
0.07022609075521742
0.07101235662505297
0.07088856477309938
0.07088988135046126
0.07101917645815435
0.07127799877329534
0.07053088750722031
0.08244066723613944
0.0728311012992616
0.08414157515601801
0.08517288516425565
0.07550998690977628
0.07663835652130947
0.07787784833157049
0.07922453231821694
0.08067457558510892
0.08222438040615451
0.08387089742931673
0.08561155652535543
0.08744435723251723
0.08936813014618698
0.09138237969623515
0.09348743295129319
0.09568434300269436
0.09797493709273962
0.09896112506109433
0.10284772683837717
0.10543674525851654
0.10669571385006901
0.11093978384881595
0.12686488330060042
0.116905906117102
0.12007366227077029
0.1233701407986934
0.12679895746371428
0.13036323419580526
0.13406554441783694
0.13790757849642793
0.1557401862234872
0.14601338160296176
0.1502761987435045
0.15308449170862332
0.1592118686747241
0.16387791427279014
0.16866989388742648
0.17358233574265622
0.17860857129933064
0.1820751376206277
0.18897378901463538
0.20935917690828051
0.19970243439742513
0.2051819034217768
0.22614740306442896
0.21632764290806764
0.22197711204827214
0.22766678512760288
0.23338917599950448
0.2391373155388447
0.24308501094328022
0.2486446545452446
0.25647679896320175
0.2788906182882928
0.26806964937107514
0.27386645505137547
0.27966112979570784
0.2854529405240074
0.2912416213207546
0.29702768396897283
0.3028121537917613
0.3065917357726579
0.31438238285828474
0.31790335061207986
0.3239073715410599
0.3317699765209415
0.3352523998171283
0.3434072795137715
0.3471102602288579
0.35294329170322647
0.35879128932921206
0.36465452495703565
0.3705328305912764
0.376425357160692
0.38233085859869254
0.39051674190670976
0.39391578519187664
0.4001046222875443
0.40577747702562383
0.4119734629316192
0.4202713329063076
0.4262141017434917
0.42946694877066716
0.43806231380647365
0.441239308538929
0.44709395595210877
0.45569278485588466
0.4587295493642818
0.4645043547577916
0.4702563824030698
0.47597489659428016
0.4816693050670192
0.4873381329410333
0.4929842579235363
0.49861103628644177
0.5072161811659133
0.5098251859276298
0.5154234165498721
0.521027429453084
0.5266359195232969
0.5322645893049538
0.5379197289902454
0.543609511280509
0.5525524795201655
0.5551266908982893
0.5609750959058419
0.5668858013925739
0.5728765295517325
0.5789517539051661
0.5851179184870718
0.591381773757018
0.601190190927807
0.6042224150832283
0.6143078870789243
0.617504688975505
0.6243173620714887
0.6312453322121585
0.6419089269730054
0.6454433121926764
0.6563909093755036
0.6600817790849689
0.6675568351717033
0.6751288316719993
0.6827921831323529
0.6943760764740978
0.6983666108376739
0.7062636877055792
0.7142239628533373
0.7222399734228186
0.7303047381304457
0.7384104270703862
0.7506086592692996
0.7547167425564701
0.7629053735475886
0.7711097646379649
0.779325446368063
0.7875472416777096
0.795776974045328
0.8039989179553921
0.816552179605829
0.8204469109758556
0.8330644077210216
0.8368856461513898
0.8451034500161139
0.8533213337452146
0.8615475615642749
0.8697704676940414
0.8780070081718041
0.8908967154630504
0.8991966644736179
0.9028117894846576
0.9111158014037859
0.9194513284763913
0.9278174113572935
0.9362217219751784
0.9451447751601683
0.9580324464855126
0.9616355685240621
0.9701864475759464
0.9792829302075585
0.992439330036094
0.9960738133445692
1.004775951565429
1.0186298694997116
1.0274203742551116
1.0362338588337072
1.045065418279996
1.0486821176141725
1.0575060230215216
1.066329190235793
1.0751442191689673
1.0839433398271776
1.0927239237457926
1.1014617360356633
1.1101652672860811
1.1188190442530135
1.127416933064874
1.135949422552493
1.1444088342504368
1.1527891141683166
1.1610824577279402
1.1692823986627852
1.1773833645849126
1.185379972455069
1.1932672579329795
1.2010416850865844
1.208699761501805
1.2162396769288628
1.2236577055857372
1.2309551510919734
1.2381308975302532
1.250852893894828
1.2521192310377895
1.2589351453554258
1.2656362370706056
1.2722241060047423
1.2844276756225728
1.2850808026267317
1.2913579290537371
1.2975425642527618
1.3036413197335408
1.3096589072426845
1.3156042319988803
1.3214846327502667
1.327308997756412
1.338873501628576
1.3388216569779752
1.3445286715649178
1.3502167095462307
1.3558965782159436
1.3615788782766316
1.3672752297845137
1.3729959982021618
1.3787558151961545
1.3845665942870706
1.390442130865945
1.3963966893027044
1.4082236045253587
1.4085987318373396
1.4148780087903607
1.4212971232379568
1.427873031759989
1.4346232521609363
1.4415640204015676
1.4487138334180072
1.4560922307098083
1.463717022424202
1.471608161520182
1.4854221635450893
1.4882650907296258
1.4970711077195118
1.5062216385368317
1.515736651190611
1.5256359718703736
1.5359388586150309
1.5466650730974856
1.557833694468883
1.5694624859747632
1.581569528549846
1.5941729789837755
1.607289418040899
1.620934585309564
1.6351229720477711
1.6498694385961976
1.6651879764708142
1.6810891879417618
1.6975853346933945
1.7146862880902394
1.7324003386514968
1.7557070523667004
1.769697119896613
1.7892920647122037
1.8095233925584813
1.8303944917419486
1.851906105989436
1.874059004889029
1.8968524309011696
1.920284871737452
1.944352954600133
1.9690530487982252
1.9943799972384781
2.0203280595922006
2.0468906992486566
2.0740605008635957
2.101833140663307
2.13018788152121
2.1591263303232417
2.188636314802869
2.255519916617971
2.253366506924505
2.2804800417854922
2.3121629318875865
2.3482581005634575
2.3770578338978203
2.4102462872859403
2.4442914383929715
2.478042376212743
2.5126248723807993
2.5476475192191765
2.5830964023101366
2.622487764443178
2.6552264495169813
2.695319019603528
2.728914533578321
2.766312646530608
2.804063971353553
2.8421567039345668
2.8837978166302154
2.91932464631282
2.9586885713887496
2.9980319683010697
3.0404039561076943
3.0775725670347986
3.1177510523152656
3.158190156365058
3.1988818279012223
3.2398192648486708
3.283517101135855
3.3224063404363915
3.3664956498970535
3.429810976128532
3.4479996875403356
3.492652850242386
3.5351489187743783
3.577867504906679
3.61832196153369
3.661781428896732
3.7073910577908715
3.7510394313991933
3.794937794950696
3.8390962788408047
3.883527065072023
3.9282439459617393
3.9732624569247523
4.035627709811347
4.064274628885634
4.110308768286315
4.156724979309823
4.203546959314247
4.250801415645093
4.296839392699748
4.361270181259035
4.3954466079979015
4.444725479674346
4.4945915527563605
4.54507977188168
4.608756783858302
4.648069037420086
4.700645152347211
4.752737997999391
4.808155531978909
4.873377975912867
4.928775208621036
4.985089013556948
5.042358292996114
5.100622578659589
5.159921285312509
5.220292577626092
5.281774334944582
5.34440315597863
5.408215443517193
5.4927540892031415
5.569562339902154
5.620253162721638
5.685812686674906
5.759041342679878
5.823596572656628
5.889344360002266
5.956306024174116
6.024500662406359
6.094163183491382
6.197059475238136
6.281826053100439
6.359052603123095
6.4423004144757785
6.527057821916193
6.613327125249345
6.710549566453244
6.8022017631711575
6.892756419458617
6.986138152981623
7.081023988924608
7.1773980291127035
7.275243331454821
7.3764724670142
7.477325341325709
7.5798260207823756
7.68346357918384
7.7884359451023855
7.891793927641883
8.002236742924154
8.107750841283027
8.220891516339078
8.331921906634273
8.444015947839928
8.55711890923293
8.667124618578447
8.786107317291869
8.901861255732175
9.018365884091272
9.135547603497304
9.25332715778576
9.371629268307705
9.49036811766328
9.609459121966443
9.728814409173035
9.848335343834544
9.967937053981203
10.087515857683158
10.206970019943165
10.3261969867358
10.445092269309091
10.563543355411364
10.681435961707425
10.798666829279911
10.915106997957661
11.03064714161571
11.145168444740465
11.258542088707898
11.370651151541436
11.481366800772303
11.590567770792457
11.69812387930092
11.803914743914454
11.907809473213428
12.009684519051085
12.100944412247548
12.20685768581737
12.301910873074737
12.394436932747826
12.484321467752293
12.57143837537129
12.655665108948586
12.736899961192337
12.805996002847262
12.889915538479269
12.961479884022626
13.029607781742676
13.09420142022418
13.155166528657482
13.21241140290383
13.265848647241008
13.315400304326479
13.360988234321672
13.40254543931706
13.439999457864614
13.473302680300574
13.502392393844081
13.527227312063317
13.547769461652344
13.56398699630019
13.575847732531859
13.583339984470808
13.586446292436333
13.585163284616616
13.579491189012023
13.569442510859888
13.555034438845585
13.536290211928321
13.513234107364456
13.485914768575658
13.454372235864474
13.418659441019862
13.378839331633403
13.334967529613925
13.287130386623776
13.23540099862589
13.17985912729079
13.120604197416611
13.057735691591319
12.991353100044762
12.92156611467144
12.84849135976477
12.77224577601961
12.692954591156886
12.61039385169407
12.52255991027905
12.438117097565424
12.347973491272398
12.25315415848898
12.160537095836128
12.062240341811622
11.963832747069548
11.863667481304661
11.762691373445035
11.654705823974709
11.538860818204693
11.456745966916268
11.345132724454816
11.233707883950075
11.134287024511877
11.017539329466574
10.90691252392046
10.797384161494898
10.68779961363269
10.578306332246282
10.469044646066752
10.360162537357121
10.251793039509733
10.144087726240167
10.037155047278306
9.931135041989409
9.826154130405332
9.722327768803384
9.61976992151573
9.518591982887397
9.41889214101716
9.320776808431587
9.224335004057847
9.129656846811452
9.036823985124308
8.945910983020761
8.856991270428237
8.770130028095565
8.685382567974324
8.60280487859497
8.522440274314699
8.444334484608413
8.368518643040401
8.295020935661906
8.223868222916192
8.155076177156756
8.088655369593107
8.024614868027115
7.962954740059588
7.903667511039324
7.846747972420871
7.792179831927617
7.7399435282998486
7.6900177274104164
7.642371672353773
7.596976794423589
7.554603756039334
7.520784601143388
7.47391684569212
7.437130616122884
7.402391565191856
7.369624287259231
7.346727222250475
7.317752802044782
7.2827330909931325
7.257376126485508
7.233726103630363
7.2117202668586184
7.191300604756723
7.172404654168717
7.15497243902572
7.138942404037837
7.124254630098872
7.110849088210706
7.098667969112098
7.087653937405744
7.07775036056778
7.0689027797062565
7.061066845885016
7.054177299720879
7.048186051952732
7.043062725140982
7.038754255151308
7.0352278695715755
7.032425944056369
7.030333314947641
7.028917236368921
7.028129780656233
7.027964227228109
7.029003104627281
7.029388396757053
7.03153876827262
7.038844156735481
7.036247526449771
7.038823808243438
7.042499865303477
7.046694857697434
7.051417510261511
7.057190411084438
7.062959241099864
7.068759847207656
7.075637083173071
7.083581190981774
7.09160915646322
7.099766206453171
7.10950732688396
7.119420574556299
7.130007942670432
7.145284871618847
7.153308253931364
7.1660740987440255
7.179197922110515
7.193976613141998
7.209169623451524
7.2252293439014394
7.242182536382871
7.260058044186969
7.2788830266742535
7.3018881627225065
7.319484961898717
7.344350293004251
7.364185363041974
7.387805164756779
7.415941351819571
7.441989053926105
7.466254900742531
7.494652254204552
7.52689285075189
7.557482777245495
7.586985826881726
7.622129440874571
7.6541376094423885
7.691402585114507
7.727764435273007
7.765265704955226
7.803894712948128
7.843636247128765
7.884473457248154
7.926384855584824
7.969348312719343
8.013336880464266
8.05832226049512
8.10427378600035
8.158548134462158
8.19893512685471
8.24757047820021
8.297023352092856
8.350884400414019
8.400906764968477
8.451619302624225
8.510480946328586
8.55413053492691
8.59847660042874
8.662577032158481
8.716688231272958
8.77142527341542
8.827016897009292
8.882546394419533
8.938255105543883
8.994147073435743
9.05017099135112
9.106172146649396
9.162306379049195
9.218427326569845
9.274493516131821
9.330597286197927
9.386260563962688
9.44204649793184
9.49726857867963
9.550774142924624
9.605520151240952
9.6599264937686
9.713960238215956
9.76758955271354
9.822706979604822
9.873524033373727
9.925780141561106
9.97752745890163
10.028745950522572
10.079419043062888
10.129530370775775
10.181547472288434
10.230529601571455
10.278908239390866
10.324083844706593
10.371200210824544
10.417693932829867
10.465952509876791
10.508798352683248
10.553407068833653
10.597379256128125
10.640724062354774
10.683439770735928
10.725531632064035
10.766998215065932
10.807851340761868
10.850836740037478
10.887721182792266
10.92674877140196
10.967925194589364
11.003035379316849
11.040302161707137
11.076993948622505
11.113116825149813
11.148676804724522
11.183683208451846
11.218137257396396
11.252052097174909
11.285424829473662
11.318266624098284
11.350579423275292
11.384670370932492
11.413636025641681
11.44690719504489
11.474629508682009
11.504357468094563
11.53358092796037
11.56471293365716
11.590503656286621
11.618211876039076
11.64541149831305
11.672115311661592
11.698313162078351
11.724006963007684
11.751432458427058
11.773894900875877
11.798084293410552
11.821771051258974
11.844951399363616
11.867629673605657
11.88980141452358
11.911467391580018
11.932628434216834
11.953287347086116
11.97343750058106
11.993082905617083
12.014074459072447
12.030867149591531
12.049006420853377
12.066646159015558
12.083788884225385
12.100433097130033
12.116589479269884
12.132254154357353
12.147436305912562
12.162134233065979
12.176355156086107
12.190104851805279
12.203383592947883
12.217575421426444
12.228576211706935
12.24178157701473
12.25321871244009
12.263013814676153
12.274794102061442
12.28495446628248
12.293618404398668
12.304049283847968
12.304021969481607
12.312982620930898
12.321575292302965
12.336759158426176
12.345125538386574
12.34525322370217
12.359040179352167
12.359404022464803
12.371212826257318
12.377194169282237
12.378434551593461
12.388871514954602
12.39356659009393
12.398547256419242
12.403700068169194
12.408230713917483
12.399629800318268
12.416537558183258
12.404830128000734
12.412415376531538
12.423752872161122
12.427264762656629
12.434566678069045
12.441804288050122
12.449007037034262
12.456185202835895
12.457614265249111
12.455919297123287
12.460031120647596
12.46190916128245
12.465537882880323
12.469593943279095
12.477546625823598
12.482311979801946
12.482803658230674
12.487643264920425
12.492736740932806
12.498119149425317
12.503809558035545
12.509834479604084
12.516221908070907
12.52299923930941
12.530188909656905
12.537820356275374
12.545916963243144
12.554503528731795
12.563610669084978
12.573257974357135
12.583469277167927
12.59427007915737
12.6056876111124
12.617742058633661
12.630458010657334
12.643854310959794
12.657957165836896
12.672781053730429
12.688350073637762
12.70468035605077
12.721787194513476
12.739695931495204
12.758412673341352
12.777959609025261
12.798342759649586
12.819583957505559
12.841683939192766
12.864661311363932
12.88851699913695
12.913262304575932
12.938903361785476
12.965447297022525
12.992891881620299
13.021244972896968
13.05050325530215
13.080667209032631
13.111734213685242
13.143710577804324
13.176580789979653
13.210344843366688
13.244993957733216
13.28052136734438
13.316919619271678
13.354176873498677
13.3922841401925
13.431227386044217
13.470993850911109
13.511572403328655
13.552941135219704
13.595089719976198
13.638001444746727
13.681654247559695
13.726036450078842
13.771119598901796
13.816886033673068
13.86331571189956
13.910387161537711
13.95811594235402
14.006396430424706
14.057872071842997
14.115450817767615
14.168408078275071
14.215331861309297
14.261530093148707
14.308096797788732
14.35500558628725
14.402879351869641
14.455817977741871
14.50582026895156
14.566601386578759
14.61935704169698
14.672333459199972
14.725499438758572
14.778822490194669
14.832268590439078
14.885806920668392
14.939402523639117
14.993017822506346
15.046621642733495
15.100181101194284
15.161628417218969
15.21645263806165
15.270218072052455
15.313212339728938
15.376013162902163
15.418498388046476
15.483110002190427
15.522565634177017
15.586061535084529
15.63761582918227
15.688698328733421
15.739284025645171
15.789326934093136
15.838790168915727
15.887638344155112
15.935825060552185
15.983317777371033
16.030075535103684
16.077920675800495
16.12314380659225
16.167738367803775
16.211012733926122
16.25358482127904
16.293136526396037
16.33583267651514
16.37567933300199
16.41423482813293
16.451703799038473
16.488052150799827
16.523258508344014
16.554735148585433
16.590110888091875
16.621713787440513
16.649433612398266
16.68113253494149
16.70624996092253
16.73537530565722
16.76050983133543
16.784288727875634
16.80671314054691
16.827758487086562
16.8474173912668
16.862965602149124
16.882546715528274
16.898003052752127
16.912050948393738
16.924688434201464
16.93590921829113
16.945726624536814
16.954134193447274
16.961146074373463
16.96676566610966
16.971001657862477
16.97387648284617
16.975387640933295
16.9755606762852
16.97440707011055
16.969537671007522
16.96582740544994
16.96317577707305
16.956914255440665
16.949427548554173
16.940742574594296
16.930889319226125
16.919889219056476
16.90777462510313
16.89260783538328
16.880313202799268
16.865019928545156
16.848735224110268
16.83148628975999
16.81330157563864
16.794217306683123
16.774266030842217
16.740377184030773
16.73189286562419
16.709541289478327
16.686449503140633
16.66266079828638
16.63820553166226
16.613115999461904
16.587420724509258
16.5610735411523
16.534363266701956
16.50706245916745
16.47338135356936
16.42494896454781
16.41789869527224
16.37413699780187
16.335725506869323
16.313638318261255
16.288163741060934
16.264081191763804
16.23975253138926
16.21520262110852
16.190455627553977
16.164459943286605
16.131307381181283
16.103397486199682
16.075384937526838
16.030055375960767
15.999234034543912
15.968389024519674
15.937542033934886
15.906710314976605
15.875917879678681
15.845185963642882
15.81452543653148
15.783963125510628
15.753514257997839
15.713541217351427
15.69302240258327
15.652238612148842
15.621857883016455
15.591674164138954
15.561711856820077
15.531981778667948
15.502497156920045
15.473273387302699
15.444329112205132
15.415670627614446
15.38731626039633
15.359275491312914
15.329482166741704
15.304197742109542
15.27717899179439
15.250521163717826
15.224242759358674
15.198345871312638
15.172843704916014
15.14773848516951
15.12305294399493
15.098783788688449
15.074939742341684
15.049067749875558
15.026052615565733
15.006048131011388
14.983982576322036
14.959712104759573
14.938515054291477
14.917787787888816
14.89720757599588
14.87773261709105
14.85841255566514
14.83923816374347
14.820861372006577
14.802950960844672
14.785514992568471
14.768548207487656
14.752398613387077
14.736368019231081
14.720794763801571
14.705675061049106
14.691008563838588
14.676418679164358
14.663003496496515
14.6496588952074
14.63635702563803
14.623850419715794
14.611756907636133
14.600061513764672
14.588767782988944
14.577863218175978
14.571294272521223
14.561166245226765
14.547382125580787
14.537942105528012
14.528842810404988
14.524168671358614
14.511635234097817
14.503511628426766
14.495695059111576
14.488178237052212
14.48095197126984
14.474009797480186
14.467338585429856
14.460938355538499
14.455230320543773
14.448911981271095
14.443269359636126
14.437865809250566
14.432699258318712
14.42776234037798
14.423047832178906
14.422987089818836
14.414269964752679
14.410201707815006
14.406339454590482
14.407181425688718
14.399219526760781
14.395960705653264
14.392899797393545
14.390035530792186
14.387356576077753
14.384878481498081
14.387182272160898
14.380488185750334
14.378580525776389
14.376853120630898
14.375326750595082
14.373976773976205
14.372817691099346
14.371842528893922
14.371530769339715
14.370927735642939
14.370516795775961
14.37028608478707
14.369764103190102
14.369901574112358
14.370690780387061
14.371185255638235
14.371860462750579
14.37270938846815
14.373731241218984
14.37492491518219
14.376287131189896
14.377338283437403
14.379500963552632
14.381347400113384
14.38334641111847
14.385029640765906
14.387803146754583
14.390240999139946
14.392823053753595
14.395068247732805
14.398377670653062
14.401341040448422
14.404426156987283
14.407627567785898
14.410933389312875
14.414346356167254
14.417863423621228
14.42147605374888
14.425180742387123
14.428974710562827
14.432394830662183
14.436357433675308
14.440406765948596
14.44452856147535
14.449183544872318
14.453459656721698
14.457808030989732
14.461773267884006
14.466728139324092
14.471300561230084
14.475503668068024
14.480690806220945
14.485057547325939
14.489968883769231
14.49541698004072
14.500513263324631
14.505716926042046
14.511029844060515
14.516460208829592
14.521571812400275
14.527712297381953
14.533550603043103
14.539542727245495
14.545254778907305
14.552037569487302
14.558558618894903
14.565281861413059
14.572220336904953
14.579383280649164
14.58678553620695
14.59443893384403
14.601923684655263
14.610568499487517
14.61907008593041
14.627439266888882
14.63657412191188
14.646493738359704
14.656324579302229
14.666084827627367
14.677110940616972
14.688094911015506
14.699055984768412
14.710883244124206
14.723147429810345
14.736305765106858
14.749068292099295
14.763174800993962
14.777346975595101
14.792026068289374
14.807229892000777
14.822968763236306
14.83925596106846
14.856098491481797
14.873513634490164
14.891512611277646
14.91010470618851
14.929306702576122
14.94912159373887
14.969561142881945
14.990234906679484
15.01606110929575
15.034775112556202
15.061488104708777
15.081591242255804
15.10603885833224
15.134776383757464
15.160623455628082
15.183665174093228
15.214524838904337
15.242604068683566
15.271447988553602
15.301073314249779
15.331495874328468
15.362723919776132
15.394779564984102
15.427671025435258
15.461418079932669
15.496032895097814
15.531537259530735
15.567946436548532
15.602095198639587
15.643542105769468
15.68276824374893
15.722967897838474
15.761134168746082
15.806377350617083
15.84962268358018
15.893920307798329
15.939290902682306
15.985753667926744
16.033331560346596
16.08203676549093
16.131897863039757
16.18293051743269
16.232301376731044
16.28857479070291
16.343231435928846
16.399124103228747
16.456275670502013
16.514703189647122
16.574414366287836
16.635430170127993
16.69775375728975
16.76139845408871
16.82637613683541
16.892686035396082
16.96034345444761
17.029344009864523
17.099693646488642
17.171389828298057
17.256737133650294
17.31738096343561
17.39452358232846
17.471558879912145
17.549906366570006
17.628666656459526
17.710472865995573
17.79853552286701
17.880946983331594
17.96027786301961
18.049314966942188
18.14294343510632
18.227852032701477
18.305934900398427
18.384889297334063
18.464680640084755
18.562915420994575
18.672507008264063
18.765314527932865
18.85893634398711
18.962019201353442
19.0583254620026
19.155287634151136
19.254400914313393
19.350951808463467
19.451394024992304
19.548519192874366
19.64785532370049
19.747469544916004
19.84953413015909
19.949911815789825
20.050109652393324
20.150009332143462
20.250122610100757
20.320967859998305
20.450191235092973
20.549675079928754
20.648798269234568
20.74749616791643
20.845685591380228
20.943303041150106
21.040277091511008
21.136531933366932
21.232002859517817
21.326622864275926
21.420325198890538
21.513045661401726
21.604714865363476
21.69527688677821
21.784664910229267
21.872824269978125
21.95969750683511
22.04522660353394
22.12935847430407
22.212041694427253
22.293232845561647
22.372875110598958
22.450928918309422
22.521136660718707
22.60210841710908
22.67515007339041
22.7464465404598
22.815967521366296
22.883673915874432
22.94294518858433
23.006901355185757
23.075664428822183
23.13586678144383
23.194142898647215
23.25046658675736
23.3048293958074
23.3572225734359
23.407619750044987
23.456027396356376
23.50243247566092
23.546833042657045
23.58922209620939
23.629603143054815
23.667981700263244
23.697624570743248
23.738721539064187
23.771100405821812
23.801497012952833
23.82991678883765
23.856380553205152
23.88089168955701
23.903471642546325
23.924137119078278
23.94290167023004
23.9597955854346
23.974830484299865
23.9880310598746
23.999426110236854
24.009034238894557
24.01689095984906
24.023024112353042
24.027455135773867
24.030223657618276
24.03136470870204
24.030905836082482
24.028887097983034
24.025345094576657
24.020316971964057
24.01384971076174
24.005973353403483
23.996741139342152
23.982387394746606
23.974382343494977
23.961340235325252
23.94713234163122
23.931797710494227
23.91539742765105
23.897976922988068
23.87959060902696
23.86030137391772
23.840157279660332
23.819219647114235
23.797554064320703
23.775069780912418
23.752263156827368
23.72876826460268
23.697757603378932
23.679821986193886
23.640264246451224
23.620786745108482
23.613403407647247
23.594333395967276
23.55929288460729
23.53576636166532
23.512284953857197
23.47934024816528
23.4544252909343
23.42977414488146
23.40545520205843
23.381529400186334
23.356046441078018
23.335158614029186
23.3128456449134
23.291198800325024
23.270289216384654
23.250177328812754
23.23092502493577
23.209336692537867
23.191825568723278
23.178937156031648
23.163722615653597
23.149660024981173
23.1327711958504
23.121013187593743
23.110559988364198
23.10145096146108
23.0932198929721
23.08690546173088
23.082590518230806
23.07924594561395
23.076861912398755
23.076574913861876
23.07844671401543
23.08074388373473
23.085223219492644
23.091937310522116
23.09906080011317
23.108415870379396
23.120049732467297
23.132685209030196
23.14694506060808
23.162824344618535
23.18030482235035
23.19937141572479
23.220010955698235
23.241526081421743
23.265222892421367
23.29040217676727
23.317049173777708
23.345796700133782
23.375248255895823
23.406039086822993
23.437449099662604
23.470793496052156
23.50534121631995
23.541046514898426
23.577857666412292
23.615713602300143
23.654572128977655
23.69436384706226
23.73503397955432
23.783254483610598
23.825493608379105
23.861743621340622
23.90534190270774
23.95619823098252
23.994249902242203
24.03942270801782
24.085007806091998
24.130948457318947
24.177165954595267
24.223627849397392
24.27027546951119
24.31704607121015
24.363892171854246
24.410769638141623
24.45761886164963
24.504407265668263
24.551087257926042
24.597618121788486
24.650371175756746
24.69007950105202
24.73594232691775
24.781515929566833
24.82677514149244
24.871693894899785
24.916249428234345
24.960428030762667
25.00420391836319
25.047572751981388
25.09051822650958
25.13303438745516
25.17511119989097
25.216755338533737
25.264330262649462
25.298734828902937
25.339077114682386
25.38538526993348
25.41851197753219
25.457626107111402
25.496351227902945
25.53471114826536
25.572717377293287
25.610390721018124
25.647751256883996
25.684824753822106
25.7216323869014
25.758195932412086
25.79453906146615
25.830690720544148
25.866678786690343
25.90252426178185
25.938253087790088
25.973895496750032
26.009478743402887
26.045021097897823
26.0805586713854
26.11610500281593
26.151691848302946
26.1873402337509
26.223072397265884
26.25890643614628
26.294860930447246
26.337511233758818
26.36722284005277
26.40365749851825
26.440276473672974
26.47710070901753
26.514138053142275
26.551391029358065
26.58887319510125
26.626589639950115
26.664540071899285
26.70273106126651
26.741162816639502
26.77983060701232
26.818730909120553
26.85786454138756
26.897217823722656
26.93678728451814
26.976566185794443
27.016537901121605
27.056687841745696
27.097009792461172
27.13748639685292
27.178100901946756
27.218842082068175
27.259682412939664
27.30061209825203
27.34160801253479
27.38265405458973
27.423729855351294
27.464808517998353
27.505882935867046
27.552588062446354
27.58789711218812
27.62880750436949
27.66962313036702
27.71032181353296
27.750889869569427
27.791303400649184
27.83154966239024
27.87160051273136
27.911450363716106
27.951074602252092
27.995540049354272
28.02960153777709
28.073434373748803
28.107070389768086
28.14537547632895
28.188169373531828
28.225810606509626
28.258473980480638
28.29553861669021
28.332278372624785
28.368686448639927
28.404760316182294
28.44050052467252
28.475907109844776
28.51097811011843
28.54571931905632
28.580131804469772
28.61421971314845
28.64798863515018
28.681445637741522
28.71460032045287
28.74745867387529
28.780034369796194
28.81233366197105
28.844368743941924
28.879705786410003
28.907702178866053
28.939024910855053
28.970132520271147
29.00104867458469
29.031783459772374
29.06235588315379
29.092779570170613
29.123073962078507
29.153251712104577
29.183335623124442
29.21333781743974
29.246073701303086
29.2731842911382
29.303328665370948
29.333190829434514
29.363067118169663
29.39296984738317
29.422918619160637
29.45293760629648
29.483038669630016
29.515200244048103
29.54545934138436
29.57585237760092
29.606392628609882
29.637104839132736
29.66800376689008
29.713076496226424
29.728744987939837
29.76196123944839
29.79375193032791
29.825802687083232
29.858132039268515
29.900936089860217
29.92365135935644
29.956874103577498
29.99041685020262
30.031766873851875
30.06527797392113
30.099126255561647
30.133321098664332
30.167871605389294
30.202787061713867
30.238065614666294
30.283789391054516
30.32160073129247
30.35174786623269
30.381070572265152
30.41064633500164
30.441899701362978
30.49832946203016
30.537506377062044
30.572505585749948
30.61701534858782
30.657334922237844
30.69893778668213
30.740094615989157
30.780442029039513
30.822158455869253
30.864195134498654
30.906539572475612
30.950831309864306
30.992069142646418
31.035219591902123
31.08066200512697
31.122196001696327
31.16829675571773
31.209904465295814
31.253969138651076
31.298139896330913
31.34238100751319
31.386672345237876
31.430971992175962
31.47524967830264
31.51947280530504
31.56719672087387
31.607605420807644
31.654933273937555
31.695078234402047
31.738470841464782
31.781576287078973
31.824361493919483
31.866784278882182
31.908796352725663
31.95036260953829
31.991439422283953
32.03198531838845
32.07195524609165
32.11131422595713
32.15001735455157
32.18802236382716
32.231126636438994
32.26178524173122
32.303557269066445
32.33229119898972
32.36622989874922
32.39924377218352
32.43130061564214
32.46236776712351
32.49241438077938
32.52141178290306
32.54933165445685
32.58325954857482
32.601842381302994
32.62638513753427
32.6497638754394
32.6794383877482
32.69296038040804
32.71274736260571
32.73132070050766
32.7486639345764
32.76477764999186
32.77965492924872
32.793297432970206
32.80570997245854
32.81689695513309
32.82686253518235
32.84376006733063
32.84317974631849
32.856930136090575
32.86299842466794
32.86708232860742
32.869198615476
32.863600880085414
32.86435889017127
32.871512431354994
32.86274349124467
32.86870555440025
32.857157319408614
32.85295340193362
32.84785481626483
32.84189857855919
32.83511286655346
32.8275456016738
32.81922362073457
32.8101879444504
32.80047878770452
32.79013200687418
32.78636191396206
32.76767947450879
32.75564821736591
32.74313104969389
32.73015953806149
32.71677856036635
32.703016116757084
32.688908240393
32.674488832961394
32.65978635292468
32.64482988220167
32.62965538605213
32.62084240794051
32.598738273389955
32.583050998563735
32.56723978962131
32.551325352352215
32.54158035249456
32.5192541371278
32.503130614865256
32.48696548582126
32.47077197875551
32.45455529602072
32.438321746937746
32.42208050699844
32.40582971284064
32.389576753230465
32.373315995374455
32.35704733388844
32.34076766587847
32.32447135413769
32.3081514135281
32.29179659634189
32.275402269100105
32.21236904536146
32.24245046594161
32.22586575951168
32.20919249571616
32.1980010677288
32.18049184859344
32.158510218936165
32.14134483774982
32.1240212103383
32.106522215973875
32.088836855942645
32.07094919046064
32.05284430193883
32.03451251083822
32.015943679462765
31.957378747494268
31.982462012317527
31.91979300952478
31.939073571122496
31.881101462556618
31.898989371338445
31.87852105170829
31.85776549115428
31.800289413294298
31.81541785812931
31.758188799503664
31.771977750413175
31.74987152523709
31.727530541385516
31.70495894072596
31.682181792189127
31.659220098692497
31.636092052024654
31.61647929798247
31.58944338239616
31.565983531570055
31.51099626963024
31.487817190747986
31.498886304729425
31.44151654910811
31.448624183965524
31.42913659748395
31.402381097322053
31.383242226275634
31.360690854521614
31.33486806922856
31.284508352274873
31.29484088870138
31.27074556481232
31.222362738296543
31.230553669970348
31.21485492635049
31.192905322524417
31.175159489119345
31.1582070641052
31.14210033333775
31.129989605351543
31.11260805548302
31.099315188265056
31.087056191242606
31.075878127749338
31.06581463893812
31.056909205447337
31.049195675812793
31.0427031060463
31.03746615398133
31.03350712971754
31.034323581369712
31.02950943397305
31.029501670910907
31.030830218838094
31.037278216567486
31.037527325644792
31.042884441987432
31.049565938858105
31.062189374395906
31.071109928534323
31.0773703631295
31.089131181442724
31.102073969918948
31.116151011532473
31.131315314103627
31.153163346484334
31.164652583557988
31.182687702723022
31.20154003549618
31.22686439491597
31.24791401862573
31.26887593058471
31.289580378226734
31.31130394006082
31.333249757059384
31.355301574908587
31.378134573425175
31.39922253177116
31.421664786862255
31.44288215733993
31.46352817349837
31.483458457346952
31.502545741059773
31.520614697806014
31.53751201191684
31.553082594444508
31.56716819171849
31.57960124049613
31.59022279564842
31.598863914104655
31.605361062197336
31.609554061738447
31.611272635819436
31.610353702506305
31.60664623744513
31.599979991670352
31.59020262233317
31.577160955840096
31.560702539422767
31.54067861019168
31.516952347886036
31.489393055067715
31.457853645664677
31.422217692921365
31.382362272255424
31.336730147318544
31.289560896688343
31.236402583701643
31.178624881969313
31.11613215443348
31.04885808692521
30.97673735978597
30.8997110003993
30.81772762305113
30.730761644349332
30.638767403507888
30.541736589005573
30.43966161318376
30.332537577245365
30.220371665852458
30.103197122921184
29.981035340696888
29.85392684443685
29.721922194814287
29.585085496581982
29.443481628019388
29.29719378677684
29.14630739707715
28.990919995999125
28.831139309455743
28.667079360358187
28.49886369965499
28.326619832859947
28.15049307317976
27.970618423036804
27.787156278833173
27.60026506851396
27.410103219764196
27.216846702995426
27.020670280356775
26.82174468511334
26.620268614791456
26.416417888834363
26.210388978914203
26.002369326467797
25.792561030429077
25.58115630303271
25.368355846135294
25.154357418764647
24.939360027730565
24.71323309847632
24.50716882562352
24.28063528166694
24.063932608206994
23.85633278479868
23.63948567529497
23.4230015065602
23.207064001770018
22.99186224072608
22.777567210880985
22.564352531522218
22.352393091105004
22.141846716354074
21.93287384736946
21.725627801312896
21.52026413279383
21.316916226807106
21.11572877653954
20.916826403960467
20.72033973869802
20.52598565548991
20.334704723092567
20.143184197783516
19.957790228842292
19.77533166056418
19.59832424868709
19.41959422922095
19.246464293447257
19.064303962271044
18.900020656387028
18.739078881630576
18.53167198650328
18.39646083386909
18.26477705190484
18.136189523582846
17.998311102993902
17.841083023496502
17.70928320920238
17.56780141595366
17.446961535481663
17.32118114728457
17.185140202983593
17.064857732962043
16.948195990005946
16.835145747132042
16.74590606850559
16.641481541587545
16.517471965371456
16.418659980257996
16.349068232521827
16.231471615697934
16.14302742509646
16.057964904575837
15.97624536029874
15.897812118621392
15.81858898690836
15.746909587523543
15.6818192968617
15.612144909601772
15.549354748291126
15.489556525343172
15.432679986681475
15.378674062546693
15.327470785928327
15.279008864844382
15.2376520510837
15.190041471797471
15.149401852016473
15.111232614351252
15.075463801031587
15.042023304504365
15.010842293756708
14.981842138414546
14.959668310573008
14.930098757523623
14.907207099154025
14.886194652325365
14.86646155335031
14.848994637283166
14.838483875493917
14.819494420475424
14.806770683044569
14.795478320532949
14.785542685128728
14.776884451418413
14.769432189048736
14.76311619242025
14.757862144478345
14.758269663178739
14.750257809257837
14.747257758803762
14.74607470559466
14.745099740106475
14.74427777134719
14.745077346143571
14.745399704973337
14.746725293015741
14.748485346355706
14.750629482967861
14.75311986714603
14.755894290890446
14.763812534119111
14.762170901137958
14.76560312616462
14.769183728314358
14.772882768559953
14.776686332317471
14.78056918687606
14.784507105499081
14.788503163446968
14.792534347964581
14.796604257658302
14.800707883064414
14.805317426902823
14.809025190528411
14.813256585137403
14.817553926792835
14.82192339644319
14.826397340528654
14.831448061901003
14.83571989375
14.841091484812903
14.846199415672888
14.851090226066585
14.856701785769786
14.862624768335861
14.86889018202618
14.875540669192267
14.882615334006053
14.89015347959814
14.898197490802959
14.906794476245716
14.915985146118707
14.92580342774869
14.936298183927875
14.947509603652001
14.959472262128765
14.972233726069437
14.985809789701182
15.00025582259305
15.015598397493237
15.031854401817425
15.049486195004388
15.067242605682015
15.086404825610193
15.106581118369316
15.12819354691376
15.15001383464518
15.173672510949466
15.19756708531521
15.223290801053711
15.249642450139133
15.277006181571439
15.305363617080268
15.334701837817583
15.36499050874852
15.395840653221542
15.428303297619884
15.461258085597983
15.495021631316845
15.529215780363888
15.564470919991443
15.60038351528258
15.636905013298795
15.67702087463826
15.711528745844916
15.75239813578921
15.790646613839417
15.829175544672715
15.865250675109472
15.904467099269219
15.945729120337143
15.984658055568742
16.021147338123672
16.062172738681213
16.100605448161275
16.13872816872339
16.176462375572797
16.211767062986862
16.25047622334209
16.28661406478234
16.32208412975291
16.356822537850565
16.38915225208113
16.422315583201993
16.454563519095565
16.48728035380406
16.516280317654765
16.546692791822405
16.573671708956738
16.601784913674244
16.626598061145668
16.651214419981013
16.6758266386613
16.698141793049512
16.719262095983055
16.739188504289082
16.75792064724572
16.775478118125967
16.791874665358115
16.807130589590844
16.821279767609692
16.83435682835748
16.846396966881162
16.85744821930607
16.86756480608939
16.876792591785055
16.885203114860026
16.892854120724557
16.899156033318537
16.90616297476134
16.911248883875952
16.9173340567503
16.922316019945047
16.927012930905807
16.93151264462376
16.93590842483566
16.93956128982217
16.94402909159602
16.94941269813377
16.954332995056518
16.959630313374316
16.965398832012283
16.971725645762273
16.978717944642526
16.986461989847463
16.995055049285682
17.003917908110722
17.015134366677305
17.026794526416943
17.03964441271005
17.053759080186154
17.069216385878512
17.08608016601866
17.104420565981453
17.124299130932314
17.148266819815152
17.17084829493386
17.195056666954773
17.227980353273015
17.249455130424895
17.272156856431536
17.302471562698447
17.33144771587913
17.376164577685827
17.417045225510936
17.456271193233103
17.490212301074813
17.53164749462221
17.57475196508819
17.630587158050297
17.678396487172627
17.726231629801255
17.77699699754726
17.831176197463865
17.882845417607953
17.940127894882476
17.996491321650907
18.053991623267923
18.112225710230383
18.142714201744244
18.228778509515752
18.289511103650867
18.35480987701708
18.412544219875286
18.47458444228945
18.53679676604373
18.59902826577346
18.661143473698218
18.72298411009374
18.784404787716213
18.8452369074327
18.905334204899184
18.964529520502516
19.022660217948925
19.07956060065164
19.142081194897433
19.189019195770232
19.2412418401788
19.291576287650198
19.339852153477352
19.39434431127494
19.43829822174144
19.47970893096602
19.518412878036155
19.554254139953866
19.58817759720849
19.61673774189343
19.64308486966002
19.665978014891298
19.685272789554155
19.70084586467851
19.712560595984222
19.720302928560145
19.72394927704347
19.72339587102225
19.71991957244456
19.709270072727627
19.69550560544324
19.67717043958268
19.65567161386953
19.627984839822833
19.593980018040817
19.556655420967576
19.51602931359138
19.467342471615837
19.415290031848098
19.358284232242774
19.296304467605346
19.2309901325941
19.159106003483487
19.080582445178475
18.998794300886956
18.91379028007883
18.820583207853257
18.724244902330934
18.624869079554184
18.519103820918748
18.4087275743644
18.293819898989906
18.174468729736585
18.050764043279276
17.922814147503942
17.790724208732204
17.654606911363118
17.51458264961018
17.370768914504602
17.223323990094443
17.055874160710722
16.918062678530926
16.760515566208028
16.59990097772608
16.43636755009808
16.27007764405665
16.09959705797658
15.929857272540886
15.756255183555204
15.565386642154627
15.402902639132202
15.223476102434748
15.04247840115072
14.860037075887387
14.676332884524488
14.491540478728185
14.305823672695096
14.119337505995182
13.932284218928421
13.74478942191272
13.557031026528504
13.369160784682997
13.181336108816128
12.993712100720654
12.80643819468113
12.608327089252166
12.43350560452471
12.24813191148243
12.063664337745553
11.880224994736741
11.69794945744766
11.516952289567584
11.337338787861697
11.159235971956665
10.982725663205185
10.807931535562965
10.634945445087558
10.463836314594838
10.294704550000928
10.127621376448706
9.962659399727588
9.799889598729417
9.639369742412933
9.481171564716465
9.325332310953451
9.171905157646597
9.020932242389712
8.87245166442749
8.72106106336599
8.583090466196929
8.442265681272847
8.304035044306334
8.168419604110518
8.035423975416455
7.900839071760149
7.777330720401788
7.652233681830765
7.529766867090639
7.40992204737985
7.292689667703925
7.178055722232752
7.066003677602073
6.956511517856579
6.849566233373413
6.745134882590994
6.642939195873169
6.5437136198950485
6.446661293219528
6.351791433938082
6.259512180783939
6.169756504866821
6.082080766679503
5.996654162255573
5.913435211527507
5.832220333455175
5.753299240125383
5.676456899196313
5.6017883072777765
5.527639050938957
5.456816948674368
5.387887160325868
5.321840544796654
5.255516078032001
5.191979774981758
5.130145739262685
5.069966322700802
5.011393330889418
4.9552838203309015
4.89887601995454
4.844836527518575
4.792213852746504
4.740961517503369
4.691033401347183
4.642384646160786
4.594970001848798
4.543054129544053
4.503670777310236
4.4597005516554695
4.4167958878817375
4.374916850280336
4.334602894129075
4.294651352493686
4.255055096727431
4.216907663765243
4.179607336558477
4.138347417764903
4.107426364962024
4.072488429015831
4.038283753288833
4.0047881557632135
3.9719792612058904
3.9398372404938002
3.9083431493688674
3.877480736359819
3.847719017137458
3.817596001912618
3.788550127318495
3.7600900876235976
3.7322096276607595
3.704903645373777
3.6781695112508856
3.6520065086097633
3.626415039923204
3.6018851304500408
3.576959329102982
3.549281841997805
3.5303150892539823
3.5076010187091162
3.4851250299397694
3.46415472481244
3.4428899758635834
3.4227337350499236
3.40323519757582
3.3844081997871096
3.3662678989425068
3.349288085982661
3.332102071448257
3.3161056955643393
3.300852288160972
3.286355939450788
3.2726291533117786
3.2596839114081426
3.2475316115932475
3.236181735130997
3.2256432854824353
3.2159234219479393
3.207027525836424
3.1995308028958225
3.1917209711821304
3.1859212532572516
3.1797299593059227
3.17562456501734
3.1710275082621906
3.168523224193153
3.16554786245718
3.1639857391751858
3.163186595992729
3.163131473211609
3.1646523611460915
3.165161599352773
3.167194577805767
3.1708273999467895
3.1731485594300297
3.1780364938995107
3.181391407801145
3.18739116159873
3.1926564729481055
3.198568279777812
3.2047309437865157
3.211214726293399
3.217971834205889
3.224815060561606
3.2319643217554703
3.2393813246289906
3.2467266032363242
3.254089477082048
3.261417027751016
3.268495056819578
3.275755537247765
3.282496290654701
3.2893322900322164
3.295529351326344
3.301737057205
3.3071997463406557
3.312407216325042
3.3171371547804682
3.3213481621735568
3.325195579886547
3.3280590529827325
3.33048867591448
3.3322580132203274
3.333338913402157
3.333706736471189
3.3335446910677966
3.3324251526385513
3.3303287718009016
3.3276590891232924
3.3242007715931092
3.320157379056599
3.315112909816688
3.3092773872176484
3.300588078252269
3.29505314140555
3.285042488993538
3.2761446454691368
3.266521364715477
3.2580233359376787
3.2470093016534793
3.235344787200278
3.2230603893440577
3.210189928725952
3.1950019604614655
3.1810813850797213
3.1666866541622802
3.151858621060108
3.136638962843438
3.1210708970154766
3.1068693449832834
3.0907194908894646
3.072713828208043
3.056192213909129
3.039543691512976
3.022812389479649
3.0060405533918253
2.9892715837566532
2.9725456455934953
2.9559034800408925
2.939382415657434
2.9230193841840166
2.9083654451077097
2.8909006517727467
2.8752074684391955
2.859795448491264
2.8446893460628546
2.8299119855226347
2.815481088475635
2.8029155772013734
2.7892290824559
2.775931615061715
2.7615127593576014
2.750698428284598
2.738429180900437
2.7267293133719086
2.7156000648350807
2.7029356376174714
2.6941475359459788
2.683794259958128
2.673968278433633
2.662832209800814
2.655287824610644
2.6463903541052827
2.637756297968216
2.629358639646215
2.62136373710606
2.6133561995569017
2.605498486227091
2.5977549079496085
2.590094509314554
2.582484065350623
2.5748889038464537
2.5672749945732116
2.5596076162926673
2.55185247410775
2.543973861213999
2.535944225332841
2.5277239799259106
2.519281603104668
2.5105920763528293
2.501619436387823
2.4923371055185712
2.482718253983294
2.4727367976184977
2.462368765076015
2.4515925806625436
2.4403874193188306
2.4287356435783654
2.41662044476452
2.40402737555027
2.3909449760891337
2.3773625796276043
2.3632722577137093
2.348667930881532
2.3335462131149063
2.317905198587359
2.301745496947075
2.2850689277850678
2.2678798789858483
2.250184112486994
2.231989906108773
2.2133063905500974
2.191675630423496
2.1745173721817923
2.1544382991971522
2.1339233998858496
2.1129880575366022
2.0916491467025677
2.0699300121003534
2.0478441805690624
2.0230807403495024
2.002659599528436
1.9796023600315957
1.9562635860573827
1.9304284672561907
1.9088300516500238
1.8847766419226017
1.8605340339647989
1.8361178741137476
1.8115513559959173
1.7868557565867076
1.7620535014765486
1.7371637650744547
1.712205893383981
1.6872050272432437
1.6621738013522442
1.6371334969177471
1.6120997633783938
1.5870951163402034
1.562131038526959
1.5372245989502091
1.5123920944283884
1.4876462321063322
1.4630016668899462
1.4384715547623566
1.4140678491075855
1.389802601342804
1.365686438662063
1.341729981096487
1.3179426411811355
1.2943346181150956
1.270913805207371
1.2476885802065751
1.2246667315550839
1.201854532808036
1.1792625613635257
1.1568930551408423
1.1347535865503355
1.1128507093395945
1.0911891424331295
1.0697741556074343
1.048610936240117
1.0277042758423567
1.007058611833226
0.986678256994934
0.966567272756825
0.9467298443264581
0.9271692249317579
0.9078897105350492
0.8888940210674023
0.8701856752926159
0.8517676072656168
0.8336430558019863
0.8158141159820718
0.7982836266996173
0.7810535194337785
0.7641258260500509
0.7475023104442448
0.7311844310395191
0.7151060818014473
0.6994046564991144
0.6840113019864368
0.6689261235614612
0.6542085665288444
0.6396798663463426
0.6255172766458914
0.6116601950857797
0.5976412437849054
0.5844039725082022
0.5714655139243663
0.5588230844229165
0.5469308446164426
0.5344125099694063
0.5226367610290823
0.5111415701981492
0.49992221819558613
0.48897346611241127
0.4782899753264942
0.4678658127794273
0.45805825696809965
0.44777126980301135
0.43808796759024105
0.42863841557974536
0.41941565050631896
0.41041262310539517
0.4016222553724213
0.3930372730464112
0.38491718485822946
0.3767152800853196
0.3684426979417638
0.3606075070826131
0.35294216464508743
0.34543987159657613
0.3380941092928391
0.3308985604026524
0.32384711627028145
0.31693399240479053
0.3101538292375581
0.3035014150415219
0.29697209086355664
0.29056147286187994
0.2844622151401063
0.2780809450082939
0.27200438453799974
0.26623757297112305
0.260364741458464
0.2543981876831402
0.2487310846009621
0.24316270525478537
0.23787291796342908
0.23231975562108698
0.2270449261474309
0.2218682574643505
0.2169517534537505
0.21181237858783475
0.20693521964379138
0.20230718495010475
0.19763137962901872
0.19182596819633582
0.18740567287104243
0.1841164435966381
0.17889304480922993
0.17480415169241792
0.171855626538339
0.16795613678598917
0.16322684822918732
0.16051201030250783
0.1568727182845388
0.15353918088057947
0.14944655828118697
0.14630261032731362
0.1432796283894192
0.14108470873732823
0.1348793097890562
0.13493099705992403
0.1323849476866179
0.13049007240376606
0.12815386820454583
0.12319492184001742
0.1238172072389649
0.12134540069298666
0.11990783707134745
0.11810449924511521
0.11639670642996838
0.11478008213216682
0.11324998270395945
0.11139818459602088
0.11003235518087505
0.10873692001356552
0.10750660108040651
0.10633613439438754
0.10522008374948144
0.1041531509128304
0.10351111457289133
0.10214519184009749
0.09948093461751482
0.1002704357277172
0.09937050330065242
0.09887061561508448
0.09590518530146064
0.09676528826886795
0.09591447389993685
0.09506622822256139
0.09421731368247782
0.0933647922423084
0.0925061759137176
0.09163925858040305
0.09117272328045077
0.08987378559226046
0.08897281072705014
0.08805868374184038
0.08557534506434096
0.08619019881882685
0.0852363674172657
0.08427034312675401
0.08360146723508682
0.08263636359569011
0.08162755298377196
0.0806115241986846
0.07959358829472002
0.07856627087713854
0.07728781473165645
0.07628231161722786
0.07528168307325059
0.07347456445805997
0.07256456325193034
0.07166726535245686
0.07020247807567352
0.06939898306599802
0.06862303064499424
0.06786504704786943
0.06712574480389558
0.06640571457082928
0.06570525762453701
0.06502450934611109
0.06436327675499186
0.06372122030138005
0.06309766195096732
0.06249174240361696
0.06190233243497627
0.061298023983571016
0.060767427731305765
0.06021857576859762
0.05967956379185204
0.05914828089489046
0.05862243163591603
0.05809960954881846
0.057577334583818064
0.057053044167237714
0.05652416518890038
0.05598809470762157
0.055442293583011955
0.054884253453912055
0.054311585611357585
0.05372202067378579
0.05311346422139748
0.05248401715731738
0.05183198124537144
0.05115594374326807
0.05045473142547626
0.04972750009904049
0.04897370074161254
0.0481931724573406
0.04738727587313291
0.04655283060753239
0.045694418185281895
0.04481207669765628
0.043908703523888946
0.04298234498859299
0.04203925073744399
0.04109492437674655
0.04010983986484303
0.03912971541200054
0.038143883092510544
0.03715605070119916
0.03617011666917496
0.035190115060611045
0.03422017663987457
0.03326448098587334
0.03232719378095776
0.03141245480554995
0.03052426698910449
0.02966121116408801
0.028134281213947957
0.02712107737218142
0.027301804725400915
0.026597688262007584
0.024728867323018593
0.023834812487858324
0.023125109499845635
0.022443703468478723
0.02183512196539819
0.021279511260544847
0.0207769639703339
0.02032679243738347
0.019927573659682386
0.01957705365014454
0.01927213607843221
0.01900890733535134
0.01878258218683681
0.018587533631137135
0.018417301901161583
0.01826458107917895
0.018121268595968555
0.01797854990758069
0.017826852681839853
0.01765593729678943
0.017455008050618503
0.01721272576125587
0.016948010961566277
0.016556605143903124
0.016118255891525074
0.015589640484287267
0.014958204125969711
0.014211386502957737
0.013336875310965585
0.01232259452878692
0.01115696349323128
0.009840231673383902
0.008723267373557093
0.0071551657229141944
0.0049461663781009925
0.0028272636670121517
0.00037588216992424684
-0.0022699488198442076
-0.005110502221897245
-0.008144427781394702
-0.01136874809958438
-0.014773703155283131
-0.017773054737387436
-0.02212760392170861
-0.026047876073547225
-0.0301164432552442
-0.03431919530222953
-0.038640089816289164
-0.043061229612654475
-0.0475627763096586
-0.052123112683962504
-0.056718790486649275
-0.06189330912062101
-0.06747229093690184
-0.07147307676787229
-0.07747802985421418
-0.08241286593440234
-0.08725944880591423
-0.09198385350495916
-0.0965510266030047
-0.10157836760954495
-0.10506860401588429
-0.10894455917758494
-0.11251489648182743
-0.1157414372726319
-0.11858605886006834
-0.12101090895005845
-0.12434167910567269
-0.12592929700030506
-0.12698910038499608
-0.12767806463223647
-0.12738667356126768
-0.1266589281844422
-0.12527290367085359
-0.12344494534959714
-0.12041703587870385
-0.11689893177327626
-0.11290749340834028
-0.10758242677612714
-0.10175326864019152
-0.09512843945494304
-0.08770110344172746
-0.07946803504772176
-0.07042977001397968
-0.060590835625234214
-0.0499596056291904
-0.038906403365155794
-0.026735858591413923
-0.013821461923027214
-0.00018783609650989408
0.014095271606151642
0.02907749446562327
0.04468121586895347
0.06086609210644424
0.07758807619593089
0.09479963161751848
0.112449869666638
0.1304847923190636
0.1488473114402376
0.16747788429280644
0.18631439044715953
0.20529248585180776
0.22434610474721073
0.2434074770136557
0.2624076542969006
0.2812766753359682
0.29994414126513325
0.3183392579065651
0.3363913564993907
0.3540302982234252
0.3712641692848739
0.38991686162332195
0.4050867631591445
0.4178238128753608
0.43149581035657586
0.44378478956622847
0.45927662967062644
0.47095683810411243
0.4816700835882449
0.4913706471951475
0.501971220787321
0.5100297132443783
0.5167694358999094
0.5223209660904943
0.5266873145208598
0.5298483157450445
0.5313639213875752
0.5320476167409773
0.5314974248513018
0.529713932965955
0.52670288122931
0.5224750852978112
0.5170466618239922
0.5104386479695364
0.5026770642154667
0.4943376503319322
0.4843757978186122
0.47336470433263766
0.4613485263805068
0.4483754110520065
0.43456132948906495
0.41983436368883603
0.4043158286561912
0.3880677533681313
0.37115449485636776
0.35364248110272817
0.33559990260693684
0.31709695135613913
0.29820452457204494
0.2789947880219486
0.2595402049665918
0.23991326099911217
0.22018645525075786
0.2004314828888888
0.18071909406571723
0.16111897724071317
0.14169904102026898
0.12252516007357189
0.1036611910489374
0.08516828654916801
0.06710501225989657
0.049526703697546984
0.03248549508795518
0.016030028201431696
0.00020531197415842896
-0.01508404532174914
-0.029497244951495187
-0.04309284812014453
-0.05809669009136239
-0.06953271549415849
-0.07855236057947637
-0.08704085759638457
-0.09901457203316527
-0.10757457910038405
-0.11528958389727655
-0.12327155530355216
-0.12948025355900458
-0.13484900788185067
-0.13939014075624098
-0.1433376420011294
-0.14605643932009735
-0.14847251938725753
-0.1498812259462728
-0.1506245848651919
-0.15065406760325892
-0.1500291647951622
-0.14878408450973174
-0.14695578914403912
-0.1445819912243738
-0.14170298936400902
-0.1383580638246351
-0.13458849746603907
-0.13012570906678528
-0.12594124083049144
-0.1211465449518695
-0.11609269538097014
-0.1105290478888405
-0.1053692960768146
-0.0997789001079873
-0.09408603152520514
-0.08832734357990607
-0.08253745493723759
-0.07674959097175486
-0.07099491364064482
-0.06530272738030173
-0.05970026616714864
-0.054212630542109994
-0.048862757049958995
-0.043671339347205504
-0.03865670598935426
-0.03383495565029291
-0.029219928832051684
-0.024823068502965027
-0.02054504637323676
-0.016718796227621888
-0.013023390280972841
-0.00957030241670883
-0.006360454464954838
-0.003392850626686571
-0.0006647450483826369
0.001828243546660746
0.004092035653484979
0.006133969024892413
0.007962584693510473
0.009587569813507894
0.011019595201763223
0.012270146415300411
0.01335141696324781
0.014276910549668028
0.01532601341168765
0.01608649100656226
0.016558103292580256
0.016966824769657666
0.017323368257845098
0.01763804479577819
0.017920667519391014
0.01814000909579639
0.018426205466820684
0.018292862614005916
0.0180040213174014
0.018081672598926294
0.01816153743357401
0.018251362706780308
0.018175750442968833
0.018487475998318806
0.018418327178926795
0.018834291378942304
0.01878915857740811
0.019030966354613578
0.01931306565118112
0.019636399713994026
0.02000115590347086
0.02040672205760581
0.02085185090335543
0.021334609399373247
0.021802161787830312
0.022402635319974697
0.022981441703334212
0.02358515573621398
0.024209641365559087
0.024850564781909598
0.02544899241156018
0.026163507336405198
0.027258537334563925
0.02791564965842761
0.02856493698910497
0.029202164985691316
0.0298233120516542
0.030424651788714237
0.031002731189362413
0.03155448358935975
0.03166016844238861
0.03216417346907773
0.03263531066082172
0.033450064595326866
0.03383782166977222
0.033841781508789415
0.03416605730996456
0.034783834144827344
0.03502783600252698
0.03493574913885304
0.03541514119101476
0.035561854676158244
0.03540876296970212
0.0357724710789131
0.035841590838007295
0.03589044758138956
0.03592214109991523
0.035939940772947834
0.035947161360759705
0.03571778241428134
0.03573860814876954
0.03573488164088806
0.03593707041827835
0.03571057137982327
0.0357473297595648
0.035769260204378484
0.03580454351613427
0.03583139369346445
0.03589689507894374
0.035984480047376685
0.0360929315545901
0.036223329910288135
0.03637643563825366
0.036552713247116606
0.03675224821218849
0.03700624332430843
0.0372197925926002
0.03748638188552114
0.03777339540527349
0.038082732774140496
0.03840595276411138
0.03874448850443366
0.039092563856496426
0.03945506488562218
0.03986298737878259
0.04024034048965926
0.04062093686407666
0.04100213379980151
0.041381298327827595
0.04175583751273985
0.04208678964053003
0.0424398589556617
0.042785037084717883
0.04311626853869036
0.04347477696519118
0.04372898418751628
0.04400736901939199
0.04426538661860919
0.04450211292295484
0.044716905421951586
0.044909431906456534
0.04507960600839385
0.045280163137071665
0.04535436916799407
0.04546036259514958
0.04554686510910215
0.0456152792290644
0.0456673198089754
0.045704856601027646
0.04573005128771987
0.04574520496669621
0.045752824849137605
0.04575548247194561
0.04575592954917503
0.04575698546066402
0.04576145146256812
0.04577219403420286
0.045791994348760565
0.04582364904384717
0.04586980983188418
0.045933034080044566
0.04601570230625782
0.04612005122039034
0.04624807901143932
0.046401552550516756
0.04658202379148796
0.04679078770222822
0.04702880279983741
0.04729675936224417
0.047595048311189825
0.04792376345080417
0.04828267740801169
0.04867126673800147
0.04910380869084385
0.049533965962263324
0.05000523620565362
0.0505012937319808
0.0510200694109541
0.05155956953755669
0.05211714124488737
0.0526902259148145
0.05327650558874584
0.05387301191719042
0.054476849303345856
0.05508505193991732
0.05569468671854999
0.05630273706145958
0.05690631300947617
0.05750253752197987
0.05808861778285884
0.05866196487632924
0.05922001774705765
0.05976059689837074
0.060281493031491246
0.060780949845350735
0.06125731375352283
0.06170923815690986
0.062135712024424306
0.06253595895761577
0.06290951620401644
0.0632562308094902
0.06357628379351568
0.06387006778769352
0.0641384194293491
0.06438236797921923
0.0646032555473767
0.06480272051319222
0.06498258814370496
0.06514499688686078
0.06529225865929542
0.06542681615051264
0.06555139256778489
0.06566877768334589
0.06578190203325311
0.06589377709786581
0.06600735047531055
0.06612581546206345
0.06625216818659131
0.06638950711699212
0.0665406705518441
0.0667086395500032
0.06689612712487297
0.06710580099194718
0.06734036479740327
0.06760105082246418
0.06789101004478028
0.06821169842562669
0.06856468709715896
0.06895176896337074
0.06937280066574635
0.0698298221364903
0.07032307608940248
0.07085270492388411
0.07141893283407541
0.07202139129799837
0.07265974623909884
0.0733337037648118
0.07404149202169125
0.07478197881985645
0.0755547523702517
0.07635833272670828
0.07718977993831905
0.078049090004462
0.07893267070687729
0.0798399620182241
0.0807689953440394
0.08171637119308914
0.08268145471659594
0.08366228325380617
0.08465549302026065
0.08566073983234476
0.08667572613148969
0.08769883754184526
0.08872845252243204
0.08976333502083576
0.0908023037104998
0.0918442950179437
0.09288843207603233
0.09399116875475505
0.09498126520277625
0.09602933793432011
0.09707908255041964
0.0981290252549676
0.09924174485416482
0.1002360185514421
0.1012941629249168
0.10235663834531279
0.10342482731571562
0.1045001154560372
0.10558398472733443
0.10667828807446053
0.10844840439133271
0.10890502536177436
0.11004135843769512
0.11119580252033126
0.11237027060734653
0.11356680083629421
0.11478764094725799
0.11603458144889356
0.11804877310990383
0.11861467929623638
0.11995162276995044
0.12132190813286192
0.12272733257987307
0.1241690232706513
0.1256485318553294
0.12716660618405995
0.1287244202833036
0.13032258582140527
0.13196169263184648
0.1336420194223953
0.13536394188700335
0.1371271100120058
0.138931610193737
0.14077790279795221
0.1426627771072162
0.14458822743691724
0.14655353442485358
0.1485550394483942
0.1505942050951114
0.15266925962291036
0.15574553863923934
0.15692184949194643
0.15919674380105112
0.16130267827738964
0.16363971570255115
0.16580095734368855
0.16809113387780422
0.17040696025971946
0.17285363318745922
0.17511135591681926
0.17749804206387956
0.17990640340765346
0.18233611488015067
0.18478627661383873
0.1872568143003312
0.18974734382299685
0.1922590100040222
0.1947884687657951
0.19733921942602603
0.19991053625563826
0.2025030938595384
0.2051174503005625
0.20775446392763677
0.21041501330237417
0.21310009560891383
0.21581081937482932
0.2185483531676503
0.22131408274142306
0.22410886378769201
0.22693441967979727
0.22979195697122023
0.23268264072720188
0.23560757367280588
0.23856842174174764
0.24156587610477914
0.24460094056215287
0.24767500640144033
0.25078829389780727
0.2539419090261303
0.2571362429217925
0.260371663932367
0.26364856357695354
0.2669667300652122
0.2703262003487923
0.2737265725031495
0.27716919447138805
0.28064893949066533
0.2841691893542696
0.2892656902210064
0.29132428412490535
0.29495653051367643
0.29862390268812256
0.3023248554737971
0.30605805030948563
0.30982212915071655
0.31361514420652936
0.3174359661598509
0.3212846442984567
0.32515481148715125
0.32904952758515005
0.3329661581122112
0.33690331749115066
0.34085981417316374
0.3448341230071375
0.34882575756076506
0.3528338439726193
0.35685732701965
0.36089572951572896
0.36494892870872153
0.3690167737718667
0.37309865333142644
0.377195268190764
0.38130667530403495
0.3854333102139497
0.3895757572654252
0.3937346067277856
0.39985295800590315
0.4021052925965801
0.4063205316379951
0.4105541331861574
0.4148070508764498
0.41908376624217486
0.42338378909228275
0.4277080491613292
0.43205702365546234
0.43643157842428326
0.44083415043788
0.44525914011745343
0.4518453286949212
0.4541932727451705
0.45869960582175984
0.4632311135391869
0.46778721296356723
0.47236632642352877
0.4769669510962098
0.4815863320270054
0.4884851203171265
0.49087281820927564
0.4955331649863648
0.5002001507372866
0.5048692908359277
0.5095366334519958
0.514196461159073
0.5188435973840055
0.5234719712021176
0.5280757101638534
0.532648094834542
0.5371822599245512
0.5416711736083313
0.5461069013568954
0.5504819558039681
0.554788342870856
0.5590178859390333
0.5656864566613065
0.5672142446146818
0.5711643927582827
0.5750042607377512
0.5787260584231381
0.5823213863247979
0.5857825365027826
0.5891009889200325
0.5922693733090579
0.5952802671618976
0.5981263270736603
0.6034650239248189
0.603298963936413
0.60561285239608
0.6077377687311979
0.6096689738003068
0.6114038813913932
0.6129313744526359
0.6142559724775877
0.6153719835589594
0.6162770370854882
0.6169701032984705
0.6174500079353932
0.6177165242912572
0.6177699589415863
0.6176106772583025
0.617240327851139
0.6166614350281435
0.6158792193199136
0.6148883604932166
0.6137012367404397
0.6123191558203132
0.6107471806512599
0.608989825706789
0.6070538026189298
0.6049443162264028
0.6054875435554998
0.603051476477317
0.5976422645522119
0.5949070477622765
0.5920341443748919
0.5890306763124993
0.5859050638675909
0.5826644320833516
0.579317434704576
0.5786758918502082
0.5723361424378721
0.568718249341108
0.5650263418392314
0.5612676352040142
0.5574509943143312
0.5535831164922851
0.5496721818239866
0.5457256585427063
0.541750064562518
0.5377523745383592
0.5337398521499702
0.5297188426677264
0.5256950119585739
0.5216750980782924
0.5176640564909226
0.5136678399862696
0.5096918013075507
0.5057401830907042
0.5018186085783998
0.49793080662469696
0.49408118091845377
0.4902736202201745
0.48651231792558636
0.48280064679051815
0.4791420025094121
0.4755398235281266
0.4719966421957513
0.46851576114135696
0.46509978407981645
0.4617511778225912
0.4584731005626168
0.455267864967762
0.4521375065019604
0.44908449089632735
0.4461110323056584
0.4432196814676884
0.4404125715923148
0.4376921462775267
0.4350601048228297
0.43252128775823495
0.430070948332087
0.42771878255068274
0.4254642878892134
0.423309886776317
0.4212583609301182
0.41931214818716916
0.4174737263173902
0.41574585948454323
0.4141334848920173
0.41263279948936177
0.4112529443139568
0.409995477691769
0.4088628290801617
0.40785847567807565
0.4069855289119364
0.40624720093446015
0.405647399671544
0.4051896696671945
0.40487702497098454
0.4047139947883983
0.40470369412624596
0.4048506102269283
0.4051607949404017
0.4056321281300635
0.4062768693600445
0.4070935060868929
0.4080863962640173
0.4092664628731234
0.4108392385638511
0.41239583871407015
0.4141497390663791
0.4161059284695018
0.41826957788609276
0.4206459347286099
0.4232403351181214
0.4260583127489357
0.42890905176692584
0.43219244239922217
0.4359099930728246
0.4394853041861502
0.4437014061719624
0.4479823703792082
0.45252858814093466
0.4573464863058879
0.46225768961810787
0.4676381932426433
0.4733121270162689
0.4794666385884526
0.48574271642672406
0.49233100545988734
0.4992386164589647
0.5064726140170339
0.5140400744765978
0.5217768821665412
0.5302041359448935
0.5388149546313746
0.5476194722971255
0.5571297503949808
0.5668476164017382
0.5769483069966719
0.5874384898282738
0.5983246495781689
0.6096130755370551
0.6227063334523969
0.633420737358641
0.6459511598325016
0.6602585543179406
0.672290662368557
0.6861087173482476
0.7016713525279514
0.7150599689687818
0.7301992038658891
0.74578365601084
0.7616758687888788
0.7795230878521824
0.7950815132427322
0.8125898015211905
0.8315884863863946
0.8498299550111483
0.8685092594430412
0.8876217686587483
0.9060437997321941
0.9271228295844889
0.9474967423892955
0.967205670988308
0.9883937681926157
1.0109997880178156
1.031904978584155
1.0552032915279788
1.0778236685326972
1.1007687385394955
1.1240207388802108
1.147560578416564
1.1703501185983989
1.1954232310931312
1.218719367984894
1.244179455058956
1.2688325527215385
1.2936347505971084
1.3185582732281942
1.3435756475434766
1.3686566136070113
1.3937715553526953
1.4188893095611312
1.443245237920544
1.4690051915892994
1.4939380241663371
1.5179792362013527
1.5433852176194376
1.567831415958728
1.5920467452864084
1.6152974590529603
1.6396470777468108
1.6629635805045169
1.685911975135105
1.7078170754346185
1.7299430194851564
1.7522187809592984
1.772762085988616
1.793987747363104
1.8134664880272782
1.8335281261584984
1.8523930706107603
1.870620521539951
1.8881866768837976
1.9050692360274317
1.9207633542657967
1.9367056637130025
1.9514248059490698
1.9653910479513532
1.9785935026002093
1.9910205500076545
2.002665873945206
2.0135233299431654
2.023058750921974
2.032330871384259
2.0413515464619127
2.049052040663765
2.055422089788944
2.0615661644193164
2.0670079313447833
2.072165161065885
2.0760827482152493
2.079288741535134
2.0818030927962288
2.0836475879780325
2.084272512913679
2.0848382700862853
2.0854129723096113
2.084836388464701
2.0837268095457855
2.081467075103478
2.0800379072771897
2.0768410296114097
2.073832229106854
2.071336392762029
2.066991637395042
2.0630762184724434
2.0596850507624977
2.055314909007903
2.049940307363224
2.0460631114558785
2.0403877882615586
2.035380700354653
2.0314374073846997
2.0264994857806737
2.0215844035081747
2.0167235122967146
2.011945602823288
2.007279631719718
2.002752034022459
1.9983884663398654
1.9942123644288638
1.9902459422174517
1.9865101877006073
1.9830239517495394
1.9784853134316283
1.975522974672367
1.9729969849658395
1.9705048359626036
1.968475201557088
1.9669277720696725
1.9655811243341923
1.9644376463990536
1.963810196989596
1.9635546861402917
1.963684257741486
1.9643715662438606
1.9653021111477886
1.9664778457484813
1.9684233702502651
1.970641585453388
1.9733199176152527
1.9764772865883657
1.9801355837667989
1.9843200874890377
1.989059156189215
1.9943861666062932
2.00013755113681
2.006749302118158
2.0140760878123722
2.0221686661461837
2.0310843046660296
2.0408884364512176
2.0516511187105824
2.0634504787190684
2.0763698901364513
2.0905010622246976
2.1059434590814226
2.122801999493686
2.1411911247953115
2.161233477355695
2.1830506625071147
2.2067854704915857
2.2352736877718247
2.2605776587649666
2.2909417592127213
2.323831432665802
2.359416574281412
2.397871016351592
2.4393721932081345
2.484104015931103
2.532252975017906
2.5840082073331536
2.6395609051821505
2.6991068129560265
2.7659691117586016
2.83092942450879
2.9035940163246696
2.9810111784764515
3.0665517839828875
3.1508277333110812
3.246760910982592
3.3417768720304917
3.4455807292796243
3.5551341895464628
3.6705726584958733
3.7920164198057664
3.9195748847574685
4.053340867863065
4.193391423405749
4.339786435363018
4.492567592594854
4.651758243359967
4.817360209797322
4.989354942539083
5.167701871348071
5.352338045419669
5.543178978607336
5.740306222862522
5.943000772111604
6.151690444834265
6.366148454506584
6.5857177721450135
6.811740581163592
7.041371181926049
7.274899243738149
7.514237259919562
7.756845179651013
8.003019816017503
8.252795640544193
8.505494436028677
8.760699530562237
9.017986551847413
9.275861793722058
9.53703628839629
9.79787513952257
10.058784700411291
10.319811871591725
10.579927651416885
10.838811855367409
11.095963214413883
11.350879554803297
11.603070072231864
11.85202239685676
12.097255712898267
12.338277281548265
12.574630210440082
12.805835488924801
13.031459943149297
13.251063921161741
13.464232024452642
13.665463205088528
13.869749605346103
14.061368657143142
14.245131937696069
14.420737523035323
14.58792108676772
14.746441632298625
14.896100157029355
15.036706490167624
15.168128065936578
15.290242919214771
15.402976113113773
15.50627123808375
15.600120226790317
15.684536914700013
15.75956762888151
15.825298050549293
15.881830465318206
15.92931121103969
15.967906861907448
15.99781816387636
16.019265815769792
16.032494384328622
16.037780237101046
16.03541550625784
16.025712093756685
16.00900217966569
15.985629086124826
15.955460381471815
15.920362635881613
15.878757613433587
15.832926460806044
15.781874582993185
15.722471741950908
15.663309858946445
15.600601753534194
15.537783600138107
15.46929099434151
15.398088665629563
15.324892248404103
15.250075483410473
15.173995898621717
15.094883640010398
15.019420004015165
14.939870469733634
14.863760818149167
14.78496175394253
14.709356052141876
14.624991884908614
14.551638735771002
14.484429245056475
14.408768499308936
14.339601725666087
14.268877807203948
14.205524350747309
14.140755919900025
14.077549252783946
14.016763423430222
13.95818669943361
13.901854152382716
13.847781530830392
13.795965959880016
13.74640133670683
13.699057792005284
13.65389287308819
13.610853338052882
13.569881733114027
13.530901589010906
13.493836590649183
13.458593634232724
13.425084847792128
13.393206764192131
13.36286005029163
13.333941782716881
13.306340203350322
13.279953138983347
13.254674378852098
13.230394483955653
13.207011848484292
13.184427994908763
13.162544895430067
13.14126740759098
13.120508674993678
13.100185191772038
13.080216953989355
13.060535662126892
13.041072494161277
13.02176584186061
13.002569137914548
12.983428093302036
12.964302114552922
12.945155426307249
12.925961449418015
12.906694473979226
12.887343911066829
12.867886055520499
12.8483210322556
12.830858031933243
12.80885124154942
12.788954131859773
12.76895759524251
12.748872691406646
12.728711264738353
12.708491431937396
12.688230097225546
12.669994747355549
12.647657857412517
12.62738171248462
12.607137344542025
12.586949639337659
12.566828910038994
12.546798947620895
12.526871854257383
12.507063048175677
12.487559461093836
12.468017916476573
12.448628138781633
12.429396803195523
12.4116769385307
12.392717432637331
12.37392659518528
12.353962000945794
12.336817994647191
12.318494675505455
12.300307604547392
12.281268948294947
12.264319530477684
12.24648672983089
12.228747086653327
12.211080466783503
12.193469267250391
12.175889354678006
12.158324966983045
12.140209071229254
12.123177079603675
12.109583660213344
12.087847334230252
12.073269164824806
12.054984228404265
12.036598520771243
12.018085832181269
11.999434579450506
11.986937470404731
11.966632145506113
11.942507966840203
11.92798765514769
11.906877192838783
11.885360542002427
11.86386736116711
11.842408205832042
11.820969881567466
11.799564888266056
11.77818780927539
11.756841700129172
11.73553503303755
11.71426308577492
11.693035719469336
11.671852934160519
11.650719313166396
11.629638328772028
11.608620675438218
11.587668158791045
11.566280198214642
11.541789780726658
11.519793619450176
11.497773770502706
11.475743723292679
11.453710588275927
11.42009010634008
11.392970906646864
11.372484017996246
11.3486098958426
11.324716698000614
11.300819560291238
11.271724888964505
11.24664863036105
11.22225580356104
11.198738027582019
11.181722175410439
11.149369947481805
11.125230616451605
11.111114828630944
11.078431592896344
11.064615537350821
11.029803752348569
11.007673720108224
10.984399252667936
10.961297924934572
10.938383378825709
10.915660409265113
10.891595925727975
10.869226750352635
10.847069552650701
10.825146223681244
10.803453110851985
10.783837362847018
10.76268058018839
10.739827122221621
10.719121091825984
10.700740231094324
10.678260611588644
10.658587685649838
10.638949658777838
10.619591931537155
10.600511685115578
10.581720430652469
10.562944267556947
10.544734967022391
10.527099247909385
10.509491997793752
10.492190343225625
10.477817352983196
10.461186309412202
10.442183583720904
10.426165599107938
10.410174606500156
10.39794127045238
10.38298658993148
10.36552313976113
10.350936975089875
10.337370158137727
10.323863068948098
10.31041914648237
10.297704877611881
10.288769169424674
10.273529033804936
10.265512777160986
10.251106129880945
10.240575198067074
10.230526518245798
10.220952642336542
10.211886447019399
10.203325526280898
10.227435559936312
10.19139079338335
10.18447051392705
10.174487686460457
10.168692871293542
10.163490759089237
10.158891229720108
10.158583591293917
10.151560510304353
10.148852723222065
10.146792670193669
10.145395632696845
10.148387400816006
10.144624554665237
10.145264986629952
10.146601721971267
10.148637886034965
10.151381152893398
10.158552173986198
10.158978637002791
10.163844705310305
10.169413973645709
10.175691472021748
10.18266543585977
10.190336730012756
10.198695660083072
10.211404158158148
10.217433362999998
10.231430721453627
10.238772934614019
10.253996424246521
10.262595528667129
10.275387543910947
10.288735160620474
10.30297350957401
10.31700467878977
10.332222701178475
10.347185417734279
10.36291487285263
10.379027863649917
10.395484444465623
10.412250525370748
10.429292714110922
10.44656222849766
10.464353439381659
10.481960123089829
10.499355646732198
10.517139423798195
10.535251707543155
10.553024136076266
10.570424682646767
10.588017460769189
10.605737305475667
10.622959394962404
10.639932364913648
10.656616193177358
10.672688670525472
10.68894486683641
10.704508578931241
10.719624172584192
10.734257800381133
10.748370066195875
10.764211950362736
10.777178369386956
10.789552780153203
10.801304785294095
10.81243305027925
10.822911901051096
10.832738005251615
10.839783801278994
10.850420762556313
10.858284305972308
10.865505296485257
10.872101594795252
10.878100306826054
10.883516466342822
10.886278314968438
10.89275732635567
10.896667802918833
10.90016103713991
10.903301861491052
10.903936831460646
10.908769685003397
10.911237397103035
10.913636524471
10.916041226347375
10.91855900318745
10.921271781905412
10.924289188268158
10.927713024764172
10.929026217977967
10.933541699347943
10.938809832823994
10.944637742418154
10.952110677136718
10.96040288996235
10.97304471441677
10.980938771912381
10.993459972486017
11.00766963693721
11.023715579216214
11.041337568752333
11.061465476901121
11.083857686878503
11.108666287136725
11.136021651438403
11.166074502176297
11.198965008769306
11.23483619301895
11.27382375630166
11.316063370619124
11.361692471866915
11.410840476058446
11.46363387957063
11.5202042200173
11.580665365260295
11.645144924446672
11.713755378866827
11.786612133889053
11.863822670829473
11.94549905475746
12.031738410822907
12.122651354985738
12.218333058021091
12.318878025586843
12.424388806413532
12.534959524041438
12.650673452143586
12.771632369652059
12.89792513239074
13.0296485521822
13.166888820882924
13.30974391577685
13.458311596799975
13.612684441994084
13.772968919521675
13.939258627329203
14.111668940610967
14.290306229232863
14.475281321765767
14.6667202426749
14.864737113179789
15.069464591117603
15.281027547103204
15.49956754462995
15.72522752297089
15.958147470964805
16.198481997851406
16.446377731483665
16.70199711399051
16.96549497582687
17.237033471974932
17.516771635077255
17.812053374736454
18.101507601256817
18.406817605891202
18.720967385707688
19.044104628654416
19.376372814353868
19.717906263478707
20.068826981180067
20.42925062161948
20.799274266792118
21.178977997269232
21.5684331705992
21.96767707803374
22.376726190381348
22.795586954728844
23.224216589811476
23.66256585888006
24.110528006380452
24.567983241081336
25.034768721624317
25.510677352829596
25.99547231632009
26.4888629647858
26.990517972452068
27.500066044091405
28.01708347378354
28.54109286001805
29.071577129303698
29.607959896167035
30.149952849308132
30.681371921511328
31.19211065887119
31.799060645476708
32.35464836873243
32.88915288914162
33.46561365919204
34.02166432331196
34.57611023064349
35.12788496159487
35.675860020542935
36.21888740905235
36.76242419920299
37.2926474779872
37.81425245196966
38.325965725856626
38.826470038412324
39.3144482298692
39.78856474649244
40.2354983493579
40.68980145758003
41.11423565980522
41.51942724806284
41.90404743776874
42.266790384188475
42.60637993719392
42.9235416782098
43.21322182145521
43.47609479422645
43.71105344973059
43.917034220416376
44.09302634913696
44.23807939807124
44.35133142767505
44.43197258875342
44.47929230511949
44.492646484951834
44.471489906821
44.41537653408878
44.32393389342409
44.19690279534717
44.034124192641826
43.835535748291996
43.60119020083334
43.331225466170636
43.025904455181376
42.68558575167714
42.310743253849175
41.90194073910956
41.45984738847789
40.98525888626702
40.47903318653471
39.942139646577445
39.37563878780644
38.780691908452866
38.15852067103048
37.51043863969168
36.83783511739169
36.14216669533515
35.42493895609596
34.68773425675189
33.932171610091764
33.15990834522058
32.37265758244776
31.572113124884737
30.76012690217157
29.93835737506013
29.108624819644696
28.26942443024573
27.432305296099088
26.589278025722763
25.74533648155999
24.902129400723506
24.06135575691341
23.224645110720296
22.393583738007113
21.569703034050516
20.754467929643397
19.949308420712825
19.155542953612084
18.374455690281106
17.6072484808051
16.8550337137728
16.11884918352356
15.3799699147668
14.698299597982306
14.0155862973979
13.352198429609292
12.708743949164282
12.085737524324923
11.48361240943698
10.902713157887867
10.343299245129192
9.805540515687486
9.289534404488322
8.795299915835763
8.322772563673073
7.862311332892225
7.442245817741618
7.033780234796441
6.646097695929901
6.278814704505699
5.9314941443147395
5.603654093064538
5.294764868110043
5.004262183916074
4.731544725331964
4.475982770054069
4.236922049746321
4.013687964625277
3.8055903892745766
3.611927483090748
3.4319895278589017
3.2650651903147474
3.110442575181419
2.9674144781198306
2.8352815978935566
2.713356160713596
2.6009633176136253
2.497445644368192
2.4021639836698245
2.314500358771859
2.233862951058819
2.159601083191374
2.0913369759816356
2.027898709314563
1.9705009848050457
1.9170348486134026
1.867039435155162
1.821176675709804
1.7785486511214417
1.7388111162194044
1.7016486617067519
1.6667729938510296
1.6309528933374489
1.5999316696661658
1.5737395846087168
1.5452807377875657
1.518408438247429
1.4929430961270223
1.4677700273271495
1.4437692407135165
1.4208971857638686
1.3983256048966464
1.3759792971356026
1.3545736155192825
1.3340806433967685
1.3132883089401932
1.2933538275329217
1.2738676103831672
1.2552220889551748
1.2366056652715929
1.2184181454155911
1.200658528929208
1.1829250596233456
1.166030622488578
1.1499371654392025
1.1339609289234316
1.1183879838600952
1.103260320690858
1.0885789868813043
1.0743422780629988
1.0601530952111144
1.0471905063604885
1.0338715883918388
1.0213676324584369
1.0092750952163463
0.9975816698397807
0.9866654401972546
0.9757282338093163
0.9651447722998054
0.9548972640067965
0.944966887470325
0.9353344367565812
0.9259799268562188
0.9164731486590398
0.9076091600009212
0.8989616660208635
0.8905111510053383
0.882238163515704
0.8741236001832359
0.8661493271161481
0.8582976048161267
0.8505521080350179
0.8428970388117181
0.8353176143845366
0.8277996596986295
0.8203309630313732
0.8128989167913848
0.805493228445422
0.7981032189027452
0.7912126807764086
0.7833337658814051
0.7759379052972084
0.7685246768767522
0.7616208130655461
0.7487832291569382
0.7461151454854312
0.739131622210132
0.7258886023806869
0.7233305050275812
0.7103893903087654
0.707864698897965
0.7000352361921846
0.692135759426994
0.6841621241362933
0.6761107410951902
0.6679778231739857
0.6597602155279467
0.6521584684505832
0.64369359393896
0.6345715942966463
0.6266245056577678
0.617946500959401
0.6091721369019764
0.6003017577503338
0.5914065781704767
0.581661529956642
0.5731992703645596
0.5639646140133969
0.5546487793274589
0.5452577785119261
0.5357986051033725
0.5262793744916109
0.5167091970643249
0.5070981279378404
0.4968850330572824
0.4877990717839152
0.4781358974678545
0.4684816804183851
0.4588507032034109
0.4492579769853719
0.4397187450819396
0.43024891959113165
0.4208642600631852
0.41158079336789416
0.40241436638586964
0.3930444572256998
0.3844948393205311
0.37577168630410435
0.367225328545633
0.35886888211929724
0.35049186762165435
0.34257267134488306
0.3348765253954671
0.3275728495685164
0.3201872314440352
0.3122250955278534
0.3064779471260415
0.3000900564347147
0.29385281397759766
0.2878135542107541
0.28214539615698714
0.27667147173527834
0.26993642850939775
0.2656992133387762
0.26172533743131543
0.25790643323160367
0.25304942619945225
0.24902325912005
0.24495737195720507
0.2412650077382197
0.23771527878294388
0.2343995445770946
0.23120257192935903
0.23020570491972153
0.2252201176875618
0.2224107138901992
0.2196617849036699
0.21709797758955554
0.21457293983072476
0.21212198467206433
0.20973577494790363
0.2074057745809132
0.20512435814240468
0.20288462917054914
0.20068062087953759
0.19846562580037125
0.19636038586675472
0.1941963667860916
0.19213365073101013
0.1900496361184309
0.1883291743242089
0.18627834925836087
0.18386346890300664
0.18189548688318055
0.1799056195123687
0.17827765634870948
0.17633570152431938
0.17442107678700092
0.1725361057499178
0.17068300939952724
0.17043433683793957
0.16669061272076946
0.1653373865768701
0.16363320905886294
0.16197046253113634
0.16035034530515713
0.1587735378871835
0.15724040892386099
0.15575089707660905
0.15430459656980133
0.15290071285953993
0.15153797491230891
0.1502148459525533
0.14892945857312906
0.14733150206380435
0.14611919434671014
0.1452767289867857
0.14374728426283095
0.142984759738474
0.1418732466602789
0.14078084917763514
0.13970477827476527
0.13864233241047189
0.13759094353027718
0.13654831078218613
0.13551231534914948
0.13448123915574078
0.13345353466741916
0.13242799656025053
0.13140379728961823
0.13038048486152945
0.12935782114517436
0.12833600293542405
0.12731549651823607
0.12629705338034947
0.12528171561873583
0.12427069977219513
0.12299694135620456
0.12196738052089803
0.12249991138642517
0.12030066368440817
0.11902963014156516
0.11807325595329093
0.11744874348719295
0.11621747759124411
0.11563232077554368
0.11444240070771684
0.11361653308653438
0.11306072398143897
0.11224759291467194
0.11145717695657721
0.11041632886657132
0.10994393933914604
0.10922022422644301
0.10822380171304435
0.10783455487522059
0.10829427537070503
0.10652295121382342
0.10562826499905474
0.10527314912851764
0.1044180056721227
0.10385748179707535
0.10348284054295559
0.10268191858563067
0.10232384181028123
0.10174942287324616
0.10117630347983009
0.10060315036830024
0.10073940589436055
0.10013186621102071
0.09952350218174502
0.09891410609129368
0.09830360429510163
0.09769215622651685
0.09762961040920544
0.09646782573025385
0.09585612926845019
0.09524581930861366
0.0950622354580982
0.09445187562097468
0.09384749839169891
0.09325000786447958
0.092660348317701
0.09207930847725129
0.0915077219327263
0.09094627846188567
0.09039559131631496
0.08985613145207386
0.08932824692402187
0.08881212546216233
0.08830783557732537
0.08781526008974276
0.08733406525235184
0.08686386845365862
0.08640407954410492
0.08595395228700509
0.08551265440006045
0.08514527312948134
0.08471669985697221
0.08430104606831722
0.08381512960748144
0.08340200121100833
0.08299103687848258
0.08263320277428415
0.08217098990509371
0.08181219704813611
0.08139599984229158
0.08097704335863887
0.08055466184154186
0.08012842369104871
0.07969799122240213
0.07926321011746294
0.078824065235731
0.07838078035439272
0.07793362215700583
0.07748314528725163
0.07702993136064439
0.0765747693250167
0.07611851209727988
0.07566211980015138
0.07520662810140108
0.07475309162782454
0.07430261131462144
0.07385628083514688
0.073415184348366
0.07298030091167142
0.07255260231901933
0.0721329186268159
0.07172200785544329
0.07132047917355615
0.07092881975417632
0.0705473586658541
0.07017628850327841
0.06981563597134685
0.06946526663014996
0.06912492992182089
0.06879421153087373
0.06847259669813821
0.0681594312973584
0.06785396307793518
0.0675526589325969
0.0672628309140071
0.06697535766505373
0.06668990304374459
0.0664120702597947
0.06613263999417836
0.0658583267527239
0.06558297882055134
0.0653077011013072
0.06503188699901624
0.06475504048627483
0.06447680670004287
0.06419690063200444
0.0639152187440326
0.06363170358547202
0.06334649077401554
0.06305976514091532
0.06277183624451615
0.06248254492275646
0.06219397893594541
0.06190502782042227
0.061616760733950546
0.061329757426790386
0.06104458461059335
0.060761774158033646
0.06048183460027678
0.060205246230803096
0.0599313841072448
0.05966358319464482
0.05939906538309366
0.05913896901573339
0.05887354111705643
0.058632116759306484
0.058385165440254495
0.058142256949430225
0.057903032402820756
0.05766713016974632
0.05743408317635009
0.05720339609988955
0.05697452362120668
0.056746955491809976
0.056520112428102204
0.0562934917165255
0.056066598442525005
0.05583900153895887
0.05561032862758491
0.055380291713575835
0.055148682877019115
0.05491538391243808
0.05468039632501896
0.05451743022233222
0.05420580633971254
0.05396667698892724
0.05372679747721676
0.05348662371807306
0.05324667833551332
0.05300753195709071
0.052769812723392547
0.052534149339386944
0.052301195539528327
0.052071565230551946
0.05184586303893286
0.05162573249750629
0.05140839982733146
0.05119753383026746
0.05099236335170531
0.05079312104330529
0.05059993402158752
0.05041280001319159
0.05023830040603581
0.05005691257490334
0.049886235548164015
0.04972131702964745
0.049560948785616184
0.049404598509598226
0.04925163256271533
0.04910141367101114
0.04895324698240618
0.04880647997980443
0.048660425665539075
0.04851444569495715
0.04836796727791672
0.04822184600574384
0.04807290028496902
0.04792055664264008
0.04776755307582737
0.04761225069475799
0.047454567272341826
0.047294544762672475
0.04713229633460419
0.04696807388034966
0.046802168284061946
0.046634966434388345
0.046466912632456926
0.04629849827859813
0.0461302400883094
0.0459626817771189
0.04579634882629688
0.045631741215098436
0.04546934624466902
0.04530958755473692
0.04515283027647485
0.044999370049286364
0.04484940907603628
0.04470307565393314
0.04456039714602419
0.044421314461468034
0.044285695363316446
0.044153306298642316
0.04402384698698596
0.04389695219812711
0.043772202065516734
0.04364913886069483
0.04352728982067107
0.043406163643908875
0.043285281137241775
0.04316417620837952
0.043042425235524304
0.04291964707170067
0.042795528954644925
0.042669820995214616
0.042542347475710306
0.04241301310635415
0.042281806505108085
0.04214879091494033
0.04201412058427292
0.04187800167461347
0.041740707936881095
0.04160257929704245
0.041463977338561685
0.041325298299673255
0.04118696136218612
0.04104936353087718
0.04091289732186445
0.04077794644453657
0.04064481935310898
0.04051378379727952
0.04038710614806999
0.04025880011362445
0.04013505931361426
0.04001384486277952
0.039895070996910295
0.039778601100344646
0.039664212578151704
0.03955162627542077
0.03944053069629003
0.039330566270572416
0.03922134025112568
0.0391124582176804
0.03900352607342724
0.038894159343256594
0.03878400314515806
0.03867274395714917
0.03856012375787976
0.03844591729146746
0.03833000389136986
0.038212294328938586
0.03809280900127083
0.03797160414939074
0.03784883430477306
0.037724701738479215
0.03760109619301726
0.037473455765916826
0.03736094469680431
0.037220491694246446
0.03709431466996264
0.03696886774289784
0.03684451934831223
0.036721636573925485
0.03660053756712714
0.03648150016712427
0.03636474785641738
0.03625045147717113
0.03613872098465091
0.036029591978056205
0.035923028487987875
0.0358189558105661
0.03571723688569932
0.03561767043837667
0.035520028510882304
0.03546751836442875
0.03532941954920979
0.03523587453143
0.0351431000856441
0.035051676718885844
0.03495873732183467
0.034866659369737436
0.0347743709169533
0.034681720347129984
0.03458861454558485
0.034494985675502056
0.03440085121721611
0.03430625962613961
0.034211299258049534
0.034116108842106085
0.034020861578903445
0.03392575264485393
0.03383099037488399
0.03373678555908167
0.033643366680084906
0.033550920162225155
0.0334596414089699
0.03336966703652723
0.033281115948585516
0.033194059837250295
0.033108524381685656
0.03302449278735467
0.03294190393443318
0.03286064379708597
0.03278055953361828
0.03270147527416377
0.03262318009462102
0.032545445222589994
0.03246803447774415
0.03239070829134808
0.03231322739924378
0.03223538702641554
0.03215699390654464
0.032077891519946854
0.03199796461650486
0.03191713236430658
0.031835379513748596
0.03175270989635866
0.0316691934086252
0.03158493246253734
0.03150007786429113
0.03141479534186392
0.031330027289194554
0.031243802233175928
0.031158538978334226
0.031073734685890333
0.030989619637265025
0.030906392765448095
0.030824241856149084
0.0307438190989696
0.030663726217633438
0.030585561044301428
0.030508849452005073
0.030433590575084657
0.030359740212386306
0.030287221226829798
0.03021591516466933
0.030145683432232208
0.03007636728207221
0.030007794548257225
0.029940218570161253
0.029872170349846686
0.02980477809048935
0.029737463600042136
0.029670094176491996
0.029602578549591124
0.02953483754755437
0.029466841957457277
0.02939858633880949
0.029330100206788362
0.02926143419069877
0.02919268002688855
0.02912393672411348
0.02905532817039516
0.02898698075941704
0.028919028286343712
0.02885159221019736
0.028784794937320654
0.028718741735062534
0.028653504530746082
0.028589146272000907
0.02852569187983965
0.028463145806050145
0.02840147990236516
0.028340640072113295
0.028280547306425024
0.02822110362474469
0.028162192549424418
0.028103694183339006
0.02804569021598579
0.02798739952514523
0.027929353515081533
0.027871228400993316
0.027812926932179082
0.027754380587456547
0.02769553655695733
0.027636376773518417
0.027577154324231704
0.027517135285848975
0.027457132817344115
0.027396964834468122
0.027336716121632434
0.027276490041545396
0.02721638649324457
0.027156517338119027
0.027096984927473696
0.02703800515850717
0.02697929370987859
0.026921275681250436
0.02686388612934348
0.026807142133364704
0.02675104156420929
0.02669556772758005
0.026640684248508826
0.02658632158104433
0.026532474409362523
0.026478893437080167
0.026425649618307026
0.026372598072491656
0.02631964231384343
0.026266721593124927
0.026213766519926632
0.026160707138184434
0.02610748687759464
0.02605415846955437
0.026000652303081885
0.025947009458595433
0.025893262041649982
0.025839390860207666
0.025785666003423094
0.025731948163123172
0.025678384442913763
0.02562504510892685
0.025571997450730886
0.02551930797002136
0.025467027818815904
0.02541519737687071
0.025363841529526136
0.02531296776936975
0.025262570551730222
0.025212625121366055
0.025163097506298953
0.02511394183751191
0.025065093054050934
0.02501650261729919
0.024968098782447417
0.02491982626664029
0.02487161962473183
0.024823436437239145
0.024775236917256194
0.024726699685852355
0.024678687141532957
0.024630327194818526
0.024581923544786225
0.024533495820057566
0.02448475256476135
0.024436732828094193
0.024388483426238144
0.02434038870488963
0.024292499122529593
0.024244854438710824
0.02419750341097697
0.024150471103317833
0.024103774746055982
0.02405743118278374
0.02401143508609302
0.023965777927977668
0.023920434517700075
0.02387097059803655
0.023770398018624
0.023785955456228653
0.02374151844831379
0.023697203983662457
0.023590248789312786
0.023608804418045595
0.023564660237555414
0.023520534249632626
0.023410787418335192
0.02336577515440538
0.02338821024738059
0.023344157686069518
0.023300169707532025
0.023256273736871936
0.02321250780196868
0.023168900348848605
0.0230508100139669
0.02308167491041357
0.02303930922190548
0.022996597754861084
0.022954144633869446
0.022831550174637495
0.022870014071648542
0.02282831449862149
0.02278683376126387
0.02266173336194202
0.022704425009764988
0.0226634426426151
0.022622575387101038
0.02249524326626067
0.022453839581097507
0.022500437044287842
0.02245982774135989
0.022329720411749264
0.022378752647030598
0.02233757417839385
0.02225690593096148
0.02225688599185125
0.022217445009580086
0.022177395961147532
0.022137503226989368
0.02209777564429355
0.021959826318794073
0.02191949643646069
0.021979732946407222
0.021939980251780445
0.021799949864100922
0.021760567064773233
0.021721397170824146
0.02168241224293437
0.02164371994804936
0.021604900296971062
0.02156632100459271
0.021634981177462723
0.021596396768857506
0.021551548690280455
0.02152199788969904
0.021484473025218376
0.02144702241094573
0.021409650725041557
0.02137237236089336
0.02133430111576007
0.021298143542966587
0.021261219396942196
0.02122443915928644
0.021187808696761734
0.021150401047364677
0.02111502218710018
0.021078866893355058
0.02104286508461558
0.021007011712801803
0.020971295828317773
0.02093570911827698
0.020900235104747283
0.020864868018497282
0.02082959768167765
0.020794412606211763
0.02075931032397494
0.020724284453446873
0.02068934147418