0.04082394568839638
0.04020336861001496
0.0395346409561385
0.02642015741557617
0.025550650808389197
0.037167219479437616
0.023145936230347164
0.022026222857126562
0.022013417184056458
0.020559065531956855
0.01898793481269162
0.030101052539221684
0.015474117343923816
0.013524671472326416
0.025063223329877718
0.023144367341092625
0.005306095796471483
0.002816351148688223
0.00021202655371713175
-0.0007944588750685988
0.01193434634704077
-0.008388510435182434
0.006865674982299286
0.0042567703535054124
-0.015289003989653632
-0.0010318499331997133
-0.0036780638524927245
-0.024322440568072506
-0.008889219866263315
-0.03019239901125706
-0.013880339966812455
-0.038216512715223194
-0.04091280186640869
-0.04095666360001077
-0.04567849836827337
-0.04798359063767613
-0.05041055012591386
-0.027989144460430465
-0.05426189519828761
-0.03073981491271152
-0.05461489828969271
-0.058804573592037085
-0.03367469203809262
-0.06100420232362544
-0.06185953465341976
-0.03521167156154062
-0.035430315638733445
-0.06352239955811467
-0.06064099228799261
-0.06392127258096225
-0.03497308197219734
-0.060556879812030145
-0.06357066977835729
-0.033372736129113234
-0.03262159909112461
-0.03176586609844417
-0.03080686317007378
-0.060728058484159464
-0.02857981502919213
-0.05534627882217735
-0.054214109244393544
-0.024449212046293356
-0.05161572165695563
-0.021139585953751344
-0.048551321309545814
-0.017352842146585917
-0.015271307075429896
-0.0467636329717534
-0.01071460399239832
-0.04247357543148422
-0.03973571236258022
-0.037244405180023754
0.000035578458481899666
0.0030682543568958387
0.00623656460178762
0.009537580758371744
0.0129670357760166
-0.019883998482845944
-0.016078879254983136
-0.012990232295674198
0.027853043836919666
-0.005277990879895111
-0.001928145034716111
0.006148820173737579
0.010084703157349884
0.048482001636434846
0.05278232208525324
0.05711776228895238
0.061478874290582686
0.030323818312399275
0.03441654102324748
0.038504519821126626
0.07901051473252446
0.04664000105637872
0.05067698402979981
0.05468801399536938
0.058670490158539146
0.06262261022444798
0.06654397715321325
0.07043466260143416
0.06941838000372147
0.07813018828913293
0.08193936642684457
0.0857268210539282
0.08949601965769505
0.09325070607950248
0.09184168811117194
0.10073145928246724
0.10446491927806989
0.10343951437021315
0.11193355481377182
0.11567386655581907
0.11942037431800046
0.11769503909916984
0.12196162598359889
0.12512116174347754
0.13447394738195978
0.13824921706808552
0.1420240495317583
0.14579547832378204
0.1495589390622068
0.15331013710498476
0.15171848497847013
0.1553847224915335
0.16443865130403973
0.1626273719228037
0.17170170633705817
0.1752718245374439
0.1725631516595214
0.17598327898010357
0.17935005045405816
0.18905313252609524
0.192362013050405
0.19561512383559188
0.1988131400436014
0.19601113834731032
0.20505418189379299
0.2020536902723148
0.2043318712765233
0.20793588154442455
0.21704517291192438
0.21371248663235232
0.21587065822133267
0.22582874195639446
0.22876355818491811
0.2245048391767015
0.23470376717190522
0.23038053394584745
0.2333912576179924
0.24393903425302577
0.2403613435886338
0.25042084861160685
0.25378372172738495
0.24950297830313173
0.26078421223342096
0.26443152375467105
0.26818097501607085
0.26483527208650215
0.2759920253879067
0.28005323699657236
0.2842160651313198
0.2810338744094629
0.2844837544141843
0.2888581097651174
0.3018023723082841
0.2978484464381784
0.31107457159133234
0.3158049516580489
0.3205870695480282
0.32541234952528675
0.3213611707922013
0.32618434799367535
0.33100766682941385
0.3358502427709066
0.3498995417102695
0.35481755935041004
0.35972807162849385
0.35519913258673286
0.3600165363747363
0.3743769500495491
0.37922469048705854
0.3840538720918272
0.3888650578595717
0.3837724169388643
0.39844460880327215
0.40321975624929396
0.40799208493819283
0.41276698051299576
0.4072699286992295
0.4119916230503756
0.4167382542910859
0.4215249231098833
0.4274019432675259
0.44186288188586553
0.44685731068330714
0.4519139301485393
0.44724693029839113
0.45238081944863584
0.4575957339691239
0.4617849546000272
0.4682886875097372
0.47377364310566883
0.4793537446566545
0.4850301625663309
0.49080255903686343
0.4966698444183544
0.5026299236166524
0.5075021816819314
0.5136418233985078
0.5210262779611907
0.5261193467258186
0.532465415850219
0.5388709012906023
0.5453387962743513
0.55182502989834
0.5583546565945844
0.5649071373759249
0.5714726789021294
0.5780417797144247
0.5846048266598072
0.5911527488845795
0.5976768869526423
0.6041673739591895
0.6106195088208086
0.6170345898942362
0.62337146662372
0.6296606235813074
0.6358861698661293
0.6420532036789315
0.648123919268732
0.6541335292688017
0.6600671140725516
0.6659236118530762
0.6717059817661959
0.6774149654341415
0.6830543808794924
0.6886254338746021
0.6941338149225029
0.6995834264400254
0.7049828365302566
0.7103378634080264
0.7156572904945642
0.7209465662659771
0.726217444855906
0.7314797138663123
0.7367407677854543
0.742014975710672
0.747312305369533
0.7526455655751974
0.7580263858352909
0.7634679353018283
0.7689861833958567
0.774592114767692
0.7802997643483203
0.7861264943746389
0.7920872459205526
0.798197495840953
0.8044736237058712
0.8109336149803732
0.8175908115639576
0.8244667221122046
0.8315781062094343
0.8389430076454076
0.8465817989027653
0.854509818313336
0.8627494694151505
0.8713196920618629
0.8802401537013969
0.8895301999916876
0.8992115101754901
0.9093009517574675
0.9198215166774872
0.9307923230269646
0.9422325181492215
0.966645166903403
0.9665998069346577
0.9795642614483882
0.9930751376083079
1.0071471578813207
1.0217985100785174
1.0370443758972057
1.0529025288346405
1.0693831312892397
1.086503198898149
1.1042742020208538
1.1227035001253367
1.141805221542246
1.1615875509346532
1.18205509532142
1.203215467511789
1.2250833702768682
1.2476300988080342
1.2708920010341835
1.2948551963992951
1.3195224967304864
1.3448892434788884
1.3709538433263766
1.3977117107093977
1.4251579800733127
1.4532846918328448
1.4820847170971208
1.5115586961038634
1.5416682399084518
1.5724336515324273
1.6038320757441709
1.635851828688314
1.6694552631358786
1.702671166882081
1.7355176110541972
1.770838239634859
1.8140319079536593
1.8493996184897967
1.8852939831403006
1.9137220183689267
1.949835783102889
1.995993125577229
2.033849059162131
2.0721585908141957
2.1109074684933797
2.141839443399742
2.181528982865313
2.222424414863209
2.2700124097546865
2.3107466008230153
2.3518371608073125
2.3932713274870343
2.435036840750995
2.477121294809648
2.5195124877442123
2.554961837346832
2.598029071562426
2.648417825415631
2.6919287179573335
2.735695263021588
2.7736280475079034
2.877340123955739
2.8625311015256685
2.9650695379815355
3.0092745870854727
3.05369978752313
3.0423733179548265
3.094161592254391
3.134510833998375
3.233545202515652
3.2262664735810245
3.324747913106685
3.370677336271
3.4168325294723267
3.4191335235028624
3.5098506935100513
3.5567337522727134
3.60388260440642
3.610074937918242
3.653972588181788
3.7470788995647366
3.795456641039873
3.8011066139849783
3.893311585922617
3.94284090752663
3.952769286411644
4.003644512240971
4.055492468293322
4.1456582932878865
4.197704600594754
4.214518649210311
4.3036658777732235
4.357660755738179
4.412387254899986
4.467888786642693
4.524209826854319
4.555208221535354
4.6394908600501115
4.674473580049442
4.75859946602494
4.795157680091195
4.881909850725159
4.945257494811729
5.009795052172146
5.07556890951606
5.125142657074118
5.211002704608534
5.266422466954364
5.33923047487704
5.41366168353474
5.53544539571362
5.603812708288031
5.695260169077799
5.759041198213458
5.823596507272853
5.889344375966226
5.956483845225694
6.024500847924268
6.093946270659737
6.246540490113079
6.339398307642318
6.42040814778591
6.449497993970019
6.629042434958162
6.729179053108887
6.831126185838029
6.934882042143615
7.040429801693464
7.14775612462272
7.256843362978168
7.367668489968698
7.480206716840243
7.594429043820534
7.710295523764577
7.778178761383244
7.894151972567856
8.067429590553438
8.189496008575274
8.312988998347153
8.43785568767577
8.564031261985996
8.691458470672355
8.820065236967565
8.949784033276854
9.080538484479456
9.212248302102095
9.344831327607743
9.478201505289825
9.612262714597708
9.74694311257238
9.88212187913314
10.017703886904709
10.1535850336247
10.289659286481474
10.425803881789648
10.561918961781814
10.697874828971393
10.833555546351619
10.968827813809934
11.10357014483034
11.237645290622408
11.370918745758704
11.503262278396141
11.634520801651117
11.76456440914593
11.893250142914482
12.020427947410857
12.145932923388685
12.26965987507616
12.391422260524529
12.511077491605157
12.628476280376033
12.743465411166033
12.855901212928469
12.965613382233137
13.072470638106557
13.176317767217588
13.277002983597633
13.374384603140514
13.468315930403644
13.558644652747313
13.645257151116738
13.72800356192805
13.806755951686046
13.88138297571221
13.951760501619763
14.017773847393293
14.079308849928507
14.13626208726644
14.188527584837606
14.236010224801902
14.278624866766798
14.316290522267124
14.348926263102832
14.376472111879972
14.398860224411978
14.416039858244948
14.42797843074625
14.434637766244096
14.435980992088451
14.43200191295124
14.422685875659296
14.408037537610022
14.388058008683451
14.36277267322877
14.33220784056763
14.296399217171215
14.255387882323186
14.209223389754252
14.158007508743962
14.101772206793521
14.040611682401718
13.97460732332824
13.903875345624007
13.828512277128466
13.748625612304695
13.66434562683828
13.575808132022832
13.48314176297094
13.386490150558211
13.28502889694593
13.181857567361405
13.074187575013347
12.955339351054512
12.841805469190083
12.725285508518818
12.611827639402469
12.489214015445341
12.359644070241696
12.236874342567189
12.104369589473999
11.97386570070528
11.84350083697417
11.699190175102759
11.538860972797567
11.45725514793217
11.299593711663599
11.16148289108653
11.043374784351501
10.887030405372759
10.745563788986322
10.610679477368231
10.47287501879635
10.335561465084515
10.193395174665602
10.06312353460429
9.921735747673507
9.786828264140004
9.654020745310437
9.522738365204784
9.393115898423469
9.26532251479173
9.139486010599246
9.015738077942093
8.89419996209707
8.774999960581667
8.658242415250193
8.544034404792807
8.432483482673499
8.323638209643795
8.217621883647439
8.11449268971899
8.014318317529181
7.917149807721609
7.823042783278526
7.732041026106385
7.644173742089906
7.559467505966559
7.477948910592667
7.3996229433420595
7.3244950764006855
7.2525627433145425
7.183819375021034
7.118249189836313
7.05582584561467
6.996525349564029
6.940310948743689
6.8871394443492155
6.836969476622718
6.789767964324052
6.7454264912261905
6.7039349096595435
6.66521802670309
6.629199604063262
6.59581661469864
6.564993001489891
6.536647817285347
6.510705678183518
6.4870868894812554
6.465723364266402
6.446482088159168
6.429326169117506
6.414157473020388
6.400885554894954
6.389447429835634
6.379707056112207
6.371642579911963
6.365109976478512
6.360077646616914
6.356447402156438
6.3541433957719615
6.353103110031169
6.353212214885887
6.354458119559836
6.356729617698538
6.359980370641765
6.364133965382071
6.369163515708304
6.375002472640587
6.381599797090667
6.38891393416731
6.396901353044979
6.40692358926886
6.41613405219265
6.4245608396977065
6.43493333521989
6.445826068737283
6.4585221298571565
6.46913810716237
6.4828146150358466
6.49570663828652
6.507874145881706
6.521794174065812
6.547897826620568
6.552302093886438
6.566612921005418
6.582641721432831
6.610177945362318
6.617531798400858
6.644824623153886
6.653797990579297
6.672940411590442
6.70177147794184
6.722206146875252
6.743423759036704
6.7560632751466025
6.7800687105546595
6.812129061076229
6.836836705836361
6.86250503509708
6.889172293218642
6.909481585684841
6.93842990996519
6.967688615420524
7.006490962263343
7.031245073169151
7.06478860506651
7.106504893853253
7.14226894331909
7.179279115176283
7.217549114684715
7.257092960110324
7.344654936844815
7.3400320800972665
7.383433584946168
7.428122119871958
7.474091075946841
7.516690140687854
7.569829559699707
7.619568825222491
7.670526756460255
7.722679785299229
7.775997764828355
7.830449590646743
7.908926658256968
7.940002133539895
8.018964110658752
8.075447929058093
8.132849516666116
8.177171024188887
8.250202239685159
8.31005006745205
8.370602704972466
8.44964349252048
8.509074039433113
8.554130543857122
8.62124522009951
8.686734158564464
8.752541348738708
8.818595337388816
8.88483651045664
8.951195475504644
9.017607798668962
9.084008741379112
9.150331691821608
9.21651896789647
9.28250421358538
9.348227637999555
9.413642353743086
9.478675398530527
9.54327986911526
9.607415979496967
9.667161952412807
9.734051721400022
9.796473655826494
9.858237798697882
9.919307483704808
9.97965030270774
10.03922870323547
10.098023002668985
10.15600698500256
10.21314995599253
10.269434042213014
10.32484477461685
10.379370030938246
10.43299238039202
10.485711830925517
10.537516853560572
10.588399355177561
10.638364875045246
10.687411008430772
10.735541605298623
10.782760856370095
10.829080413663123
10.874491493288174
10.919022305421713
10.962671802142918
11.005460763642178
11.0412191259536
11.088487893076293
11.128755616123922
11.168213861296124
11.206872699777877
11.238609955161357
11.281879348052849
11.318250092686181
11.353886508243795
11.388798075393195
11.423018703223711
11.456545496070135
11.483422556111627
11.521582356519477
11.553113460065534
11.578169628627409
11.61429159887799
11.638191029004261
11.667286550949134
11.695794062476466
11.723704754936788
11.756586137037475
11.783293972705932
11.809424851652448
11.834990597435883
11.859998193398344
11.884441272287503
11.908339533193823
11.931677867455031
11.949392365720092
11.97170441698851
11.998400775064441
12.019548930162346
12.040146651361363
12.06019862692509
12.079706505584635
12.098664297750497
12.117074026918848
12.134934153421268
12.152260047851948
12.169030452897323
12.185252659481563
12.200934200196516
12.216069287324146
12.230660073245364
12.240789778961284
12.25438126060859
12.271186534695108
12.283626660059523
12.291934486588142
12.306909381369154
12.317756181331875
12.32809037623161
12.337910194488023
12.347213686133497
12.35294662476469
12.364341977414597
12.372163167671552
12.379503784031128
12.38637864304237
12.390160608651076
12.396212710723972
12.404249799970179
12.409326406915904
12.413977648810564
12.418218615888831
12.422061969989597
12.425513175497482
12.42859806221536
12.431313535699015
12.433682635109808
12.434165488614761
12.437445180332961
12.438862085349248
12.438736739124005
12.440857419287871
12.441462324666093
12.441831914679444
12.441991424272372
12.441943940778156
12.441726140796577
12.441339968436967
12.44037232486346
12.440179275621311
12.428579843909763
12.427264813164536
12.434566692312117
12.441804266183524
12.448903776241572
12.454624578425092
12.450437258171677
12.454096602108201
12.437857479914793
12.438190950958944
12.432692113439106
12.431743753225797
12.440157281180692
12.43198114274103
12.432481918014178
12.444158989617437
12.434403414900439
12.437264441451008
12.437741466851037
12.441565983586665
12.44273300407357
12.447644997201486
12.451424791910563
12.45574200017518
12.45888304623437
12.464092126338455
12.470132198630099
12.476828880509213
12.484209577609146
12.492305834380861
12.503474549484169
12.510768419569626
12.52118805970865
12.532431752204008
12.54705374153289
12.557506406050454
12.571384643112486
12.586449797046814
12.601924106050578
12.61863834439111
12.639045650686095
12.655033862814195
12.674747728111386
12.695508970110701
12.717304040998174
12.740170647455045
12.764104479158833
12.789119168441085
12.815221909372248
12.842423685918117
12.870722192541633
12.900395624741646
12.930627092189262
12.962234741712996
12.9949409602116
13.051751735914781
13.063653833831646
13.121789708613422
13.158371727485589
13.195985357214798
13.214039114460391
13.254499581438152
13.3148985768253
13.337833121324122
13.381121195257263
13.44263524458652
13.470624074590935
13.516801056133637
13.563902489723356
13.611901227103939
13.660784611472133
13.71051335519753
13.761067896921721
13.812424365179828
13.864554953999484
13.917430970949829
14.006372028168308
14.055220943675188
14.123773018822815
14.169518202502747
14.215331757462533
14.261530036013186
14.308096788086944
14.35500562467519
14.402233906819463
14.46339386551761
14.516164284494693
14.569221440743267
14.622539160211169
14.70991982181337
14.76879833360288
14.827867560125135
14.887083421741176
14.946412688884822
15.020763346049872
15.081315440444756
15.140278847668863
15.184038609594015
15.243317340087746
15.321559982243674
15.361427453967549
15.420185887074627
15.501220033018393
15.536859949602947
15.594694143502313
15.678058410324889
15.736165560897183
15.79378992775587
15.850860799774479
15.907352464789035
15.963211286400426
16.018390738028838
16.072851828774443
16.130393927510536
16.183377462127865
16.23141614094363
16.282522308756686
16.336954835317876
16.38183767513765
16.429957525382257
16.476995513813666
16.5280784069374
16.56766320228233
16.616023791809976
16.65351291322883
16.699496144658895
16.739263162206008
16.777673847793213
16.814687894429323
16.850857616799505
16.88500759105844
16.91765681383654
16.948797420971022
16.97840081318028
17.006433840016783
17.03288959764178
17.057116405053304
17.08095963495067
17.10254965419339
17.122485616716006
17.14076538323995
17.157372796701054
17.172305301443046
17.185562551007195
17.197138453878022
17.20702902447258
17.215249333170334
17.22179179134515
17.226674334001984
17.229903246078027
17.231484856939005
17.23145696654147
17.22980838923267
17.2265730150042
17.221767289563743
17.215416214481344
17.20754023122476
17.198176452614085
17.141242868928487
17.129927974711737
17.117250625900883
17.146344290710132
17.12995510220885
17.11226901973331
17.093317490845557
17.07313949587495
17.014402170063327
17.0292425237396
17.005612886396367
16.98090895988765
16.95517657249694
16.8976089164594
16.900790534854234
16.844143240921134
16.84278127368852
16.78729643077834
16.757705175272758
16.749696369475146
16.71721348134227
16.684064015303566
16.561135096382248
16.614142407974917
16.58106613199868
16.545667367455763
16.509807176153057
16.46329225365734
16.428136773182125
16.340258807137964
16.311978875405977
16.288163903385406
16.264081292509655
16.23975257059859
16.215202598898497
16.19045554399896
16.16311983149994
16.11987628794899
16.088586060944053
16.057204612133518
15.977287889287364
15.94947504723796
15.899270405928352
15.874492213052815
15.82138638655115
15.78445418094906
15.762439292077552
15.725280538766443
15.66671817303237
15.628401400803627
15.590256161655502
15.552310670385646
15.54185386696455
15.477412044926025
15.443180656994626
15.406361376698882
15.369822911596199
15.333584775546374
15.29766077670362
15.262069596527649
15.226823660618479
15.187541381875022
15.157427319843856
15.119096859502758
15.084771134071296
15.056303627444153
15.02343633655951
14.991018013208702
14.954212223101024
14.927558209979646
14.896534085910414
14.86081019571614
14.830068543362128
14.801028239821235
14.771290925586015
14.743332573155605
14.714637402913578
14.68712421911638
14.660826443061552
14.634425064376325
14.608589660766969
14.582601579122331
14.557894143020254
14.533745275030748
14.510161042111434
14.48715353539667
14.464725136470001
14.44285866955767
14.421554838058821
14.400825030127267
14.380660028920204
14.361854161831507
14.34198605396469
14.32347525716849
14.305508303829102
14.28806572106588
14.271160354748096
14.254763570092377
14.238877334951471
14.2234888835809
14.209467211917143
14.194166675213818
14.180214819960629
14.16671668403642
14.153662547752548
14.141053463977356
14.128847302643901
14.117073459849802
14.105680754976538
14.094699486974868
14.084071700830405
14.073823040414126
14.063929724299017
14.05439270312473
14.045176868576956
14.036288637668093
14.02773749036276
14.019468655350142
14.011523808139202
14.004851995160891
13.99648883266871
13.989398422519024
13.982582982099316
13.976034893151981
13.969755002948483
13.963733373906482
13.957984296459719
13.952468499378334
13.947212430045571
13.942207548297858
13.937454017350861
13.932951338884953
13.928692857706698
13.924683558747983
13.920929912959405
13.917413689824269
13.914156528683902
13.911144297263016
13.908382764314066
13.905879248464602
13.903632078602843
13.901637750184937
13.899880630229855
13.898395340826397
13.897158849175295
13.897255925117806
13.895472752537245
13.895010516341351
13.894804117932075
13.894855317579363
13.896223121288886
13.89570711312146
13.896507908508196
13.897550729994187
13.898835193563606
13.900359511014173
13.90211217615578
13.905159074715638
13.907360532473167
13.908706809776394
13.91133773006847
13.91522959826775
13.91824439989901
13.920390675229328
13.92378507453977
13.927328934300244
13.932099002137914
13.934911236645018
13.938927432409725
13.944120723760207
13.948389235166818
13.951732264188042
13.956233257873293
13.960833013181237
13.966571222637707
13.971355538390668
13.975178373709399
13.98011547551782
13.98512708002825
13.991224989939425
13.9953279363798
14.001539325988109
14.005748613005677
14.01104010108023
14.01740090734967
14.021776874825614
14.027223818168183
14.032724218084166
14.038282404399979
14.043917661148466
14.04959770050829
14.05536339988176
14.061212308049413
14.067147491255495
14.073188169761778
14.079335650034121
14.08560408152478
14.09201617643684
14.098557302172269
14.115191874951309
14.112157012732542
14.119233215901367
14.126523510378025
14.134032650678371
14.141782714702638
14.149787648237265
14.158072679482313
14.166655095719893
14.175546974121005
14.184771720608921
14.194347300725434
14.204281010924229
14.214607608120588
14.225340725796148
14.23649946321206
14.248098045425582
14.26015893406579
14.272691112966978
14.285722543560691
14.300242061035693
14.313341193396157
14.328920613402428
14.343117338329613
14.358860178287271
14.375196915628702
14.393102069582161
14.409700211239732
14.42883676583525
14.44766221860293
14.467144822809493
14.487294703756216
14.508130525458956
14.52871746474628
14.551873508407752
14.573888121381598
14.598494083659114
14.622906104781388
14.648070239859184
14.673074027149145
14.700691875215561
14.728175601286413
14.764473397058884
14.793527738495996
14.823396283563408
14.854113515865222
14.88567971452473
14.910367541382106
14.951439737797392
14.985659961991798
15.020805238754193
15.056883115885064
15.093919688523924
15.123740979290286
15.170933745383566
15.210964723879979
15.244083541287845
15.294156644962102
15.337376048302165
15.381700354914111
15.42716488344355
15.467065934258374
15.521608509462167
15.570637722898626
15.620904790467607
15.672442485382287
15.725275723004083
15.77942583807116
15.834931780434452
15.885262481728569
15.943682026144835
16.003528786940677
16.070969317775123
16.133606118391935
16.192512071847492
16.263406297763936
16.330606622473663
16.399374120367007
16.464585990380094
16.541651147537507
16.615198797357138
16.690357627777047
16.763243544763498
16.841438432304297
16.92172795928159
17.00734736701332
17.090690095747913
17.20144467507469
17.286086813716963
17.350494739827745
17.46005163998547
17.54933679935051
17.62277054561472
17.732438361492715
17.826194804868138
17.911774524790495
18.04618906680948
18.15066788171491
18.22679765158212
18.305934949473468
18.401216420504642
18.520513835992706
18.63453275831183
18.742689892748636
18.85189049637421
18.959978353435808
19.073195336815733
19.18514911282342
19.269630405443454
19.411307596294087
19.490807870738237
19.63995273723959
19.755002136770536
19.870427436398245
19.938860851407167
20.05158501890982
20.1644337001002
20.334139305415196
20.39014690896278
20.565965030496177
20.68154983045637
20.796795825412154
20.91162198372929
21.025919368315126
21.139610102070673
21.25259457837177
21.36479603885777
21.476119525862096
21.58647398533229
21.695775747257688
21.708450126050387
21.910896151081552
22.01654795432779
22.017570042084056
22.22364347395026
22.32493308195026
22.42462112938073
22.510123186411676
22.61891064827711
22.713376455521374
22.805972892887628
22.896646913535584
22.985328427255382
23.071967850217636
23.15651587969406
23.23892123466792
23.319136872377502
23.397116001383107
23.472827027637052
23.546217673272885
23.602423569969005
23.685922828345827
23.75217897934051
23.81598957764414
23.862156334406112
23.936201905773913
23.977269244517302
24.031079468449988
24.09768674198792
24.14643235714624
24.192617518453314
24.236234343228258
24.277271547972397
24.300486240951894
24.3516277836661
24.384938012401893
24.41566026015634
24.44384397189319
24.469457122349006
24.491022208376243
24.513036351954657
24.531013256266878
24.546511182426915
24.559502448616414
24.556080684217843
24.57809526802947
24.570205373508472
24.57366592641553
24.587849989172557
24.573540626846597
24.582587216476316
24.564228408811474
24.568225150385892
24.55771702633043
24.533636007398634
24.530265921091033
24.513405255504384
24.484088611672576
24.46357233317836
24.450860573651113
24.416850598499508
24.39970299253308
24.37147569893853
24.341544518679243
24.309971154626748
24.27683565115566
24.23529568725325
24.206132787071542
24.16871062142661
24.129998794017947
24.090088774706302
24.049044716355723
24.006950719137215
23.963899457365542
23.919966428768806
23.875237292459154
23.809595935810957
23.783757203728957
23.73718456503379
23.690103992313524
23.62078684309266
23.613403326984585
23.60154231691807
23.51066552760672
23.46737392725071
23.42420183979776
23.381246241248977
23.338600968984775
23.267059767468734
23.217337561799933
23.176509152616006
23.132262888043428
23.08882252033314
23.046284478820816
23.004733536096794
22.96426809753686
22.918387526960164
22.88691708008156
22.85019925201255
22.814893537243726
22.78107711273089
22.748824119908537
22.70947824027005
22.680233714975245
22.65275786970351
22.627120425305403
22.603369491736878
22.580413813742197
22.560543112815775
22.542719767445234
22.526976065372416
22.514577452897402
22.501784853946877
22.49241572941643
22.485222596647123
22.480216481123676
22.477418343726505
22.47679641963186
22.478386402367406
22.48218473192
22.488138465253108
22.497734854718026
22.506559028070466
22.51896492514588
22.533460620666663
22.550020199722596
22.56859730315239
22.590670651615707
22.6131626467621
22.63600755043242
22.662198280737424
22.691700456063277
22.721369667632693
22.751147818917772
22.784042346208835
22.818439898975036
22.85427843814445
22.89149149554925
22.929981815761643
22.969688608714407
23.010535215854336
23.052451344097495
23.095318305550787
23.139096727032168
23.183694502496373
23.22903599378374
23.27504041293442
23.321638573795113
23.368717041987072
23.416241789732517
23.464124220102544
23.512289025780248
23.56067028975308
23.609196728401763
23.657800453383288
23.706423711024897
23.75500488308169
23.8034837815501
23.85180547174071
23.899922996956025
23.947784050936626
23.995346446041953
24.04256556069742
24.089414860345165
24.13584861852984
24.18184371868884
24.227371022861096
24.272409526106816
24.31694470172307
24.360952900200058
24.404433678599723
24.447368937895973
24.489763483365856
24.531603489806578
24.572908707604707
24.613677673462416
24.653914985194454
24.69364034643388
24.732867473760987
24.771612284300073
24.8098961617854
24.84773911409108
24.885170413596427
24.922215348455175
24.958899939443864
24.995255073025525
25.031317288278224
25.06711471486741
25.10268112829132
25.138049129548154
25.173256499400004
25.2083439893733
25.243351235289
25.278272748097255
25.313209110445744
25.34812914687085
25.383109383746174
25.418181400415488
25.453358125219108
25.48868756062189
25.524192720301752
25.559904673259492
25.595842485198062
25.632039743198654
25.6685216355887
25.70530384803632
25.742408012418537
25.779850393610886
25.817650339889937
25.855825413768994
25.894374417107855
25.93331013370723
25.972649481831894
26.012387307035528
26.052529912922793
26.093081139559196
26.134033355597154
26.17538071221851
26.21712731196068
26.259253661324664
26.30175906506832
26.34463392053491
26.38785742986868
26.431408057922987
26.475288044063422
26.519462776707194
26.563923651143476
26.608650348733182
26.65361431488454
26.698798107122354
26.744174159521695
26.789726393590893
26.835428625941745
26.881247288054
26.927174136509038
26.973163275178
27.01919619345675
27.065257566865448
27.11131782230074
27.15734379604634
27.203324344261954
27.24922309217094
27.295032774311693
27.34070900655148
27.386249837451366
27.43162364561769
27.476817923514552
27.521811216290388
27.566588183043944
27.611131974815592
27.655420912018116
27.699455359303045
27.743212964832438
27.786682455309506
27.829859301889712
27.872737070354386
27.91530160874545
27.957552059889082
27.999486314640603
28.05076788678003
28.082398767906085
28.12337636560311
28.164035557692415
28.20437952532702
28.244415201895414
28.28414699209807
28.32358426802898
28.362733835632405
28.401608726412785
28.440215770988797
28.47856791946623
28.516681419099786
28.55456958715562
28.592243191318463
28.629712007011637
28.66700503364173
28.70413496975487
28.741123510793237
28.778686999683462
28.81473508007703
28.851396269307344
28.894557413507698
28.930958171181643
28.967338704940815
28.997583964703196
29.03411858890506
29.071280828275246
29.11300869641807
29.149572735773848
29.186238175277516
29.22303510285689
29.25997959455576
29.29709014825733
29.329645650746077
29.36732958738504
29.40966110760457
29.447669101263806
29.482274408635764
29.55596966790357
29.593505322930714
29.63135784303769
29.66954932445075
29.70809339378645
29.72261904256944
29.760529036695324
29.82603703528664
29.866175772290774
29.906748324799242
29.930969543985714
29.989261950156457
30.031225360804743
30.07367347346266
30.116623637259096
30.16008667513048
30.23467422753257
30.290084978694217
30.320254317226322
30.351747803233994
30.381070593137643
30.4106464411799
30.440469930715157
30.533819177405782
30.583286872944058
30.63538710660276
30.687020621095094
30.7392172903747
30.79196046405316
30.84523460930012
30.899039193623082
30.72129974286084
31.00815508932872
31.063438366666283
31.11916786933743
31.175333820679455
31.231896031131807
31.284227688923227
31.341223336665337
31.40377089496958
31.461679619119895
31.51983453121271
31.57204038842327
31.636743556478727
31.69542876348756
31.747086565486512
31.805585330323208
31.87184172199942
31.930618390001953
31.989294890466887
32.047834890753485
32.10617124515308
32.16426215750571
32.21234588836259
32.27946610133158
32.32614295991765
32.382358172085034
32.43804830240796
32.49315565122401
32.55922637119308
32.61330055833997
32.654395212537395
32.70659460858756
32.7707472270806
32.82144673032927
32.87116005431058
32.919838063419206
32.96742023048771
33.01385501536422
33.05909782940145
33.1030984506015
33.14580788497593
33.18718010287428
33.22717785073372
33.2657510115062
33.3028704492797
33.338501522213804
33.37258390791597
33.405145442802095
33.43610947281304
33.46547069314733
33.49319452629788
33.51928452718753
33.543710784153745
33.566448444566525
33.58753920129772
33.60691175732773
33.62461994298722
33.62252927182509
33.65500746535956
33.66767937160389
33.6768455862748
33.686211625637924
33.695836862031726
33.701988788325316
33.70468621762912
33.690971953682464
33.7092192453236
33.709237796806605
33.707811347358664
33.70496970108674
33.7026410579126
33.67851326156652
33.67172143999149
33.663700853687345
33.654484690746465
33.644142217876876
33.64916505657142
33.620234228858536
33.606778729747404
33.59238982367087
33.593258057822354
33.561018969580346
33.54414332711897
33.52654104631936
33.50826022380677
33.48936414844488
33.46989515088669
33.449902178710026
33.4294340697757
33.425385957473075
33.387250065563094
33.36562859629721
33.34370301329432
33.337787152820226
33.31523177665112
33.27652524575798
33.25378222973021
33.23091071298277
33.20794857374306
33.18491520767841
33.16183441095842
33.1537677079241
33.115624372894
33.09251633857717
33.08399279398927
33.05934377286644
33.023376151628234
33.01309700086401
32.97749337013776
32.96844298784349
32.93180739470819
32.90903263919028
32.88629186352233
32.86358574979372
32.73611636736709
32.71455419844262
32.6929754771447
32.67136665077981
32.762690226061174
32.62800816381282
32.60623017326647
32.58435934341745
32.669460512337515
32.540281274911436
32.51804287071708
32.49564735248871
32.575728496180254
32.450320128428444
32.42736404565556
32.40419131670417
32.38079312861338
32.45448787310549
32.33327239313688
32.30913932747468
32.36945312394814
32.260089947023864
32.32735906487848
32.302212340754274
32.27575838813034
32.15888244297798
32.22213514969374
32.1068067982935
32.08044968839034
32.053891967330756
32.11239185541074
32.075190686750766
31.97329909764225
31.94621220245303
31.991460237681416
31.963496585239906
31.94350991475853
31.916466854786545
31.88777218846278
31.78394700225904
31.757356447585718
31.806520877470255
31.705015064578696
31.679386373825665
31.654197360934486
31.62950421381376
31.60538364357795
31.581891041133066
31.629540113221342
31.607110473485278
31.515884992375266
31.495600477069406
31.476290334357426
31.520131781357282
31.502928756177585
31.42488658737051
31.4723595717252
31.45913459358866
31.447360697831307
31.43711318856688
31.428462872351037
31.428653179977182
31.41616167030111
31.41262468025208
31.410891215878163
31.419421558370537
31.413034402735278
31.425672612206025
31.4228877738395
31.430780614937955
31.440671709626077
31.461065498827598
31.475197269402457
31.482474079535265
31.509563076844398
31.530819468307346
31.55197513513055
31.5772561523498
31.592058316408195
31.6313775073278
31.661200970323094
31.692792514345665
31.726074933133713
31.760980276533882
31.797406855325555
31.835277816812347
31.860093908649695
31.914885400305963
31.954863727604977
31.998899795983228
32.04059300887707
32.08626124430967
32.12909582036015
32.175808159278745
32.221002888151965
32.26626027164246
32.31139511886629
32.35623188374673
32.40058458726359
32.44425766439446
32.48706055847259
32.5287826331309
32.56923346328528
32.60819853081193
32.64546986499828
32.68084074757227
32.71409445788399
32.74501742023667
32.77340192347189
32.79903346758586
32.82169531320991
32.84118816923584
32.85729890022462
32.84138054403639
32.84963671567796
32.88331901026135
32.88389682735462
32.88010968517806
32.868685001056136
32.858744444917626
32.84082250845385
32.81784286968648
32.7896854457041
32.75618096618894
32.71720154012003
32.67263062106796
32.62234368447684
32.56624752114454
32.50424246618054
32.43624511190813
32.36217857346938
32.28200248600455
32.19564555417128
32.103085440960655
32.00430117190676
31.899266998617954
31.7879617352347
31.670496758476283
31.54679952905111
31.416935105509637
31.280949112131978
31.138914014416407
30.95650198992442
30.83699035611133
30.677289673437418
30.511894218883636
30.307367174598195
30.16452414006104
29.982821751395925
29.763303054002385
29.604119475482946
29.407453324324557
29.20613857830717
29.000369044258555
28.79032477849274
28.576218355663773
28.358251305338182
28.136619912382802
27.91156942351317
27.68330460291188
27.452057602049873
27.21805158248242
26.98152561611606
26.742715586221784
26.47665715949115
26.259159107244862
26.014937749929032
25.769370330893146
25.52269996974667
25.275179507842235
25.02703747307502
24.778517427052304
24.510050068184693
24.281243629898928
24.0329469561042
23.785180561856375
23.538156671182794
23.292082936766686
23.04717935873133
22.803636338725344
22.547681517919898
22.32143095744013
22.083149295317863
21.835197236470105
21.61310305937244
21.38167593929539
21.152852606326007
20.92681384144775
20.629926443634957
20.41613609018275
20.26664470525858
19.997996780458017
19.842781372425282
19.631303774462236
19.396021542201037
19.233586925660937
19.012640779564094
18.826575010482376
18.656913963654457
18.396461181519406
18.264777186137046
18.136189448946606
18.010714775606562
17.84051047031609
17.619539729061728
17.480470158764142
17.33058773302864
17.18486013187041
17.043298347468827
16.905899783877214
16.772659004287988
16.643570377961524
16.46746610308769
16.3977924066915
16.222659583427173
16.10658107696429
16.059785293106806
15.886927907569492
15.79118660455275
15.69191709142926
15.596655444724469
15.505335266608942
15.408817356273465
15.334361169594288
15.245938935006304
15.168687769689432
15.106144432145602
15.028123381540803
14.972084982960936
14.910274860942057
14.851841264251501
14.786868041656664
14.734836275156969
14.696050828339363
14.650354081599366
14.596211356851537
14.557448518742975
14.519179350116316
14.484819478816915
14.46481089917498
14.435670288268314
14.408967209813373
14.37275229049248
14.351831378726596
14.342592981872835
14.324726931567449
14.308831634642988
14.294821728074194
14.282585794343456
14.272040320685994
14.263092058496696
14.255638699005996
14.237786752877748
14.244864109018113
14.241362598261013
14.33249363986579
14.23768343263677
14.237335779839762
14.237867053737489
14.227711690628023
14.2412580758096
14.232596804417774
14.247246784699744
14.239768426635166
14.24406593733699
14.259873514008001
14.26480641146277
14.270000773346315
14.275408422872726
14.280981973436212
14.275799859280127
14.281636210706322
14.287528219922155
14.304181198701485
14.310055498482715
14.315905810397204
14.312189309535556
14.31692888613483
14.322706083861256
14.329470558427035
14.335132290966591
14.350131445388826
14.438922845050433
14.350910202585519
14.356502480922803
14.363195453853692
14.367863901315397
14.38394851507753
14.380667831845079
14.38576997218768
14.392113749761098
14.398720735092425
14.405649021364287
14.412935232494082
14.420634905028956
14.428801854335353
14.437483867083822
14.446735533947528
14.457632551195628
14.467192188276222
14.478490800114294
14.490581364712831
14.50351905384423
14.5173413819054
14.532112086631177
14.547863882766478
14.564650725831456
14.582512682522768
14.602448193575306
14.622560774763688
14.643850697806622
14.665388464750938
14.689109260713899
14.71408425820591
14.740299751958755
14.767778338445877
14.79652779343294
14.827439820585184
14.857822811928134
14.890343921351024
14.924082616173896
14.95903193131816
14.995981099293655
15.033221232782767
15.070762257606962
15.110173131499312
15.150584243227213
15.191943686414096
15.234196408677198
15.277262571913987
15.321085103162975
15.365589293528787
15.410701172559113
15.45633179489428
15.50241508698585
15.548837468338926
15.601532969652887
15.64241511178472
15.695014410832734
15.736331097858516
15.783185395026377
15.834956464633331
15.876207878099207
15.922197798635358
15.967712539940694
16.0126649128863
16.05696462371894
16.10052191369589
16.14325848584289
16.185093521017674
16.225945746511886
16.265759834785456
16.3044400960695
16.34194613538475
16.378513957163833
16.41317584376172
16.447093756514796
16.479053097329018
16.509888109710744
16.539282526182326
16.567205228806316
16.595950470155145
16.62082531332466
16.64208841740635
16.666143744743792
16.686608013275947
16.705634180949833
16.723246046793744
16.739485973511087
16.7543976685251
16.76802576552085
16.778869089338574
16.791673034795362
16.800301265556485
16.810953747842287
16.819154934238263
16.824853984290428
16.833100455028234
16.83740930505353
16.844438398540905
16.847738912500855
16.852343212143225
16.8567261818612
16.861003227125153
16.866952703958827
16.86973549012844
16.87443523050206
16.8811641509727
16.886762074944784
16.8930021988545
16.898383648219944
16.906296550598114
16.916793102747157
16.92530188604902
16.936638582123
16.949358371834318
16.963573979845876
16.979400060340037
16.99693636744326
17.016293986660163
17.037562419859583
17.061799331113967
17.086215165099876
17.113761735297803
17.14411772781915
17.175668959610896
17.22798027408598
17.249436253180246
17.27215691998235
17.296095258149077
17.34416917951136
17.37971576191197
17.45889984938818
17.50844266834895
17.56039452840914
17.63343386456035
17.58439496387718
17.730490241059798
17.79182014171449
17.85538912558151
17.956339012796896
17.988980498147253
18.058856252606194
18.13066994638445
18.204329270127708
18.279732454656127
18.41106657581226
18.50042766502876
18.5852144251085
18.596421512839903
18.750714394409147
18.838686501578525
18.927570325883057
19.017211284127175
19.1074227829162
19.198043440531155
19.288877223274497
19.379749634244412
19.470448369653795
19.560796265924623
19.66446416348946
19.739610327293757
19.827668007446857
19.914551826389232
20.00004795876471
20.08394842156905
20.18373372782315
20.246116865701833
20.342936297937705
20.39935359656357
20.472102381547796
20.541987962872376
20.630338039546086
20.694522583721294
20.73244973393514
20.78887778126287
20.86815143193197
20.91458150177424
20.96229161734521
20.999983470750642
21.035912429012523
21.06709757467142
21.09339885229493
21.114657679728978
21.130733862249627
21.141489305166328
21.146819603427865
21.149947219809825
21.144121433063788
21.13253833313505
21.115109243191796
20.77652185782171
21.062438250267476
21.027078692669654
20.9856378394191
20.934385536249078
20.884362703371735
20.824504105618566
20.758497074980728
20.686332417155967
20.608038600347687
20.52365187525786
20.43316964851667
20.33674765545234
20.234351807264524
20.12608767746236
20.012026245446318
19.892266566165837
19.766904395748142
19.636024916761315
19.499847225475857
19.35839710544362
19.211837162718712
19.060328605929747
18.90400419572456
18.74300276946409
18.577588933622266
18.407821805291846
18.233927851368257
18.056089206290476
17.874489033814264
17.689316861991177
17.50077575768644
17.309066718755915
17.11438363169779
16.916910925024848
16.716949299636294
16.514609229792228
16.31012998192364
16.103729919576672
15.895615644912523
15.685998087295104
15.475080821973462
15.263085244707494
15.050199717397568
14.836643876890598
14.622610492267032
14.408299558316418
14.193913126465558
13.979629667984927
13.76564354474986
13.552141659525958
13.339294910377605
13.127284490163044
12.916263700842094
12.706409673435733
12.497872879170984
12.29077998458614
12.085348989843023
11.881646221185084
11.679830074474873
11.48002383401223
11.282348612240977
11.086921655567274
10.893827128301456
10.703212534469447
10.515127189320232
10.329673086060465
10.146927130248233
9.966953019347217
9.789859406680915
9.615664541290695
9.44443730334527
9.276220389863001
9.111053505994908
8.948995054544287
8.79005758924766
8.634285195471229
8.481668682505239
8.322743609919673
8.18600168980718
8.042962663023243
7.903120654248629
7.7664702563053485
7.633004603887709
7.502707306462691
7.375560748246393
7.251543619007679
7.130630310707607
7.0127930116882435
6.897999190816014
6.785667529557003
6.677394823762552
6.57150630164113
6.468502745204645
6.3683376191258
6.270963184544776
6.176328989370517
6.0839981002583325
5.995069376222538
5.908334434275356
5.824116899991331
5.7142441877147325
5.636200553620093
5.586011083372063
5.486842501072043
5.415410205793314
5.346063163662956
5.297794220536744
5.233718000073639
5.167494017440387
5.107329716738924
5.044779928673152
4.970403267414056
4.929149078974745
4.873834670974302
4.805855262024536
4.767901489544504
4.717163780314071
4.667832874147591
4.607049626038028
4.573166160602962
4.527718797490285
4.483458690425955
4.428555228406638
4.386722427572187
4.357293168037097
4.318543005606803
4.278223225212019
4.240068881117534
4.202782562747495
4.167652060355056
4.1318430731430915
4.096932765660879
4.061607474288338
4.02928839872287
3.9953796009810936
3.963267787049675
3.9220173909192813
3.900952918908225
3.8707201787479266
3.8421505301311774
3.812047023064291
3.7846327518272775
3.7465720084768086
3.719383043335051
3.692775814726015
3.6667534232316985
3.651073507657691
3.626253032087085
3.6018263609472894
3.578135304671105
3.545679173845153
3.5327921406509852
3.5110681038824785
3.4900329981797076
3.4686744108477683
3.450112943042911
3.4312675057084356
3.4121613298006483
3.394876034959139
3.3794452647408484
3.3638119759939507
3.3490336468139947
3.3351303082302852
3.312316095010611
3.3000493747670134
3.298849896924617
3.288619719336219
3.279344541834084
3.2710349443143922
3.2636991677017027
3.2457775008515775
3.2519717133555943
3.24758508731045
3.2441810591021603
3.2417553545434385
3.240299615858557
3.225556753971249
3.2386058068930956
3.2399155787883314
3.2439039701673815
3.2470652889621894
3.249158499847176
3.2539184089538256
3.261539804066847
3.2679141261726192
3.27499713639301
3.2827448637271743
3.2911118136284183
3.2975431216682196
3.3069044821809483
3.3194132532316862
3.329451894517138
3.3403983870554215
3.351051252597036
3.3625275389489424
3.3738643733210596
3.3852979280289097
3.3967633998493776
3.408195614352392
3.419528142741882
3.430693753578212
3.4416373723453644
3.4522850969126977
3.4625782705731156
3.4724544822869587
3.4818554974975235
3.490722333014583
3.498996710162276
3.5066378625498995
3.5093150809420983
3.519788124156474
3.5252191252156493
3.529826698428434
3.5335721788157084
3.53643662658714
3.537921204433283
3.538920185811576
3.538959837946112
3.5380239552365333
3.5361026040108006
3.5336543795815265
3.5250940178077643
3.524384659603842
3.518504573236015
3.5116529427056107
3.5038474847777192
3.4951073266309196
3.485458204978302
3.4749285638006038
3.4594383650331655
3.451360249300743
3.4343351291468687
3.4206706107323264
3.4063241802274504
3.391342961424931
3.375777549498894
3.3596803103360915
3.343105359620484
3.3261078849818775
3.3087454630456605
3.294834512071972
3.273152745101776
3.255039456095382
3.2367913466886766
3.186250323950864
3.200121476097393
3.1501621098192536
3.163588981914979
3.14550776083521
3.127618616056641
3.1138073378847246
3.0960332935012165
3.07556337379221
3.0622898860488874
3.0460092305069453
2.996721082447127
3.014795064719232
2.9665436446627997
2.9821853632283175
2.9721126354186804
2.9584585912689674
2.9423476099470207
2.9335980468044847
2.9185890328166115
2.9113949492457265
2.9005630464838816
2.8910596759181484
2.877778900839817
2.8689151523121303
2.8605529294815137
2.8526685925028272
2.8123932707920187
2.8419603402721174
2.831606012706861
2.829172237297777
2.8232777629822854
2.8176644737464898
2.8127407079176856
2.8075734685239335
2.8025611784317865
2.797657789643284
2.792819416057959
2.7879996553894797
2.7831506313508685
2.778227377976886
2.773183399376841
2.7679731107232626
2.757514909731963
2.756875015505503
2.750901591650174
2.7393870350288965
2.7378973898883086
2.7302540997374227
2.7232304285335593
2.7151808921599
2.706624365323837
2.6975169469138978
2.6878368641721195
2.6775606073904754
2.666661522201148
2.655136909692336
2.642956435066875
2.630110292893441
2.6165890014013695
2.6023803227490063
2.5874956539177503
2.5719168518827447
2.5556495254888327
2.538697210812636
2.521065561382967
2.502762349190239
2.4837987840979547
2.464186779772384
2.443940420854464
2.4230782104051376
2.401615783024946
2.3795755416708837
2.3569715580176376
2.3338448390878757
2.3102007911239664
2.286071434101942
2.261481790049311
2.2364593497882814
2.211030547279176
2.18522362036652
2.154033706176136
2.1325859858908123
2.105811091650274
2.078770791013228
2.0514917205861165
2.0240010478281376
1.9963226856584089
1.9684970526894843
1.9360140101070664
1.9124669393057467
1.8843191889496198
1.8518026767673206
1.8278743190458477
1.7996235106124183
1.7713822416010854
1.743170803191996
1.715005924452735
1.6869172160040207
1.6589103664247693
1.6310064708387078
1.603221454810706
1.575570000694099
1.5480667101255676
1.5207250101090655
1.4935571047830756
1.466571527028302
1.43978959147983
1.4132120007177926
1.3868511933755168
1.3607171589613003
1.331862967425795
1.3091634885438503
1.2837595868058265
1.2586142427359093
1.2337351258203704
1.209128393587767
1.1848000104308611
1.1607566399788871
1.1370041266363873
1.1135479989768533
1.0903939063162644
1.065301729181982
1.0450111434100233
1.0227926040690296
1.0008962254786768
0.9793257233381993
0.9580856266915934
0.937179962833083
0.9166133964054068
0.8963884644697875
0.8765097264316349
0.8569796412889052
0.8378019188094853
0.8189783421131375
0.8005121646707255
0.7824046694022871
0.764658076782933
0.7472734634367958
0.7302511150559491
0.7135923194505239
0.6972962954617804
0.681237366100016
0.6656691668910824
0.6505783937291744
0.6345944343956856
0.6201295207026284
0.606015488491252
0.5922484184616452
0.5788243367008883
0.565738383308546
0.5529853020838076
0.5414731505130433
0.5284544564352236
0.5166638073641788
0.5051801518993531
0.4947305085664361
0.4831037467582161
0.4724948124895141
0.4628390108504771
0.4520929537948568
0.44228218613077963
0.43271946736151873
0.4233954731440296
0.4143008913450155
0.4060784709696512
0.3974001078589896
0.3883006440316674
0.3800311055935155
0.37194519054498903
0.3640343456768828
0.356290183779653
0.34870468045926256
0.3412701184820676
0.3345156552386203
0.3268255265462344
0.3203161578162284
0.3129038678911341
0.3061248532934459
0.2998930473691312
0.2933770307694694
0.2869192085870021
0.28056508360531235
0.2743120555132603
0.2681582059141915
0.2621020205407509
0.2561426958659503
0.2502797698359948
0.2445133080770993
0.2388438948721141
0.23327263302953877
0.22780074926306196
0.2224300212285976
0.21716260503198592
0.21200063784541273
0.20691555810911844
0.2020035506912467
0.19717393530968402
0.1899680758267358
0.18786680234428418
0.18339514221993736
0.17904835124245344
0.1726975639639124
0.17073995796623379
0.16481978050832216
0.1535456804187561
0.1592735029343211
0.15572382132831672
0.15231210596698996
0.14903924981591377
0.13827107463328253
0.14290887949166456
0.1386420060273829
0.13055489971190284
0.1334348795704778
0.13226915775379544
0.12874009736353842
0.1265775500145977
0.12566336417379392
0.11815769436057254
0.11644857660117638
0.12012868298296615
0.11745404218276932
0.11684052459872704
0.1071255446825245
0.11403401968818522
0.10794244379444659
0.10676863982521792
0.10953257654966482
0.10844875736230102
0.1082724404940827
0.1064252517931602
0.10547263071300476
0.10069730363806842
0.09979768553648584
0.10277644394260581
0.0980500358169899
0.10105541385640623
0.10020179641704817
0.09934647390830731
0.09848518460214419
0.09378854029731581
0.09292736806200261
0.09582947907444937
0.09491059451552886
0.09397120980234154
0.09300987339541888
0.09202558777311733
0.09179542132256133
0.08656878649933854
0.08893236924699499
0.08865385907524499
0.08675861158838344
0.0826389552869494
0.08514804112971146
0.0839701529294208
0.07742035464473153
0.08102938764356919
0.07985336503071844
0.0786744901906403
0.07550250808156386
0.07296577282508528
0.0721016730291502
0.07100075364252065
0.07041402754526838
0.06939899473587154
0.06862304068037396
0.06786505547806282
0.06713800062381332
0.06640571991780271
0.06570526151222868
0.06502896436957553
0.0643632779322885
0.0637212202432497
0.06309766074641636
0.062491740147553265
0.061902329227453486
0.06132807192306416
0.060767422936964306
0.06021857034422549
0.05967955784829764
0.05914827454303936
0.058622424985779874
0.05809960270834541
0.05757732765798717
0.0570530372569553
0.05652415838982042
0.055988088109754634
0.05543102056091592
0.05488424749939863
0.05431158008286889
0.05372201562889905
0.053113459707878286
0.0524840132126083
0.05183197789642702
0.05115594100585277
0.05045472930428185
0.04972749858743328
0.04897369982187155
0.04819317210044493
0.04738604369520739
0.046552831246711994
0.045694419237333694
0.04481207809271545
0.04391035024831427
0.04298234682722312
0.04204268589334087
0.04108417845189166
0.04010984165645727
0.039129716976955296
0.03814388431979581
0.037156051478199795
0.03617011688309916
0.03519011459959455
0.03422017539440277
0.033264478849907776
0.03232719065342571
0.03141245059145769
0.03052426160075758
0.029666474074724294
0.02884271661370952
0.02803965770805239
0.025154644731189665
0.026403361378122762
0.022860710605070948
0.02229436175472418
0.02101642140058007
0.02017756957393168
0.01938520901258843
0.01865731853265938
0.017990732597585362
0.01738659573388322
0.016852210508442135
0.016366267002016457
0.015948050612068533
0.015588260668415326
0.0153612689340796
0.01502937339687279
0.014820521923905431
0.014650541734965855
0.01451199766952365
0.014396606565292194
0.014295051348238191
0.014197108781183578
0.014091782337544094
0.013967232988135559
0.013810980980841232
0.013609829264873871
0.013356385730795235
0.013017948180538044
0.012598558503935754
0.012077564042409547
0.011440303620837235
0.010672086243392637
0.009758577426654008
0.00871108666940859
0.009039327430479787
0.007155160626626446
0.005085970750340317
0.002827262388818416
0.0003758826389480456
-0.00226994675320376
-0.004327626038995187
-0.007207148342379863
-0.011368742458714217
-0.01477871005261993
-0.018355859677978453
-0.020616709750640776
-0.026036504500706863
-0.030106399398723102
-0.03431124089344201
-0.03864008698335899
-0.043061228877074045
-0.04756277816766282
-0.052123117650047734
-0.056718799090717475
-0.0641666898908807
-0.06980810118970163
-0.07552872451607161
-0.08137897790984655
-0.08718617616996378
-0.09192934349021165
-0.0974876692340485
-0.10438730707228099
-0.10827122558885363
-0.11341909845920013
-0.12046782220623221
-0.12302501192648227
-0.1273997775191859
-0.13143267131071995
-0.1382123143415647
-0.14136828468742163
-0.144376259525812
-0.14687711148449875
-0.14926062062392842
-0.1501904365796151
-0.15092225603317658
-0.15098633779836582
-0.15089572493143094
-0.14896886323081387
-0.1474953611686969
-0.1438767240722283
-0.14010749139131531
-0.13549153913233178
-0.13000948876280383
-0.12364573548236515
-0.11638839362759429
-0.10822952190985685
-0.09916544497241286
-0.09007970896128298
-0.0791327514469966
-0.06738210079701164
-0.05484344729112678
-0.0413530856198538
-0.027025372539361485
-0.011886390625412982
0.004031186862942099
0.02069040488882573
0.03805052420216548
0.05606587069550231
0.07468722333803106
0.09386111599903224
0.11353007567273614
0.1336336629307846
0.15410746160621452
0.17488455559692745
0.19589495729090467
0.21706693221349976
0.23832425877174446
0.25959231276009964
0.28079307711606494
0.3022142926337165
0.32542053066317456
0.34320069161169414
0.3635141800365433
0.38779366939957244
0.40508675010325956
0.41782382548857383
0.4336452878296044
0.455518169760413
0.4717521948920734
0.4870293773275484
0.4977778392751018
0.5142364748252526
0.5219894263505102
0.5324224656083701
0.547837751669882
0.5497154915966819
0.5631258206054329
0.5691433679224149
0.5738303504810921
0.5771645955632889
0.5802003815933189
0.5797141096111624
0.5800887480353611
0.5778267832337798
0.5744302383223474
0.5682406713790644
0.561967873629334
0.5543730376545953
0.5468738042878645
0.5353417449458235
0.5239809602820745
0.5127366514332271
0.49923387978366374
0.48451399802852785
0.46878527036068013
0.4521063845783907
0.4345459491391172
0.41617349354952937
0.39706251322885444
0.37728818170423367
0.3569286555863296
0.3360631170130527
0.3147725747580027
0.29313880841393664
0.27124330399778124
0.24808833012322426
0.22700298331312224
0.20481971156279238
0.18270238869296562
0.16072988397168003
0.13897938279999328
0.11752559261584643
0.09644106843256481
0.07579443761822446
0.051018603963659204
0.03603461045575442
0.017132020323279564
-0.00113446043173809
-0.018668945757424636
-0.036959205662102805
-0.05602477524563318
-0.0695327017568202
-0.07855236981476478
-0.0868071677877759
-0.10622396295044953
-0.11577174973659177
-0.12568560785192748
-0.1374256781132084
-0.14554768938808227
-0.1529754588257045
-0.15943483620610918
-0.16542735907869066
-0.17002412286458624
-0.17313348479428917
-0.1764602737552901
-0.1783511407140721
-0.17939500449735685
-0.179626009976482
-0.1790800395694619
-0.177795997611693
-0.17581483179619636
-0.17317961108896518
-0.16993497948388833
-0.16612631808451866
-0.16180223868466426
-0.1570105734079443
-0.15179825340889788
-0.14621433699048653
-0.140307493782576
-0.1341254330997958
-0.1277154660225936
-0.12112380969942917
-0.11439563974339342
-0.10757460918336287
-0.10070276917783838
-0.0938197522480516
-0.08696533354604746
-0.08017395361730632
-0.07347979581639903
-0.06691417392142064
-0.06050580518958442
-0.05428079965694632
-0.04826262423256327
-0.04247208491805411
-0.03692717191484819
-0.03164322097473852
-0.02663292126697038
-0.02190615623048551
-0.017470207584938263
-0.013330434447301332
-0.009488731416369847
-0.0059453907906525496
-0.0026983294407335098
0.00026528115774052986
0.0029257336242614193
0.005316781947049905
0.007439339983452583
0.009304459868605182
0.010924467549044034
0.012315191180144413
0.0136425216576549
0.015460380276251837
0.01608648722936926
0.016558100144868113
0.016966821850078185
0.017323365191657357
0.017638041236724328
0.017920663150832433
0.018089419880089115
0.01831262858521244
0.018650759932307928
0.017891620687549424
0.01674145660494755
0.016594314366212663
0.016446689383728636
0.015898871241733496
0.015678640227629985
0.015525113900758659
0.015412201015655727
0.015340813106214605
0.01531646510617888
0.015343654292823956
0.01551838350468792
0.022888543549855075
0.01586478375925489
0.016018929353779333
0.016333354017114915
0.016817712794387443
0.01724581868635328
0.017724728817148903
0.018130762556302714
0.018698541228666807
0.019305105736201214
0.019945378606019897
0.020613988913024232
0.021305303238381108
0.022134090872851488
0.022733120189884076
0.02345803291600161
0.024182680808502242
0.024901542699952747
0.02571945106294048
0.026301149603317538
0.02791011398399369
0.027618478499284345
0.028235996726219077
0.028821488197518657
0.029372203849235768
0.02988561018312604
0.03036013433051278
0.0307945190779757
0.031188035174446137
0.03154052227177375
0.03185236153351517
0.03212432110630553
0.032425643566523624
0.032554556082581614
0.03271671374685367
0.03290892275508376
0.03294764163788768
0.03302240412468623
0.03307442512227614
0.03316516850058358
0.03312438213127496
0.03312966777688853
0.03312678730547924
0.033119454824503305
0.03311128000854714
0.033105738016414504
0.033106146579759535
0.033115619845586704
0.03313700070918592
0.03317278636583543
0.033225308127326825
0.03329640380802327
0.03338759578939082
0.03350004350364996
0.0336345201598655
0.0337913415632304
0.03397053091332503
0.034171627193481297
0.034393880842089185
0.03471244421028341
0.03489637528472855
0.035252698778864985
0.035545451140698625
0.03585013495087981
0.03616409245036818
0.03639998766654679
0.03672256196331291
0.037132541172671
0.03737440347022742
0.037679474016405284
0.03807505780583576
0.03836855918278746
0.03864656125295854
0.03881042352767758
0.039047069725370497
0.039259855605389526
0.03944645232556591
0.03960482699989411
0.039733219474223994
0.03983020759641697
0.04000617867125149
0.039925998811282296
0.0399237420608185
0.039887924137333754
0.039818978916065215
0.039717594754475456
0.03958496200496267
0.03942256231355622
0.03923219251020074
0.03901596979267444
0.03877633377302633
0.03851602273971096
0.03823785581481552
0.03794502204871288
0.03764083985079459
0.03732864507102692
0.0370119913481035
0.036694396218569014
0.03637959791030766
0.036070504058997976
0.03577118907196829
0.03548473594512502
0.03521431387102995
0.03496311460436966
0.034733137924491286
0.03452758763937989
0.03434844150286675
0.034197527739117044
0.03407638517074269
0.03398616554430592
0.03392799161886215
0.03390135412961455
0.033907222432148915
0.03394490434110378
0.034013669330244994
0.03411238110778518
0.03423955662337127
0.03439335413397083
0.0345716087983898
0.03477226109800686
0.03499139597472352
0.035227113511483006
0.03547583345959472
0.035734180026083424
0.035998650029837556
0.03626563568165876
0.0365312757046292
0.03679204421136553
0.037044228872655384
0.03728412724227207
0.037508238558305845
0.037713260504286174
0.03789601765079421
0.03805352051347277
0.03818304415064873
0.038282178574829816
0.038348823919616574
0.0383812062355103
0.03837796048753762
0.038338043895918515
0.03826085850440162
0.03814601369501284
0.03799381436495209
0.03780475486583269
0.03757986931228462
0.037320371690278895
0.03702805191404835
0.036704979821333965
0.03635354831229176
0.03597644237665475
0.04154860448289696
0.03515767191294659
0.03472270339213458
0.03427620581617931
0.0338198889703072
0.033360327402882535
0.032898867419539
0.039205642069844344
0.03199147542755348
0.03155275487698658
0.031129112292709912
0.030724340814148793
0.03034198035076252
0.029985114079340555
0.029657027863578336
0.029360437538809764
0.029097885233353313
0.028871538370957378
0.02868326934306921
0.028534568823497197
0.028426595489414244
0.02836020374847316
0.028335526131185312
0.028352937976270864
0.028411737986378888
0.028511501545413376
0.028651074036421087
0.028829186208760363
0.029043976263587387
0.029293547332949865
0.02957553964648625
0.02988779348758036
0.03022831947564973
0.03059138988838682
0.03097714162958662
0.03138146808199295
0.031801001932849904
0.033354263130290385
0.03267491873168747
0.03312067116500027
0.033570552583936944
0.03402061780138664
0.03446774624973738
0.03491094425614304
0.03534410880567809
0.03576995496694983
0.036306867192106615
0.03783316168848057
0.03696801368298536
0.03733640764018778
0.03782097824328165
0.0380279588052367
0.03834806833960629
0.03878645511335256
0.03893957550928692
0.03921101638778725
0.03961137614159568
0.03971660397550311
0.04138737851250196
0.04163357102266514
0.04187360866315991
0.042109744579426886
0.042344526113581485
0.04104703114276381
0.0412661007764239
0.041491830139208125
0.04332385525908053
0.04359285303797736
0.05700088367961362
0.044179768702222316
0.04298878831419731
0.04485033345621148
0.04349342487509644
0.0456249996097452
0.04428152411786043
0.04652200278997551
0.04702119995391055
0.04755643329518511
0.048128977676448664
0.04873996956867235
0.04939018579330229
0.05008042258286291
0.04884855783974665
0.051581769051286835
0.05239293481704993
0.0532440730411059
0.05413457151197251
0.05506377550355476
0.053927409945116356
0.05512222268516595
0.055924596296600765
0.05914579216124824
0.06025112613326336
0.05939067399392711
0.06255294051792851
0.061479729760030105
0.06290468683381081
0.06412690057064177
0.06537172684162201
0.06663767281919397
0.06768424402507708
0.0692271542126395
0.07030409942208957
0.07163836802996681
0.07298500783705425
0.07460193716626501
0.0759809125033831
0.07711662599602603
0.07851619350896355
0.07993053754151405
0.08135979693044018
0.08279669671311726
0.08424929456937313
0.08571582723364751
0.08719627565339069
0.08869242026481083
0.09020450646784181
0.09455255837050516
0.09328149013246995
0.09484929920897761
0.09643770349694267
0.09804897876830629
0.09998257438400168
0.10134388786821133
0.10303015289644182
0.1047447725742876
0.10648782587755168
0.10826170170328825
0.11006652127242644
0.11190324588424716
0.11377645544549997
0.11567691016750642
0.1176147303898768
0.11958738300850136
0.12159443693653177
0.12363617769090796
0.12571214433653116
0.12782598191692485
0.12996664799459529
0.13214375428782815
0.13435295028418393
0.13659331943866287
0.138864057099925
0.14116282767826593
0.14348937760652558
0.14584221747606874
0.1482192218450621
0.1506190342911194
0.15303978940490232
0.15548095963377107
0.15793985008269024
0.16041521139900738
0.16290530882472476
0.16540924425165016
0.1679254712801283
0.1704530658553683
0.172989830296562
0.17553591374020555
0.17809018508483526
0.1806519333130781
0.1832207854455114
0.18579641196933772
0.18837876130211934
0.1909721413588078
0.19356418078439863
0.19616834222674057
0.19877980209100088
0.20140061039784257
0.2040310939980175
0.20667296974866345
0.20932597294031763
0.21199705603240315
0.21467411533491781
0.21737074618503083
0.22008426506078388
0.2228167003682754
0.22556788169030656
0.2283403113954347
0.23113399432047382
0.233950062095246
0.23678902281023584
0.24014335257922387
0.2425369835785819
0.24544611453820664
0.24837828504626996
0.25133274085100493
0.2543080871731877
0.25730355538676786
0.2603207593190051
0.26334360942848245
0.2663841179492975
0.26943409972255034
0.2724904417560359
0.27554828790002356
0.2786033489777517
0.28165224318637544
0.28468823248497555
0.28770570284574287
0.2907054711924226
0.29366444500969396
0.2965924101422947
0.29947717209415003
0.30231188763438294
0.3050892820768908
0.3078021644170529
0.3104438322986334
0.31301067557829276
0.3154800186460717
0.31786089341947565
0.32014043520342267
0.32231144940262746
0.3243669061848555
0.3263001919646415
0.3281107231253541
0.32977450360706645
0.33130388514957654
0.33268721423008024
0.33391953002083596
0.3349965398221584
0.3359204560131155
0.33666917019817855
0.337258508128725
0.33768037861600736
0.33793186373713074
0.3380118804580461
0.3379210082727452
0.3376587036105996
0.3372262201755859
0.33662308967823307
0.33585266759958754
0.33491748744480876
0.333818769525577
0.33256149997536366
0.3311492690751312
0.3295870300783923
0.3278779053893782
0.32602945478792744
0.3240452535694436
0.3219334418438098
0.31969870759345376
0.3173474587177174
0.3148880689126714
0.3123266207311065
0.3096711175112201
0.3069271305121777
0.30410366911420816
0.30120821935319764
0.2982461823684035
0.29522709123740853
0.29215809643513213
0.28904525683141424
0.2858956974737493
0.2827175060580246
0.2795173013844666
0.27630074741192845
0.27307476407631226
0.2698509620078442
0.26661781900803927
0.26339922400260696
0.26019396155285895
0.2570073725856161
0.25384396510311424
0.25070888211868875
0.24760569581397768
0.2445394021766218
0.24151196506580663
0.23852900228064317
0.23559224904691228
0.23270470975651536
0.22987063563855747
0.22709088273585792
0.2243691991396416
0.22170724594275226
0.21910728239110006
0.21657204108420786
0.21410145347101
0.21169944257521384
0.20936601968862367
0.2071046832963928
0.20491497476479048
0.20280038852788923
0.20076169202725985
0.19880127847010298
0.19691934648971987
0.19511950517983306
0.1934017949098984
0.19176929301387113
0.19022374310532342
0.18876767222740626
0.18740176709097733
0.18613007699317446
0.1849588234625258
0.1838809250448295
0.18289866870534394
0.18202533133803628
0.18125857361450937
0.18060158061580678
0.1800576436488715
0.17962861456962548
0.17931932202510342
0.17913301527772724
0.17907197664147778
0.17914638182857462
0.17934447474766096
0.17968408919993467
0.1801705194239298
0.1807923766947283
0.1815675158068482
0.1824968084729205
0.18358263732709507
0.18483062476197176
0.18624484226484406
0.18831720623912068
0.1895923424254588
0.19200823993475313
0.19412687603369067
0.19596171423099262
0.19893352564018452
0.20163077166898846
0.20406318934123913
0.20717732950878376
0.21095658270763562
0.21449285039354443
0.21825134709425198
0.22178509725013668
0.2264564861163727
0.23091373109589536
0.23561498000854209
0.2405657059319236
0.24577171234340528
0.25123899320107007
0.2569736605580646
0.26298157393456695
0.2730320174083766
0.27542734483066106
0.2864132092475458
0.2935494544237986
0.30099147986166375
0.3087464987093067
0.3132384679201204
0.32522307512064963
0.33004468824714256
0.34303588077622377
0.3524613284645054
0.3622424709727573
0.3689890281930036
0.3829008804848143
0.3937925214381656
0.40506860605899386
0.4131011378772962
0.42556335965934267
0.4412726635731464
0.4541549179362339
0.46745508155061094
0.48117856889413
0.49533165026581694
0.509919433848654
0.521938668547925
0.5371093301114807
0.55339667094551
0.5698013759680363
0.5866602528028164
0.6039757459399966
0.6217491339268174
0.6399810457143298
0.6586719050736582
0.6778205289720787
0.6974246835704774
0.7174821252260881
0.7379889083655498
0.7586558967643462
0.7800500266388513
0.8018728696015838
0.8243961177581063
0.8467869548292156
0.8698502290716625
0.8935690434315591
0.9173997352503591
0.9413402283936135
0.9658852858307749
0.9931813128739244
1.0159458381294506
1.0414216066033557
1.0671678974695675
1.0931618631725462
1.1193754905226412
1.1460021955732103
1.1744858943369945
1.201164570197604
1.2259154303917057
1.2528294947910543
1.2797926724274054
1.3067729001048307
1.3337361795273917
1.3606487262154958
1.3874734866139709
1.4141764034379984
1.4407204456298288
1.4670678958794559
1.494825345991892
1.5190253395877826
1.54455927578094
1.5697471190570584
1.5945505874693888
1.618932658525648
1.6428569277318763
1.6662864292060755
1.6891868520595714
1.7115218711766407
1.7345955818888792
1.7543651737134158
1.7748101175771174
1.79456291858284
1.8148510596162508
1.8331219540949264
1.8493980913032846
1.8661196189273042
1.882026505636451
1.897100495553271
1.9125146778962798
1.9258728530529747
1.9371731910764178
1.9499609207264141
1.9606759554214968
1.9704988647702844
1.9782261759269546
1.986376869170501
1.994617629695726
1.9996471440708488
2.005028647503053
2.0095488933241983
2.0133527264442104
2.0161979665736953
2.018097212196172
2.019341924317578
2.0198224155314257
2.019711459060749
2.01874972771842
2.0171098893965476
2.0148238908539438
2.011765493138285
2.0084507424497606
2.004435156682306
1.9999174596422982
1.994935405247856
1.989528144956308
1.9837367861856579
1.9776010671904352
1.9711602860902362
1.9642533047209931
1.9575278487790957
1.9504153350897506
1.9429386833123337
1.9355705234514469
1.9281279888594791
1.9206538553899424
1.9155665377128015
1.9057413942514492
1.900867874114062
1.891090671360655
1.883937447834323
1.8796085065928883
1.872839426537673
1.8634775717240282
1.8570666894032384
1.8508920657076402
1.8449706630220168
1.8393178602041644
1.8370340762112525
1.8288671956947986
1.824094008340964
1.8196252069913763
1.8154772496386113
1.811654199121385
1.8081607383095233
1.805003236939721
1.802186068376279
1.7997180901978393
1.7975946653559065
1.7958330140248715
1.7944383131632362
1.793420012962186
1.792790632194181
1.7925654506768867
1.7927607902600675
1.7933999724683727
1.7945075226828722
1.796114678116865
1.798255192693012
1.800971003918186
1.8043080028153122
1.8083191258846376
1.8130641006484856
1.8186104360346766
1.8250323466857719
1.8324115503256941
1.8408401857552144
1.8504203288566203
1.861247018383036
1.8734547267478299
1.8871499479111449
1.902481798135293
1.9195898464188867
1.9386313579243006
1.9597497674737814
1.9831326155388944
2.008951784679998
2.037392911790034
2.068648744128509
2.102919025284364
2.140410687834875
2.1813412258129037
2.225907699877002
2.2743502816982923
2.326886136724326
2.3837389961862456
2.4451370745747587
2.511306230552492
2.582471386515678
2.658853570572516
2.740672832808409
2.8281410483141127
2.9214635078737246
3.020842073677656
3.126460958002636
3.238501894007392
3.3571270612684234
3.4824903960680262
3.6147260086915787
3.7539541818485835
3.900275726495758
4.053772189685795
4.2145036953475286
4.3825103001735455
4.557807119044117
4.740385082904266
4.930210943738077
5.127224229465829
5.331337768517807
5.5424372717820996
5.760381159461649
5.984998737707151
6.2160892093729885
6.453426351972555
6.696752834276839
6.945784364533285
7.200206965279546
7.459682272847733
7.723841803266686
7.992318134416829
8.264358058070117
8.540381881435048
8.819114302555967
9.083859438519948
9.38353809400118
9.66529449296964
9.953456618191671
10.23978501679599
10.525589259089733
10.810130661558325
11.094382952108235
11.37621850280052
11.655584512772565
11.931889908987467
12.204553808470642
12.473020808630332
12.736712784401162
12.995100604683657
13.247643851374455
13.493806739735012
13.73311419774094
13.965062281146361
14.189203475445625
14.405109869274522
14.612355678098508
14.810613479996116
14.999498182154664
15.178695603923954
15.347962777176205
15.50702294978667
15.65569670492354
15.793786456320095
15.921181618342686
16.037799091813316
16.143537511519703
16.23843680009342
16.322472702799413
16.381578334712316
16.45827863269767
16.51026628745187
16.55186358129402
16.583262485208177
16.603336648033665
16.603168736580134
16.617459154396443
16.610734674202735
16.596539373534753
16.57145587847088
16.540857031801792
16.500298421274564
16.45380220309402
16.390993484041548
16.3319194442754
16.26707808439707
16.206369678872612
16.12196278119345
16.051162842363055
15.967487340976916
15.880387034514651
15.783186761283641
15.691102020168344
15.603154801897059
15.506934212459054
15.404287095081632
15.30657024246065
15.208451704449264
15.110319094570736
15.012508785523094
14.918000686786765
14.8216904573729
14.707724071674148
14.617678760150875
14.540513259074169
14.442818133840463
14.324850764648119
14.268877843961118
14.194173961997082
14.113825178106417
14.0362033587733
13.961387957418127
13.88943448915656
13.82037655700417
13.754230923800598
13.690990113995898
13.63063855039113
13.573138548096363
13.518432728109165
13.466455038899975
13.417131576436136
13.370368785370465
13.326071662333536
13.284123423053359
13.244420455547578
13.206833498205228
13.17124404151406
13.13752044711146
13.105537370948342
13.075166626435424
13.04628116606664
13.018750890292106
12.992453720310369
12.967273277908143
12.943091200395482
12.919797247180712
12.897288459282032
12.875464942147767
12.854237136097211
12.833520992556354
12.813240154778393
12.793319405869937
12.77371533839745
12.754358799504441
12.735207310047103
12.716215584606623
12.697365009065935
12.678618640026787
12.659974174429472
12.641401023502674
12.622905887347558
12.604482143712735
12.586129625246437
12.567863120235792
12.549688917226941
12.531622950256319
12.51368216322763
12.495880997939492
12.478246382552815
12.460797006985839
12.443547895982501
12.426523900260735
12.409740826433206
12.39322323080189
12.376983267893168
12.361039228167579
12.345400634975528
12.330079612173266
12.315085378626625
12.30041472020314
12.286073347391618
12.272059710943273
12.261743802641679
12.244980571788345
12.235025120469196
12.219097117040402
12.206557213449413
12.194261892977156
12.182176229081298
12.170280964964645
12.158776241578645
12.146923022254178
12.135398000584368
12.125842891339602
12.114247365889463
12.102621757917111
12.089413608860205
12.079140103661915
12.067204168454744
12.06416320376725
12.041812497297276
12.037306308133477
12.023486750694543
12.009371843252463
11.994914607482242
11.97573940121512
11.979059748409012
11.960421261774977
11.949848459672607
11.927439965816907
11.9068116589684
11.885360525072782
11.863867361237057
11.842408220056653
11.820969907120153
11.799564922186168
11.778258058382875
11.756841741928255
11.739663133339846
11.714263123522892
11.693035750728727
11.671852956012646
11.650719322673341
11.629638323074357
11.608224881022768
11.587668114255246
11.56666293198576
11.536559981426636
11.512972849219532
11.470413720456168
11.44660260653452
11.441322883998428
11.39111332842521
11.362908766713215
11.334438917905644
11.305725506184237
11.267221240487036
11.237089079570671
11.206768677017347
11.17629038535633
11.144144137745906
11.1131488655489
11.100539646811784
11.070969580251113
11.041421628803176
11.011911508386095
10.95903781828167
10.953134482791757
10.897733888768956
10.866965301360137
10.865922694440265
10.806534120137847
10.78017983953596
10.750648688066173
10.721369309502649
10.69235385908213
10.659447965755337
10.630874861557025
10.60260498724625
10.57513402805271
10.547069461149906
10.519840456467767
10.492959652008963
10.46698757822146
10.440884713182523
10.414628723903043
10.389867126911097
10.370063227183104
10.34568165391371
10.321722122098846
10.298177890646844
10.26894395129784
10.252390084779837
10.230148592490002
10.201904488774264
10.186988208143966
10.16608469736885
10.145631869397953
10.119505159912295
10.099902215164384
10.080769273461701
10.061403125061693
10.043943952684158
10.026270751371593
10.015652172423641
9.991657375561365
9.982930862048924
9.959828688596335
9.94546535090248
9.937744543978312
9.916067207623128
9.910329496072945
9.89745866377779
9.885170805036276
9.865565772991303
9.854420708818976
9.851867476397558
9.842002731492553
9.832771394055642
9.824197053678002
9.816276951764696
9.800864433086108
9.794286311992982
9.78841360294667
9.783261697413588
9.78712938552635
9.77517730641391
9.772259766443872
9.778459403724412
9.768757436135688
9.769032235860145
9.776793513328602
9.770310974622536
9.771329960944787
9.782411042754921
9.785932771554483
9.79028897257419
9.787958654587166
9.801516497223572
9.808387122146556
9.816093234192582
9.824634470152336
9.826552624285423
9.84419198506473
9.855196944866464
9.866991318564075
9.879572638276114
9.892923789237667
9.899760534407132
9.921857696411843
9.930211629569436
9.946476169622034
9.963392648300903
9.980936354287834
9.99828553026105
10.01698222060627
10.036965799491202
10.05588295475863
10.076005165757685
10.096524590305958
10.118115818471981
10.13926109611958
10.16064347577402
10.181507519913279
10.203926680063981
10.22571808814375
10.246851921010213
10.268633498647606
10.290998204433054
10.312528852004288
10.33319978630447
10.36060144658578
10.381239512691486
10.401488855342995
10.415221114290148
10.440591434135683
10.459333078099291
10.477468626140917
10.49493507750021
10.511696647790354
10.522090215513579
10.542909607520496
10.552332878771056
10.570772516446368
10.578517097810257
10.590218680652143
10.605743322546038
10.615489151055076
10.624262914783282
10.632050027781354
10.638857524426163
10.644699527069267
10.644314288042025
10.653513729369068
10.651222678406798
10.701546627566595
10.660015336908232
10.660553444932734
10.654833548346351
10.659514215825755
10.65294585505614
10.650907708360279
10.653729396418402
10.651018687631721
10.642544583734567
10.639351981438967
10.641918200154555
10.638945274542198
10.629454595999707
10.626906577671793
10.631965542408073
10.630748335687073
10.630325162843219
10.623147108307233
10.62455899538704
10.627225577456711
10.631307124418566
10.636974590506574
10.644392026254192
10.653708685173646
10.666057816907966
10.678788519942682
10.695866110308549
10.713563187093468
10.73500105302654
10.75935874823909
10.786815295113891
10.817520919951942
10.851646032255557
10.889339282699131
10.930751953942137
10.976056357741387
11.025350529489241
11.078837867834945
11.13660073894957
11.198816449154151
11.265599051372645
11.337080972241885
11.413376232260038
11.494618742889875
11.595081724169605
11.672380094367002
11.769127245189166
11.871261090147929
11.97889794024671
12.09213342576372
12.211070706729076
12.335821113892068
12.466474239333246
12.603145307643764
12.745935577070968
12.894950598077404
13.050317826292902
13.212090738054899
13.380444886820696
13.55547492948347
13.737304520657817
13.926067736939698
14.121888471807397
14.473869372208826
14.535273865524921
14.75313287222699
14.978643101175413
15.211981057751167
15.453268883316255
15.702725560303007
15.960519222400851
16.226826052203965
16.501840121200143
16.785751502096996
17.07876040748501
17.397068981447116
17.692831986970482
18.014293424119533
18.34563232669128
18.687031960770636
19.038686055316976
19.40075953802032
19.773428698000018
20.15684481459658
20.551149905384193
20.95647492182184
21.372926692807226
21.800577038688928
22.239507840174586
22.68973776548198
23.151289770428672
23.62412743335479
24.108194936727045
24.6034099983006
25.109604758287475
25.626636360565684
26.154268819174263
26.69223045897819
27.2402099186091
27.797843856883325
28.364688647391255
28.940291515609683
29.524108335397983
30.115552984606484
30.681372066355387
31.304121230010207
31.928858904768635
32.505904417549935
33.112195418008454
33.720846443323076
34.33086486589228
35.02135942083511
35.64358173205622
36.158302022241045
36.88214111592389
37.4960012299405
38.104528449611315
38.544265945003744
39.3199888453174
39.88434041110387
40.45762764054257
41.018494369084436
41.59533379784232
42.12567293758659
42.642087358688435
43.140068877310874
43.618092100885846
44.07465217678606
44.50827148362709
44.9174811432386
45.30555153733004
45.66188516616288
45.98961400492493
46.28744562136145
46.554122700851686
46.78845535975752
46.98933149862898
47.155701511893064
47.28661520959835
47.381182063355176
47.438623383411034
47.45825161515092
47.439402798182705
47.38180175866859
47.284869072700744
47.14840553539739
46.97226348130651
46.75639286143298
46.50090457834154
46.12772430333555
45.87193926411011
45.49921768016469
45.08838267153983
44.64011351761526
44.15519765139936
43.63450918369308
43.07909398962229
42.49004369094397
41.86859759772217
41.21604858818843
40.53380767439276
39.82339452735058
39.08635908815913
38.32434130172168
37.53908986680269
36.73234732111321
35.90595731126057
35.06179053214875
34.20175969671937
33.32779162008125
32.36777365881114
31.473184642212086
30.64200694351146
29.732022739913617
28.817963688364518
27.901779771294283
26.985367256921357
26.070630243682807
25.15939665647502
24.253464803369592
23.35456507944949
22.46438373743517
21.584503639839202
20.716488581447777
19.8617736951674
19.02174628749494
18.197689558141917
17.390798920498078
16.597899770627567
15.83284827165113
15.083708583556541
14.355581925852388
13.649185791275816
12.965105452668826
12.30395390325437
11.663092745408791
11.051758817157738
10.461350772398639
9.894899849753772
9.352485104681652
8.83406377732308
8.339518043764008
7.868650324969937
7.421185542373007
6.996785077584898
6.580284484391134
6.215465447118994
5.8575525533786434
5.50923908551385
5.204344762081708
4.907765286466003
4.630287860112913
4.3711820796051954
4.129701902585378
3.9050750895565294
3.6965182876574336
3.503238029750065
3.324433379965416
3.1593182376499898
3.0070845111954436
2.866951372180931
2.738143393435657
2.619898782317897
2.5114830774028487
2.412168248028881
2.3037748905517788
2.2380862860574737
2.162005360934655
2.0924012458485572
2.027399864277453
1.9596641353870723
1.9156871429935136
1.8665526524160245
1.8135919118445232
1.780386290002908
1.7336831590161415
1.7055261843526328
1.6643348906373905
1.6394454387876318
1.6105233804867483
1.5750265825408132
1.5482435372206493
1.529231580275604
1.505454548491171
1.481924442339353
1.4590954028940288
1.4360931166301594
1.4154124834438941
1.3944097489504474
1.3730075658949217
1.353820256101684
1.3260788401045869
1.3067727468301111
1.2951165067518997
1.2775221366838772
1.2584875462712564
1.2407429276873045
1.2242972878930412
1.207335510251877
1.1907802079209668
1.1737347178660098
1.1588323451801557
1.1436424474252496
1.1288041652874827
1.1135233653487722
1.100476114762539
1.0861102750318992
1.073085177814174
1.0613923325555836
1.0492643478839643
1.0375766418057897
1.026319827968636
1.0154826950901152
1.004164314785202
0.9941197378053542
0.9853457093507993
0.9751319537878531
0.96615222971963
0.9584118562664877
0.9500576344405622
0.9410324241463254
0.9331966957467001
0.9265708501604799
0.9190986797624819
0.911011541098297
0.903988895301807
0.8980617488221145
0.8903849686811797
0.8837663980460966
0.8772457652349346
0.8708071814966318
0.8644332240691613
0.8591738941991309
0.8518198576675041
0.8466593595010787
0.8405459788979636
0.8330156790398358
0.8267241789375821
0.8097199702178192
0.803151731538179
0.8076003856065885
0.8011021243742784
0.7830800087850125
0.7893003605106679
0.7825427181029192
0.7622355301742081
0.7671529253564753
0.7477745072835547
0.7403453930838056
0.7327718721999837
0.7250449245723318
0.729760419025637
0.7233395407060713
0.7135590872958901
0.7051588702064028
0.6979780462299079
0.6877291466076051
0.6786909593521873
0.67100348799045
0.6615143962943217
0.6518015786602079
0.6403451721181216
0.6317243049815326
0.6213667100656005
0.6108069325959404
0.6000545497670319
0.5891207467435712
0.5780194166945378
0.566765333122652
0.5553756809376533
0.5438691012015634
0.5322657621930501
0.5205874686832244
0.5088570810249681
0.49709862090722945
0.4853370898328232
0.4735982033743905
0.46190802795297214
0.4502932188269808
0.43878023201448507
0.42739508324343267
0.4161639369307616
0.4051116713588987
0.39426276866782534
0.3836400700713961
0.37326548238055585
0.36315917023160915
0.35333957512057457
0.34382329169400266
0.33462480365882585
0.32575655005876053
0.31722856726953574
0.3090487633216479
0.3010588263903491
0.29375314947563214
0.28664141199862986
0.2798855931974225
0.27348198431899734
0.2664627363577715
0.2617251842441166
0.2579064261649082
0.25290236828633333
0.24694218501753326
0.24258129673687756
0.23847741563025399
0.2377126056135847
0.2302266071039401
0.22664693620900203
0.22347067271968604
0.22037892507718568
0.21745395656847125
0.21467818190047683
0.21203457955886165
0.20950664470514224
0.20707887358334454
0.20473658333437683
0.20235504297293763
0.20025555056972041
0.19809344116258865
0.19681829017108815
0.19471092730970246
0.19262746954037663
0.1896652362132531
0.1885125036572593
0.18647405654700847
0.18444566993844516
0.18242661663371879
0.17965098610981176
0.17841831817368234
0.17643205953592278
0.1736970587039412
0.1725072453128379
0.17057498264073953
0.16779693590211306
0.16678839980478075
0.1649414151196252
0.16312999318758917
0.1613576060818755
0.1596272843841924
0.1579416350231378
0.15540231086384115
0.1539007048122842
0.15235921578055917
0.1516832775566633
0.1502440935192784
0.148854869462449
0.14751438146552256
0.14532215327334042
0.14418080154227797
0.14376615053382402
0.14259903409723465
0.14146776282936574
0.14036858601263502
0.13929770771159422
0.1375265809227666
0.13722509877640274
0.13621548524706964
0.13445663949018355
0.13423071302073517
0.13324865113194942
0.13226930474699183
0.13129022478056615
0.1303091242035986
0.13211848634555548
0.12833440862593845
0.12733888739057134
0.12565759622217654
0.12803624410093628
0.127016556148238
0.12330154638440813
0.1249826802814497
0.12126405895503684
0.11957508942390743
0.11855875276584242
0.12097444419929507
0.11999458328439631
0.11624728354535058
0.11807430014331391
0.11363307842327824
0.11269995167518321
0.11178266239930197
0.11160743757544177
0.11358266229473979
0.10992427631032947
0.11193630550462225
0.1076602465775301
0.10761975285780298
0.10622929280877774
0.10892234363412164
0.10558293409508766
0.1075478800501574
0.103729915722206
0.10324009531262844
0.10263567194052446
0.10269851462236954
0.10161897924776041
0.10113242154355723
0.10325275909661422
0.10268019784869449
0.1021121354250404
0.10154678302333989
0.09879571282589986
0.09832774257773803
0.09985168668683829
0.100556769727685
0.09871057312794192
0.09813440419738294
0.0958670335557003
0.0956684440121653
0.09638108687301153
0.09701105396536411
0.09373903819396572
0.09556982250399915
0.09400143751483214
0.09434722646816948
0.09391048009329833
0.0911070198175154
0.0927227158366862
0.09197680003555035
0.09140518238060082
0.08881015323244647
0.09029276235799616
0.08975317155653346
0.08718524943806032
0.08870923490604421
0.08820524731618852
0.08771321447048418
0.08739557766806971
0.08692470434236639
0.08630539117005655
0.08601285195471232
0.08541780399468478
0.08498673410865445
0.08456278315315213
0.08336341984336221
0.08297906282446438
0.08346617072860595
0.0829144264263029
0.08250813256519797
0.08147875452425955
0.08181218997780319
0.08139599317062597
0.08097703707519309
0.08055465593056321
0.08012841813163983
0.07969798598980514
0.07926320518265167
0.0788240605666257
0.07838077591678703
0.07750931444061226
0.07748314120470894
0.07702992740100724
0.07657476545272865
0.07611850827882508
0.07566211600436741
0.07520662430023853
0.07475308779721176
0.07430260743455308
0.07385627689032893
0.07341518032828395
0.07298029681105492
0.07255259813736625
0.07213291436885044
0.07172200353018385
0.07132047479458622
0.07092881533885409
0.07054735423475811
0.07017628407989494
0.06981563158094269
0.0694652622993194
0.06912492567774092
0.06879420740046138
0.06847259270726504
0.06815942747032713
0.06784746148617737
0.06755538215380465
0.06726282769764011
0.06692560567435323
0.06669207792338963
0.0664076036271465
0.06613443059379524
0.06585832472975688
0.06558297702457198
0.06530769951897139
0.06503188561333285
0.06475503927725026
0.06447680564527394
0.06419689970685431
0.06391521792290789
0.0636317028421342
0.06334649008229347
0.06305976447550801
0.06277183558169838
0.062483085380274236
0.06219397821575268
0.06190364535691506
0.0616167598932924
0.06132975651126186
0.0610445836158458
0.06076177308375284
0.06048183345038022
0.060205245013208696
0.05993239344125479
0.059663581879836815
0.0593966765695607
0.05913896767522064
0.058883329144090515
0.05863211548189679
0.05838516423047587
0.058142255831439414
0.05790303140009912
0.057665585121533545
0.057432819253385566
0.057202444878580005
0.05697452327816177
0.056746955349726756
0.05652011249443386
0.05629349199492292
0.05606659893266702
0.0558506299869287
0.05561032952429009
0.05538029279767416
0.05514868413335739
0.05491538532283884
0.05468039786910847
0.05444381199159585
0.054205808082586425
0.05396667879501168
0.05372679932210835
0.05348662557791355
0.05324668018764558
0.053007533780659005
0.05276981449966268
0.05253415105236072
0.05230119717634287
0.05207156678155288
0.05184586449804325
0.05162465112798417
0.051408401098459615
0.051197535012245644
0.0509923644520306
0.05079312207241614
0.050599934992341736
0.05041280094049497
0.0502316297971021
0.050056207103014394
0.049886236446286536
0.04972131795321769
0.049560949751340275
0.04940459953303753
0.049251633657709626
0.049101414849234026
0.04895324825293372
0.048806481349077134
0.048660427137065254
0.048514447269156796
0.04836796895227401
0.04822044411185366
0.048071429686025104
0.04792055857480575
0.04776755507186331
0.047612252740603135
0.047454569352816306
0.04729454686212348
0.04713229843716211
0.0469680759706535
0.04680585300094881
0.04663858063377697
0.04646691460620501
0.046298500193223534
0.04613024193770601
0.04596268355804374
0.04579635053853358
0.04563174286129965
0.0454693478306531
0.04530958908910563
0.045152831770335786
0.04499937151612492
0.044873668015533795
0.044703077114258305
0.04456039862925974
0.0444213159858548
0.04428569694691702
0.04415330795898578
0.04402384874033323
0.04389695405907603
0.04377220404655673
0.04364914097190172
0.04352729206918338
0.043406166033939535
0.043285283669881124
0.04316417888140599
0.04304242804360317
0.04291965000650915
0.04279553200503256
0.04266982414763235
0.042542350714451546
0.042418918985877824
0.04228780253472804
0.04214879430452401
0.04201412398586119
0.04187800506934054
0.041740711306682256
0.04160258262523393
0.04146398061018458
0.04132530150190051
0.041186964484623806
0.04104936656562851
0.04091290026381713
0.04077794929128445
0.040644822104909197
0.04051378645696109
0.04038506757383364
0.040258802606353214
0.04013506173519917
0.04001384722329401
0.03989507330724117
0.03977860337176635
0.03966421482185149
0.03955162850212495
0.03944053291580452
0.0393305684914459
0.03922134248032386
0.03911246046027099
0.03900352833256488
0.03889416161987711
0.038784005438033
0.03867274626309419
0.038560126071677005
0.03844591960610292
0.038330006198423305
0.03821229661872883
0.038092811263440024
0.037971606373038674
0.037848836479002675
0.037724703852817176
0.03759947596768158
0.03747345773236292
0.03734700507848266
0.03722368770542907
0.03709431636543903
0.03696886934228364
0.036844520852101895
0.036721637984796274
0.03660053888970025
0.03648150140780627
0.03636474902335035
0.0362504525798132
0.03613872203348564
0.03602959298430216
0.03592302946309367
0.03581895676599169
0.0357172378324433
0.03561767138673011
0.03552002946999919
0.0354240411768706
0.03532942055151851
0.03523587556288262
0.03514310114890473
0.035050808436711364
0.03495873844903907
0.03486666052555043
0.03477437209704702
0.034681721545834404
0.03458861575623845
0.03449498689056299
0.034400852428866424
0.03430840263585068
0.03421130043916562
0.0341161099968702
0.034020862701058446
0.03392575372916084
0.03383099141741723
0.03373678655741356
0.03364506861895057
0.033550921070972274
0.033461188550219456
0.03336966786442342
0.03328111674279325
0.033194060603766576
0.03310852512737172
0.0330244935196502
0.03294190466099749
0.03286064452557604
0.032780560271309024
0.032701476027803066
0.032623180869997326
0.032545446024402194
0.03246803530941579
0.03239070915493302
0.03231322829524525
0.032237043083168854
0.03215699486319256
0.03207789250201042
0.03199796561907806
0.03191713338148291
0.031835380538902454
0.031752710922343955
0.03168618877678796
0.03158493346818721
0.03150007884917892
0.03141650536833712
0.031329294255821684
0.031243803121077388
0.03115853982569785
0.031075171497509817
0.03098962039859499
0.030906393483911682
0.03082424253350359
0.03074331260228017
0.03066372682258815
0.0305855616197644
0.030508850003260257
0.03043359110780637
0.030359740732368933
0.03028722173969812
0.030215915675706397
0.03014568394612367
0.03007636780270343
0.030007795078696234
0.029939788891618337
0.029881422473494016
0.029804778658067698
0.029737464179032704
0.029670094764753727
0.029602579144152943
0.029534838144776733
0.02946684255317043
0.02939858692857815
0.0293301007860518
0.029261434755068903
0.029192680572272988
0.029123937246947538
0.029055328667765678
0.028986981229195193
0.028919028727300237
0.028851592621963445
0.028784795320510724
0.028718742091143237
0.02865350486200906
0.028589146581405076
0.028525692170929977
0.0284631460826914
0.028401480168678196
0.028340640332213042
0.028280547564277104
0.028221103883967626
0.028162192813105027
0.028103694453991336
0.028045468837057875
0.02798739981418839
0.027929353813934094
0.027871228708982725
0.027812927247877976
0.02775438090870675
0.02769553688105376
0.027636377097309473
0.027576900723052945
0.02751713559849847
0.02745713311902294
0.027396965121798032
0.027336716391540956
0.027276936140760967
0.02721638672094412
0.02715651754222319
0.027097305784109266
0.027037882192604737
0.026979293841059272
0.02692127578950908
0.026863886216309613
0.02680726301123046
0.026751041614921776
0.026695567763766078
0.026640684272669732
0.026586321595534115
0.02653242298332797
0.026478893438290643
0.026425649615151335
0.026372586282855198
0.02631964999282914
0.026266731814413483
0.026213487332592846
0.02616070711648561
0.026107458983556577
0.026054093664311426
0.026000652256619308
0.025947009399936046
0.025893261968763112
0.025839302569742467
0.025785665896665044
0.0257319480372535
0.025675951969586372
0.025625044942423347
0.02557199726358011
0.025519307762553355
0.025467027591799106
0.025415197131462976
0.02536384126713699
0.025312967491691585
0.02526257026051899
0.02521262481842305
0.025163097193383166
0.025113368181481226
0.025065092725766354
0.025016502283079063
0.024968098443034232
0.024919825922402106
0.02487161927568086
0.024823436082992596
0.024769233238197148
0.024726990438363013
0.02467868676662637
0.02463032681063992
0.024581923150001704
0.0245334954133462
0.024485085254321148
0.02443673239406912
0.02438099765319388
0.024340388240317583
0.02429249864219554
0.02424485394265243
0.024197502899532784
0.024150470577101655
0.02410377420591106
0.02405743062970334
0.024010426454749136
0.023965777352412253
0.023920433932592904
0.023741764538005215
0.023830560203597452
0.023785954848117637
0.023741517833785877
0.023557507846377855
0.023651856249838458
0.023608803784792676
0.023564659597444533
0.02352053360205401
0.02332881309883479
0.02343230133768604
0.02338820957270021
0.023344157000729927
0.02330016901083401
0.02325627302824599
0.02321250708097226
0.02300379596356213
0.023124147143452203
0.023082276038249094
0.023026460873936064
0.0229965969725922
0.0229541438406464
0.022911952907322317
0.02285646044060262
0.02282831367680976
0.022785351882070023
0.022745543153796063
0.02269034335773238
0.022663441791093804
0.02262257452886544
0.02258179761939317
0.022541087424156635
0.02250043616518914
0.022459826854630854
0.02241926548407025
0.022378751743599472
0.02233666888910457
0.022090384767942683
0.02225762451563327
0.022201736934774036
0.022177395008556464
0.022137502263999482
0.021878715490214
0.022058231673513753
0.0220171098110817
0.021979731943828282
0.021940781803805716
0.021902023101010956
0.021863448120788814
0.021825042087847166
0.02178679033231476
0.02174867436403093
0.021710678700176355
0.021672785081450034
0.02142074813333728
0.021597250888525026
0.021559590500024112
0.021521996797009304
0.021236777423212373
0.02144702130230807
0.02140964960798787
0.02137237123518822
0.021335200106011972
0.02129814239955278
0.02100186461716541
0.020963088497984103
0.021187807526860274
0.02115133481241135
0.021095239299446754
0.02107886569872633
0.02080232614089895
0.021007010503082266
0.020971294611435674
0.020935707894404302
0.020623238489335286
0.020864866781020546
0.0208295964374172
0.020794411355123704
0.02075930906592902
0.020724283188322177
0.020689340201782324