0.052670938581786494
0.06145771340424214
0.05275128771734641
0.052264676750557196
0.051722247386743886
0.059998938472220875
0.05043973412543952
0.05890242848919551
0.058237807322191776
0.0468342967895118
0.04687906090496996
0.04574491610620712
0.04450450900540423
0.043155754345939004
0.05229097356699082
0.040133123169370705
0.03846357767075022
0.035425652784625575
0.04637018595682975
0.03288476325179668
0.030862685958506927
0.02877719657596782
0.039233219700654465
0.024467620256541645
0.02227217362845449
0.03350711715003943
0.03160251590947338
0.014133765005148763
0.0278900159572677
0.026111985322850556
0.024405197775419524
0.005697450575685825
0.021257255007158915
0.01983962445162482
0.018539727593053973
0.017366156786203846
0.016325747773183796
-0.0033632456934833688
-0.004639895125205934
-0.0033742374442329304
-0.004102222290200991
-0.006694724072834168
-0.007376994844985191
0.013053650260054228
0.013159602873483306
0.01340113271988963
-0.005368676595607386
0.014273134642908802
-0.004694782445508805
-0.004173453377831787
-0.0035356749940030907
0.01744214223980181
0.018506337812920576
0.0196725097427784
0.0001012954745445993
0.0012677948728594401
0.0025342239231682107
0.025325296190285923
0.002938743667922683
0.02874469996871018
0.008610625188714721
0.010391795750970295
0.034657284847348174
0.014289789543321746
0.016414297257199117
0.01866114176804029
0.021034050803945853
0.046840490901326914
0.02353326307930062
0.026283771790806237
0.0318526569282101
0.05894489550872786
0.0380870960582913
0.038668856524340545
0.04210976637419975
0.07326151647421172
0.07717643657060028
0.08121805540725774
0.056848516765987234
0.06090843327206985
0.0940428859810942
0.09852710446448709
0.07368561966944237
0.10775921962512192
0.11248882181618117
0.09051566725097066
0.09514973981866331
0.0964257120673272
0.10453141414321582
0.10926100503848074
0.11400559501375024
0.11875763810821388
0.12351053768074016
0.12825853209237553
0.13299691000316055
0.13772173812744626
0.14243015384355356
0.14712014815521895
0.1517908382102111
0.15644197377046343
0.1610743770437577
0.16224448774786615
0.1668127020131835
0.17136746074311188
0.17945056493793093
0.18044819506814808
0.18498033385822116
0.19314686617785692
0.19404360101168439
0.1985803364535243
0.20270769334192906
0.21144307974609522
0.21180916505368647
0.2168082675980797
0.22139010782666985
0.22988335713845087
0.2301380283463325
0.23915622700353517
0.24379909945015216
0.24440415236097396
0.2490094425152899
0.25771458424279325
0.26233483211993386
0.2627613542189319
0.2673086370221608
0.2718299890397613
0.27584384381192417
0.2850985947682337
0.28470665741766427
0.29396948199845385
0.29341131851539287
0.29770255696987785
0.3069538733208717
0.3111933705414065
0.3153896960538397
0.3195454027409386
0.3236638348495614
0.3277494730296625
0.33180740147689647
0.3305152793839215
0.3344908915509168
0.33900711646044446
0.3478988769850942
0.3464085658824785
0.3504071566380757
0.3544353386714197
0.36416847247708545
0.3626175752809498
0.36678907512782505
0.37102767171369133
0.3753398440390452
0.37973422317331507
0.3901879144297236
0.389405317129495
0.3934746753684307
0.4043820690843723
0.4093228485170872
0.41437187378561985
0.4132480657929044
0.4247955129871456
0.4237860448133939
0.4356426341063573
0.4412168484797374
0.4468855651287743
0.4460405689321052
0.45848140357450984
0.45768540294338256
0.4636118829814848
0.47641708121681436
0.482509039160939
0.48864414783819954
0.48853350890012326
0.5010128738469236
0.5001299813626302
0.5134631824919855
0.5197026674303282
0.5186765858594774
0.5248568490007625
0.531023107043576
0.5371872138748274
0.5508518270930566
0.5494815487087539
0.5556115134378885
0.5617298489922833
0.5755937225131647
0.5739455489425683
0.5879243379529399
0.5861637973077086
0.5930787556542916
0.606455479341782
0.6045448987439501
0.6188959552274106
0.6251599938882663
0.6231639481318575
0.6378057024845568
0.6366347128179879
0.6421740141997322
0.6494864017332487
0.656005542956138
0.6617185156796342
0.6692488726086128
0.6759773579464247
0.6818890529039794
0.6887576962070294
0.6956980441946712
0.7027082399537863
0.7106953448227579
0.7178404181145128
0.7250439130615857
0.7323000121753154
0.7386733643933261
0.7460117759941629
0.7533810827554224
0.7607734021345115
0.7681818211508492
0.7755968207803545
0.7830095660845232
0.7904200463338887
0.7977909653100909
0.8051417860356788
0.8124553847201279
0.8197211309780487
0.8269334074666899
0.8340936851694337
0.8411763263331431
0.8481757655383408
0.8551032773219764
0.8619485821420271
0.8687051207104899
0.8753709217397388
0.8829382114976869
0.8884225262809166
0.8948073915753958
0.9010985084758284
0.9072975893731193
0.9134059772771204
0.9194288336009382
0.9253701424715913
0.9312316740446985
0.9370218110845157
0.9427468179320565
0.9484116125687712
0.9540242547713464
0.9595940298106175
0.9651389221192729
0.9706392483154097
0.9761323706413262
0.9816219698616436
0.9871157991773647
0.9926273001271416
0.9981674449995892
1.003749617545886
1.0093860962670314
1.0150906363400805
1.020874295905648
1.0267546736307933
1.0327451352194001
1.0388619142688689
1.045128059224676
1.0515327494686248
1.0581195260022587
1.064898067241805
1.0718846538824272
1.0790985046003363
1.0865549797270728
1.0942760038580865
1.1022782720354134
1.1105809845047614
1.119205798928776
1.128170170713367
1.1374941340885913
1.1471989462983427
1.1573038369039836
1.167829068213233
1.1787918348120296
1.1902151668403445
1.202114100315045
1.2145113035331256
1.2274208920487588
1.2408632248473066
1.254854436958262
1.269410041460628
1.2854858796466426
1.3002755581544745
1.3166130555830944
1.333569875513681
1.3511589347006514
1.3693875654309342
1.3882665891530586
1.4078029786186115
1.4280032043097979
1.4488719481633567
1.4704142307288341
1.4926306917788126
1.5155222515077726
1.5390913427841124
1.5633355162428761
1.58825062838125
1.613835210195826
1.6400849342130077
1.6669921807736316
1.6945503315475792
1.7227529428404624
1.7515908925547525
1.7810549799314779
1.8111352975584267
1.8425779201606995
1.8730998586292924
1.9049610987618149
1.93812471069044
1.9703814418334007
2.0039212819255106
2.0379784974737394
2.079464506002082
2.1144665689767486
2.149959588010877
2.18592965279771
2.222362815616086
2.2527539857496306
2.2965647497946717
2.3279759471166503
2.3662057057552186
2.411002551630083
2.444455612331157
2.4892299043257986
2.528885678940425
2.5688865768900073
2.6034392332867036
2.6441696648461575
2.68520855616683
2.7265460239289188
2.7681719633060964
2.815481377913557
2.852244756438221
2.8999357445608402
2.9840643390593735
2.9807947234614245
3.068864454747084
3.0668255597211314
3.110440258540716
3.1978091414853393
3.198809610689564
3.2848832088240103
3.3287467246329068
3.3363391409081946
3.41712535329886
3.4616450468652573
3.5063902962056344
3.551366315541177
3.596581614825667
3.6088549115938005
3.687766184246665
3.733759194914096
3.7485255806650613
3.7956751711636887
3.873523021855962
3.887252055693788
3.93917124061756
3.9845489233528353
4.0647769056614065
4.113626586772857
4.162947455788998
4.18666139191288
4.237677192169799
4.289279096425036
4.33879688820084
4.4177807899953745
4.447981101551301
4.502314486958307
4.557434199123285
4.63375225130575
4.670205574795131
4.74666927584964
4.804510869980111
4.8463605053495655
4.923181515857874
4.984097814085483
5.046126062767124
5.10930985983464
5.160093709477127
5.228298070401951
5.306210690290241
5.364570456113859
5.43556625666566
5.543631186821539
5.629577037425462
5.678435713816517
5.759041256000026
5.823596533426363
5.889344369580642
5.9563060839298405
6.024500773717104
6.1152451966762715
6.221343829953288
6.272215596615395
6.35289999273817
6.496838174085175
6.57700673615266
6.670067828197888
6.7833691560076295
6.879515964154085
6.981938535543145
7.080974474623422
7.187203881520841
7.28904743797269
7.3955146938878435
7.506952773784293
7.6172032188841605
7.728601646128401
7.8414920334877545
7.955832560641109
8.071575447937986
8.18868798134648
8.307105873542506
8.426775363727229
8.547644394028344
8.669646126957776
8.792717384934956
8.916790647136402
9.041791751538282
9.167642749802818
9.29426708794335
9.421582449740216
9.549495938456191
9.677924834802965
9.806770424950807
9.935934668961398
10.065321335558098
10.194816466607607
10.324325297189837
10.453731994499945
10.582921335788237
10.711776511742357
10.84017899462184
10.968005348592152
11.095124587123886
11.22142409874965
11.346755543225598
11.470998675621534
11.59401719021054
11.715672664593084
11.835830844895373
11.954342357373877
12.071080187507457
12.185882249444921
12.298650348964653
12.40920273090456
12.51741484426259
12.62313165332015
12.726226466738945
12.826556085850925
12.923976885207212
13.018359348985225
13.109565235459504
13.197451471005213
13.28191533356171
13.362808479769015
13.440019786403337
13.513420350087934
13.58289941366893
13.648344876525648
13.709651584813692
13.766721813521396
13.81945487632448
13.867767387383953
13.911570213788748
13.95079215650876
13.985355871784545
14.015202901892623
14.040257934981522
14.060514516447556
14.075894843108689
14.086377774900793
14.09192632030284
14.092538182555126
14.088189738359558
14.078886597014787
14.06463128081488
14.045440896604077
14.021339432708494
13.992355338865117
13.958527489719685
13.919909864194452
13.876554262128366
13.828526263087502
13.77590251427642
13.718752190082082
13.656099108298461
13.591267038244789
13.521119018299133
13.446849055069613
13.368579344459295
13.28642629780047
13.20052110827634
13.111003239477034
13.01729671168155
12.92102784946577
12.821586323803885
12.714107245625671
12.609257066805476
12.501724079681141
12.39167247067029
12.279278389700899
12.167704310152061
12.048154852512218
11.929786412945033
11.798601781485406
11.681396434651539
11.538860910960418
11.456243187349697
11.322829122127612
11.201572274670935
11.079739680415653
10.93694918375203
10.809885388738259
10.686116231465686
10.555913502315537
10.429348247532467
10.30328282222779
10.178418480827892
10.053890898277102
9.929730631691527
9.807944304297585
9.686092224342566
9.566330508732445
9.448131995621038
9.3315989951946
9.216879819336336
9.104077695792478
8.993311547428227
8.884679450773255
8.778282475377326
8.674211600940538
8.572547318994582
8.473369638359758
8.376748403355522
8.282743177775588
8.191411836070953
8.102801779692994
8.01695756728648
7.933910531407761
7.853690066114841
7.776328684349925
7.7018045155140795
7.630159475354594
7.5613847716634455
7.495474488801925
7.432416792117643
7.37219469633715
7.314787142509465
7.260162989376493
7.208304376890519
7.15913035491514
7.112640714772558
7.06877454896941
7.0274783518504975
6.988696554402997
6.952372008887111
6.918443407905542
6.886844227451487
6.857508416556705
6.8303664462869165
6.805345094417519
6.796062364298356
6.761379694347646
6.742282843777725
6.72501499464029
6.709493194604459
6.695648433522486
6.683413463707289
6.672678233373083
6.663418582623812
6.655513775614988
6.648930016256161
6.6435861816902895
6.639413437180464
6.636351515750055
6.63433476257209
6.633304024830594
6.633203923284087
6.633982081289766
6.6355866165958455
6.637971054249128
6.6410932042334565
6.64491193385165
6.649391949700606
6.6545011800083556
6.661281673166502
6.66754930787194
6.674371354067343
6.680704849001061
6.6886019137168615
6.697012387594797
6.7059328948375105
6.715366753534201
6.725298117007397
6.73573172543266
6.746694339221971
6.758185096310793
6.771110519615047
6.791470358152384
6.796853513733031
6.810616840405664
6.824176634851726
6.847292934091626
6.862880202634677
6.872197438698527
6.889366519794394
6.907306974973576
6.926051279547775
6.944914489229155
6.972386804518308
6.993603884136868
7.009725456350401
7.032983697959963
7.057242162080605
7.088137583380136
7.108880691205626
7.141634694559706
7.1648697251143325
7.194559964102851
7.224862719673591
7.262156987561895
7.295229729366506
7.329510754277324
7.36501291636695
7.401744529905852
7.4397101849983365
7.4789119273175295
7.519348903472719
7.561015679613908
7.603904735395459
7.648004017801915
7.693299180312746
7.739770552727658
7.787397254078799
7.836152601130943
7.905462624153879
7.936933971294966
7.987071843377534
8.040026382526447
8.095756177169203
8.161864677529813
8.215903362890021
8.270759244342395
8.326383800636837
8.38272432897087
8.436301687446319
8.509386603880824
8.554246336671829
8.598396114406906
8.67665364407247
8.737726596354975
8.799912023588108
8.861630764429865
8.92373592963924
8.98586659839572
9.048064104852298
9.11026780776433
9.172424304521847
9.234470992264182
9.296132642141249
9.358038335470212
9.419444740473017
9.480536941689621
9.538409100972348
9.601285589361241
9.66145815606105
9.720839766353176
9.776294211656474
9.837972128482138
9.892025364038536
9.952706142207836
10.005258507897365
10.06087596538057
10.115789143488952
10.17410100941802
10.223433480324347
10.27613458735598
10.328066780701148
10.379226683977146
10.429601912431272
10.479182690370424
10.527970617321575
10.58058001910972
10.627813624593484
10.669558020271177
10.71988979705819
10.76473138736341
10.804027577651171
10.847291561287504
10.894584488551468
10.931530761598532
10.972526965465805
11.017588408925473
11.057114818633604
11.091123927900071
11.134028342588907
11.171433677735612
11.208158983577313
11.244208984617323
11.279608440031424
11.314356228984654
11.34846907579461
11.381483122009126
11.410210943104847
11.442506160959692
11.474208426815759
11.505324261387585
11.540340924951828
11.565826340826153
11.599189316091751
11.628435161836997
11.652363543841116
11.680111145105847
11.707309148070733
11.733967217553984
11.76009072427009
11.789765078078274
11.810730358995064
11.83525026333383
11.859238204635128
11.882705029808342
11.905633689694524
11.93183002726474
11.949912369638302
11.97493892251096
11.995705654919375
12.015936765298335
12.035636248874836
12.051342674612636
12.070043174823706
12.091558879832414
12.109137029103483
12.126190303746887
12.139542507331013
12.15559955410697
12.171132330982994
12.189130828228317
12.200630057690645
12.217465677061611
12.2308575940377
12.243744429973358
12.25345415228851
12.267990275626648
12.2793666596635
12.290244691525228
12.298250812041664
12.310567098170491
12.320010372870682
12.326807843870881
12.335403450941204
12.343547556055547
12.35125957336123
12.360430323482838
12.367215681795724
12.373587898654712
12.37956268419856
12.385148986408078
12.390359114508657
12.395209052683844
12.398334947165722
12.402566133771085
12.396782833278644
12.41007751978293
12.413380481450876
12.417381189569024
12.41997217052639
12.421671479989293
12.423946401449536
12.396880891214296
12.402226840288403
12.40739977155244
12.397391882651194
12.432822048053486
12.41241545054542
12.41988873279814
12.427264792961374
12.434566686614888
12.441804274930163
12.449007002334074
12.456055208024393
12.453308061002652
12.44178871690542
12.446726936207915
12.444553198152756
12.450609955972599
12.45277396767362
12.455113019037855
12.450468974717944
12.460441541344387
12.455027546975051
12.457736745313387
12.461852372279825
12.465310203490356
12.469149405753996
12.473399239361937
12.478091365392261
12.481856056415301
12.488905201390505
12.495087237920368
12.500414756453413
12.507525059412496
12.515400665568789
12.523913618127875
12.533091405403376
12.542965658845217
12.553557999783193
12.564897933164893
12.577000953719017
12.589902335762648
12.603616265122444
12.618170671745029
12.633582409542619
12.649869531925514
12.667061379232747
12.685166339471813
12.70420614733195
12.724185937136442
12.745137309089563
12.786411590859487
12.789966913018601
12.813869334143458
12.838776422895023
12.864694445118175
12.89163313035988
12.9195900681731
12.948572214946592
12.978577557434416
13.009607909025025
13.041658261601057
13.074736133303098
13.10882461629085
13.1439235576092
13.180022455665904
13.21711464441586
13.25518994186357
13.294235768770053
13.334240500150964
13.375190977926861
13.417070151538004
13.459865556806001
13.51636080468631
13.548116425465198
13.593671621198837
13.639802459956403
13.686885267071437
13.73475583164812
13.783395083878737
13.83278090386772
13.882887893648222
13.986396818935708
13.9906592436281
14.037783844269198
14.093783769346237
14.169518262421901
14.215331799001238
14.261530058867395
14.30809679196766
14.355005609320013
14.403363217003797
14.460363510407314
14.512026678277438
14.563966725095044
14.644089420895867
14.668564374495116
14.751478775665158
14.80824953215295
14.865157489220337
14.92217038159825
14.979250473541533
15.036352635820213
15.093447832342473
15.150495606234122
15.207451478282014
15.264280947623142
15.320937408717054
15.396124258664326
15.43360135760411
15.510003997975227
15.545097368948296
15.620471458000823
15.676123950572121
15.73132028832643
15.785995811358056
15.840125089131488
15.89365754547751
15.946550510383593
16.00168107003367
16.05025141728409
16.104405949369667
16.150879898607652
16.199938815788666
16.248103152064274
16.29533318220981
16.345061417242626
16.38682010415989
16.431001859969882
16.474089294275377
16.516045888273474
16.561065261768654
16.600280023044153
16.638679113527505
16.675805876663258
16.71162356023683
16.74656240956917
16.77968550704973
16.80682516964917
16.841727142253344
16.87060616291783
16.89800998593873
16.923937248434097
16.948354199385687
16.971261459871627
16.992632763602895
17.012458653911477
17.03073295687021
17.04744236423194
17.062584401966678
17.07615781323339
17.088158024301183
17.098581101999997
17.107439808722614
17.11472833697247
17.120462935895556
17.12464780521677
17.127291149698394
17.128424372107126
17.128039784133374
17.126168471014935
17.122823499688607
17.11802694105477
17.11180123243604
17.104176182397673
17.09517100203095
17.084813288637534
17.073130521727798
17.026633808251542
17.0459287489479
17.03047126188124
17.01381933160009
16.996009048635923
16.977064939708455
16.957039603887868
16.935962462568124
16.91386594812751
16.89079306600726
16.866780322519645
16.841866517221973
16.794250338653235
16.789485448402473
16.762090521165973
16.733949562323907
16.705099994047934
16.675574322393516
16.64540669898584
16.6131056054514
16.58190821800273
16.550185483102847
16.51796796712631
16.486211258495725
16.4451348303033
16.385706081075384
16.35771430970415
16.314882338243418
16.288163838455617
16.264081252211316
16.23975255491486
16.215202607782505
16.190455577420966
16.165331681179797
16.124448725241905
16.094510631046305
16.064476742290847
15.996670841118865
15.969378642160342
15.934536923013825
15.899712141405644
15.854082891936553
15.816845463919293
15.795537960703685
15.745354456205387
15.726540272200918
15.69223670375908
15.658084976245817
15.624106265311587
15.590318748062254
15.5369089774075
15.502578059852357
15.466056882425008
15.434686458424899
15.401149728095842
15.367905820943252
15.334973402798642
15.299390649491494
15.270089715401367
15.23816658843148
15.206612506140907
15.175439697358243
15.141177954377017
15.110696729952194
15.084307911668692
15.054770366874347
15.025672407954193
14.997015845614051
14.968827437086308
14.936502385406953
14.909152021883154
14.88277589969896
14.856420590119656
14.830565067860933
14.805219032795298
14.78038070774076
14.756061060342386
14.732268911615709
14.708444087351712
14.685697528724688
14.663483814127163
14.641791504555334
14.620635855764583
14.600011489413147
14.579917170279037
14.560958710790608
14.541927696967383
14.522800733845221
14.504802633594743
14.487951624771211
14.470341812335802
14.453872453963204
14.437891104924034
14.422409195894767
14.407405574183544
14.392864561999525
14.378794557134109
14.365177447182948
14.352007118323868
14.339274033472797
14.326963943515672
14.315068794353044
14.303580124668303
14.292483748199912
14.281774044350477
14.271437691966955
14.261468224669935
14.251847526274823
14.242571171868079
14.233628485380153
14.225010694286485
14.216709891312378
14.208709271031179
14.201012032047458
14.193600003257668
14.18647907739196
14.179627076058443
14.173039106622824
14.166718756838899
14.160654725410781
14.154839905051896
14.149273597203933
14.143948731890303
14.138865203178227
14.13401632070554
14.129400143363245
14.125013071673862
14.120864654911333
14.116930881859476
14.113228095230395
14.109752765679891
14.106509340374876
14.10348964482945
14.10068989909938
14.098124472354163
14.095770906840798
14.093656385474976
14.091762542481975
14.09011142475836
14.088665389695482
14.087461288961933
14.087304707215843
14.085732569287675
14.085208475048042
14.084911777246957
14.084840627502427
14.085830582804105
14.085384812278548
14.094203069876329
14.086798332434356
14.08784100064798
14.089080956827443
14.090540507688655
14.092203175028226
14.094066238309548
14.096955279529253
14.098373861700464
14.100815212594625
14.10343253843507
14.106216796437463
14.109175717084822
14.112290922198564
14.115560321807232
14.118974401256304
14.12253045951303
14.12622030774799
14.130028632949818
14.13395643161988
14.138812733574593
14.142144586373137
14.146386667026668
14.150723164595192
14.155148108872819
14.159650734644265
14.172188801220678
14.169690694393994
14.173606740192174
14.179197292960351
14.184046807988757
14.188955755356526
14.193929245457989
14.198174100888735
14.203267592122579
14.208429000522028
14.214448374124121
14.21895592171752
14.224331072278083
14.230571435238975
14.235324960467866
14.240959856379707
14.246693863309769
14.252541790249094
14.258506703507217
14.265386169523905
14.270842832688016
14.277236812996776
14.283799720630933
14.290538844052456
14.297474546234135
14.305402164014957
14.311995056965657
14.320383369518115
14.328246669508763
14.335611321368866
14.344043854244873
14.352778557158656
14.36261214223188
14.371231953533119
14.38098950840504
14.391888974081908
14.401638518432327
14.41333714644891
14.423928160280138
14.4433058583019
14.447966388478706
14.468255343802646
14.473911786077089
14.487625139013916
14.502622288439042
14.516642766009666
14.532709584712348
14.547837733889114
14.565048747043818
14.582095502885831
14.599741456093868
14.618002784957824
14.63614974040498
14.656418704729134
14.676600996305822
14.69743988586691
14.718224635777597
14.741153087344204
14.764048275663344
14.787653707891314
14.811979405255238
14.837030780106856
14.869138566211978
14.88938197180073
14.916005058038445
14.95099917040952
14.979847705699779
15.003396230938247
15.039987024136279
15.071298401528722
15.103462192409822
15.136485545105531
15.170394969246157
15.198707560956164
15.240919045087422
15.277569702625858
15.315175151042434
15.3537574089474
15.393324671065168
15.428412676688986
15.47553292648087
15.518207372083856
15.561965125152579
15.606827584830834
15.652814179109372
15.699950756858508
15.742690911413986
15.79776695840007
15.84849805794109
15.900470209039069
15.953718213476574
16.008260940129293
16.06411863707953
16.121311396333507
16.179874165036612
16.23981331232666
16.301155746726465
16.35997049268555
16.428129719999333
16.4937965402714
16.55734399104483
16.62570301076248
16.699669733148447
16.77128899082466
16.84104641445793
16.919082290845193
16.99526229055428
17.072964351527215
17.173717887475966
17.23292762007968
17.313093078512512
17.4158761105076
17.49950273217479
17.570852515774412
17.671022568102426
17.758877226042433
17.84809567625352
17.931175860082142
18.052458294585236
18.137153889119507
18.216779586406833
18.305934929843453
18.397589262202267
18.508110240601333
18.60699046140206
18.715795507443964
18.820088881542375
18.92419511244986
19.012028499008142
19.13491592724212
19.24139988577734
19.3458319099151
19.453292458573852
19.561268954468417
19.669681988109765
19.78227014937104
19.891607873843494
20.001142608091527
20.069083285736
20.220527545106393
20.33020128470634
20.439754191921036
20.549098648988007
20.658153989284482
20.766844655650942
20.875072428272958
20.982764666554893
21.089831466878334
21.196198839774702
21.301783069155604
21.406496601431666
21.509456327150897
21.613015355469674
21.714667770205146
21.81514766625184
21.914380079538795
22.01229683908144
22.10882668757616
22.203901539865008
22.297461008194368
22.389437909285615
22.479769953062977
22.56840041350348
22.65528128634601
22.740346377334493
22.823552494810542
22.904852218874563
22.984195872442605
23.06154237809081
23.136848984951293
23.210083225128752
23.281200170313504
23.35017751120204
23.41697320867234
23.48157315913318
23.543941499376206
23.60406190314682
23.661908826886048
23.717465717600845
23.770728707790404
23.821659945210747
23.87027037283029
23.904610023324647
23.960474077431694
24.00205071508914
24.041283139904024
24.066349469787042
24.11270321885633
24.14489302361903
24.17474551659989
24.20227229058508
24.227473614253455
24.250362649678372
24.270972328558067
24.28817114160372
24.30535710816155
24.31917337907857
24.320084582036632
24.340176633188083
24.347399419376078
24.352480437598278
24.355438446730727
24.356298901970828
24.355129000374255
24.34256688934721
24.33759959462315
24.33069689170487
24.33052112246174
24.311220340518666
24.306847979144916
24.292316613306685
24.27605689809303
24.25083843956759
24.23852365159363
24.217363514955156
24.194679648605536
24.17051837421097
24.144953792982975
24.118036356175278
24.084811653167208
24.060416702204193
24.029398030621206
23.998173733289125
23.96548949239681
23.93185799899425
23.89736124086594
23.861812562791467
23.823921474512193
23.78939368483378
23.752167304585697
23.713481958424197
23.67636127054364
23.62078680389899
23.613403359249652
23.585690699291966
23.521603313219778
23.484087852981354
23.459435085421536
23.405676627072573
23.36719953313145
23.329296909992824
23.295069046996232
23.25851725164414
23.222588791541895
23.18735695781156
23.15290894525785
23.114811661567604
23.086676545075978
23.055051035026537
23.024520258023244
22.99515813212128
22.961049396861466
22.940221130051196
22.907520665544496
22.883998584866895
22.86045724992538
22.8400599968596
22.820496250528922
22.80260207962656
22.78552737814487
22.77200556780752
22.758453297783692
22.747656125862783
22.73874098470993
22.732705806877473
22.72659410033794
22.723428062148958
22.722218965878916
22.722973300626354
22.72570971932808
22.730397177800587
22.737068515034615
22.74682550295714
22.757418937074046
22.769949282312204
22.783247451350302
22.80072212795108
22.818919166184813
22.83776717482222
22.86075912103544
22.883144177176494
22.908424199770536
22.935364659671716
22.96392304151263
22.99403896265774
23.02566807983304
23.05874195758428
23.093200425913
23.128986517277383
23.166038215213547
23.204274530377045
23.243650342568706
23.284063954074515
23.325472548725838
23.367799767066142
23.42272060175901
23.454911458964617
23.499558604923685
23.544837050224622
23.590672505978954
23.637000136754036
23.683747964330255
23.73085126810809
23.778239566686505
23.825853070866742
23.87362478360948
23.921496095742075
23.969407727795513
24.017308180996057
24.06513758658794
24.11284717992505
24.16038968988168
24.207718720720244
24.254792161975438
24.301571937490056
24.348026883496736
24.394116523734084
24.439827210188902
24.48510017167657
24.529946465370028
24.574337797304985
24.618253307465313
24.66169970187074
24.704629449582544
24.747071845001578
24.789006573840336
24.830447596354308
24.87139088108165
24.91184367954873
24.951814816661095
24.9913194211302
25.03037216159292
25.068987914413956
25.107184947400224
25.144987696828764
25.182415920821697
25.21949625207357
25.256253546568914
25.292719463455903
25.328921783681007
25.364898433411536
25.4119954573287
25.43623018785766
25.47167790830012
25.507012428138275
25.542265704142064
25.577475868944692
25.612668985483666
25.647885582401358
25.683131296973645
25.718456876257836
25.753889275694313
25.789451481035375
25.825172833153992
25.86106889122459
25.8971671478505
25.933498625635362
25.970070663422423
26.00690881913018
26.04402105685268
26.081430487540974
26.221595218920136
26.157180242218256
26.19553613339584
26.234225315828468
26.273248412981033
26.3126114251673
26.35231381039132
26.39235149152118
26.432720790979324
26.473423242479132
26.514439089746276
26.55577132870967
26.597406826638725
26.63932961836985
26.68151997145207
26.723975964624884
26.766672007311364
26.809595549416365
26.852726827247835
26.89604079406349
26.93952294865662
26.98314845035373
27.026898422749287
27.070750024801665
27.11467088000144
27.158656967593124
27.202664963143576
27.2466765609493
27.29067687072348
27.334639945527254
27.378535003040987
27.422349865529736
27.46605521556224
27.509638854257588
27.553064975834612
27.59632986224167
27.63940487647559
27.682276159190913
27.724927344885067
27.767341944365533
27.809507516368512
27.85140273774245
27.89302858562892
27.934363573435306
27.975398898204197
28.01613102780991
28.05655304166462
28.09665554470324
28.136435362406367
28.17589199865337
28.21502499548883
28.253830504791022
28.29232036344998
28.330474738478756
28.368315600455592
28.40584443183438
28.443065947636022
28.479991296811892
28.516623309514046
28.55297898376615
28.58906350625848
28.624888249256507
28.660470055632466
28.695822623839792
28.73095631884454
28.765880742603887
28.800622490018913
28.8351942489974
28.8696168460697
28.903904851342617
28.938609614983836
28.972666204078017
29.01123617785475
29.045051639756718
29.07395294773327
29.11258941658706
29.142164979601112
29.180120602753266
29.209522509494736
29.243950275086917
29.27758854609073
29.311769422977722
29.350013079519584
29.384334186573636
29.41512629490112
29.453489927270503
29.48490988480951
29.523443396411377
29.558775938791268
29.618812399232713
29.65361640674917
29.666391294886115
29.70286581134261
29.739668104358707
29.79580358756377
29.81232964249651
29.852221395013267
29.88876426229416
29.94348333829677
29.981370802615427
30.00636028784526
30.058385718707505
30.09753252354333
30.137122824511177
30.177166829763834
30.2414759094528
30.27624167972099
30.320792882852782
30.35174782843347
30.381070584788645
30.410646398708597
30.442971544994187
30.51429345861872
30.56577614290711
30.61228899128443
30.659172292552338
30.705383034784585
30.7547513599601
30.803178611975735
30.852064591842062
30.901387501148
30.948669861946602
31.00129304804604
31.048922597753258
31.099607826789143
31.150630537893967
31.201978360111596
31.25744685693667
31.30958123926884
31.361954772482584
31.40997715626628
31.467275316151184
31.515111305418927
31.567848506046637
31.62064073616229
31.67345106951498
31.732273552995498
31.778966060521444
31.831578208747
31.884044876835134
31.936305308124005
31.988322314350643
32.040038047849144
32.091414314356584
32.15044065013251
32.192933444341286
32.25151103189318
32.292469159647986
32.341366798683545
32.39888160058653
32.44667041225232
32.49370668263934
32.52996202232492
32.57511167541249
32.62979637549724
32.67332474525388
32.70498059311599
32.75734099237024
32.79773906907043
32.837008140053285
32.86340582359568
32.900098195607946
32.947633167481506
32.98198753830733
33.002583817145215
33.04672043525223
33.06425916386714
33.10594985635951
33.1334410387871
33.14626417828516
33.18405838694067
33.20718331558858
33.2288031528791
33.24892777163314
33.26754778313464
33.27073131326894
33.30027134373154
33.30027634514828
33.3128123447229
33.323865891461764
33.34631930562298
33.35449902981898
33.36124636694767
33.36802718722147
33.37195366438574
33.360023524243644
33.36122306837766
33.37561280450932
33.37421618426612
33.37013232526394
33.36629361375857
33.34828931771336
33.34217479050083
33.334979943636085
33.32673596106926
33.31750357139565
33.32155411722869
33.29621571509528
33.28425875293025
33.271486696952195
33.25794289338147
33.24368317155172
33.22874528321775
33.21317704766918
33.19701994950866
33.18032991321346
33.16314353723485
33.145504603383216
33.127455975049976
33.1090358852514
33.103279362523566
33.071239312199175
33.05193431475861
33.03240799011836
33.01269055997888
32.992811063303314
32.97279947877901
32.95267584540356
32.932470799096954
32.91220137055315
32.89188684090356
32.871549208549744
32.85119674214469
32.8308385019214
32.81049470398451
32.80137679537329
32.769856392269126
32.74957254941393
32.72931495563803
32.70908328311512
32.68887297847999
32.67919863541202
32.648493756650154
32.62831235751628
32.60812162593332
32.58791562593424
32.4878890252536
32.547391623492224
32.53681525956796
32.50663354124338
32.40965686930587
32.47402624481488
32.45320836559581
32.433189660788756
32.40291133211437
32.30918186198723
32.36841885019862
32.347659805069206
32.24672823012222
32.29499808697337
32.20396433481126
32.258771645779944
32.16019775753995
32.13792418150746
32.115376537117655
32.165059907533724
32.14117773570604
32.11703710057324
32.02248882177091
31.998604985588255
32.043834918289505
31.950092889658762
31.99331682035062
31.9006914729733
31.875699062721004
31.915348399456377
31.82524694093855
31.8639008397369
31.774348770839186
31.804491363771966
31.778320568250475
31.752206404353203
31.73289858581953
31.700262918944908
31.674541151474926
31.649042386603636
31.57214235634277
31.598966311156655
31.58019619506496
31.50014298658113
31.52696729721137
31.454462545430385
31.43249867692942
31.46016428183297
31.390609089545183
31.419362011572172
31.400274263300837
31.333827582581314
31.3167598677478
31.30072810224175
31.334168553961725
31.326589982664583
31.308142494004805
31.297090389637173
31.28742897451036
31.27920076031055
31.272460684359604
31.267253078476365
31.26361597194542
31.26159542471796
31.26122349352818
31.262529362438947
31.27172687458522
31.270269037327136
31.27673511331088
31.28495570067778
31.294921961117947
31.30663822451613
31.32009124225408
31.342554372264022
31.352145977525968
31.379259292244186
31.390887462422004
31.421727939630347
31.445305284274028
31.460786995917093
31.496909378761245
31.524783601762056
31.543401443111673
31.584263333355384
31.61568950865245
31.648099257376
31.681398511139697
31.715455290676566
31.74887738135057
31.785357365422982
31.82093262369738
31.856737455579538
31.89261892192488
31.928410790922804
31.963989618567318
31.86023161743841
32.033738889660135
32.051291552477075
32.10048374948359
32.132275599190734
32.16277187082142
32.19178639517456
32.219122415197425
32.24459356680273
32.268002240372255
32.28915316233515
32.30786235615504
32.32392913487929
32.33715866892847
32.347372909176336
32.35436933945487
32.35797408659146
32.35800370386951
32.3542703202881
32.34660789395235
32.334847245609886
32.3188325629303
32.29838984302634
32.27337832682975
32.24365239136487
32.20908353645972
32.169532938388706
32.0992780084737
32.07503015881652
32.01986092107877
31.95929174745681
31.893237992495916
31.82162902145703
31.744398193302082
31.66150614934246
31.572891814577922
31.478545900178624
31.37844591828923
31.272574659345462
31.16094713964324
31.04357883101607
30.920491357881843
30.791729309235713
30.657335859291724
30.51738204070276
30.37192985579565
30.221073523513095
30.06489729203727
29.903505084719797
29.737013113272766
29.565546746018292
29.38923853069955
29.20822737318102
29.022668383638322
28.832717592972383
28.63854339083955
28.440325215980295
28.21437130411202
28.032469694596436
27.82321889534562
27.610669821475017
27.395048627561643
27.174334989887676
26.9553881648277
26.73177673320835
26.48538183856936
26.27809043728824
26.04845446276951
25.817253650774354
25.584708295231785
25.332968479545393
25.11648751209741
24.88125350481406
24.645565397761708
24.40964390889408
24.17369786737619
23.93794778900905
23.70259251573003
23.46785416644594
23.23391966229279
23.0009907746689
22.76926509430606
22.538920489776835
22.310143736996622
22.083108782984045
21.848262564895577
21.634953642698434
21.414153520847208
21.19573612516142
20.912545310300406
20.704329506526303
20.556230128750347
20.342918642358732
20.13902392903332
19.93826842106509
19.744998522930004
19.550326312449283
19.355903852987012
19.147213377548056
18.987309052175547
18.805192475008553
18.630089766385552
18.39646104245928
18.264777132444163
18.1361894788011
18.010327762693084
17.851141557463002
17.66441377783856
17.51881331121441
17.35902747485635
17.21552290301875
17.081346446312924
16.975690929682273
16.81599765591214
16.694959148562813
16.609534767811287
16.45260556125058
16.384859073831475
16.235534210142973
16.125422910145403
16.029291251889042
15.931922932770235
15.831927894531542
15.741846018128964
15.656149783146724
15.572724385348419
15.494327313349807
15.417998276814364
15.35355353858523
15.285037698244459
15.21269663906175
15.149859271538098
15.091897241897763
15.035417616107518
14.982863655021886
14.933325552354715
14.88759630533118
14.851785063089578
14.810903640032558
14.772715848139212
14.728108141256481
14.695930261929188
14.665290400447853
14.636095982115549
14.611036645171216
14.587254257880861
14.565576688166104
14.54499456333414
14.528220133058813
14.51142002310325
14.497326996393884
14.485839126526272
14.483315949049063
14.473969152170948
14.457752387267632
14.459415298616694
14.44489208327088
14.449837659587615
14.437614293111665
14.43643478223877
14.443364192319757
14.434925201163866
14.443397339360937
14.444497703649594
14.446230006695265
14.43972170135571
14.443437492806826
14.445835691926934
14.45815994474572
14.462104139506874
14.458598993621452
14.47077006737128
14.475403088559817
14.480190177836578
14.485082634708482
14.49006140887518
14.495091749316416
14.50016142236443
14.496962663111539
14.502079327820606
14.507171654447214
14.51308758109684
14.525494920322918
14.522383243654376
14.52824993041272
14.53248541491877
14.538377336794834
14.55071825716388
14.547858000046233
14.553111869978482
14.558495397249624
14.564032012420455
14.569751725787325
14.575704903061688
14.581913883338556
14.588439477483446
14.595324421054219
14.602605087464687
14.610327411103777
14.618552237781099
14.62732813286928
14.636690038342316
14.646709371413216
14.657416561925958
14.66886809239885
14.681114568329246
14.694966039184546
14.708159160472471
14.723041549753836
14.73889207248006
14.756502412946093
14.774381014429519
14.793330942859967
14.81264087357447
14.833794520315356
14.856098155418058
14.879557733408246
14.904184406694698
14.929974528945984
14.956942552510151
14.98508729138445
15.014394196880897
15.045529289653174
15.077108708469705
15.109805552309899
15.143584863075601
15.178412841577659
15.214259939587393
15.250467034825855
15.288822821890747
15.327442062312583
15.36688352444805
15.407075486706894
15.447413569696698
15.488942893237255
15.531032201873435
15.578668410757883
15.621510575739379
15.659875277650144
15.703423124671179
15.747135786799824
15.795300294634497
15.838941198315558
15.882484405410512
15.925842974252484
15.965088551186621
16.007965760536614
16.053969389438763
16.09230570379072
16.133611804760143
16.177416230924518
16.214088765807055
16.25605311802973
16.29405029405953
16.331086395518366
16.36708501602642
16.399510720699745
16.433620501360206
16.466290944179416
16.497724937491572
16.52766521822019
16.558541460264017
16.585989205753076
16.61208820513871
16.635037959351298
16.660200026388015
16.682210834011077
16.70285450574456
16.722156055215954
16.740130374713146
16.755479808389772
16.77220349115053
16.786381332458053
16.799374246064975
16.81123566643897
16.822029743312974
16.831807881639335
16.840653494649384
16.848634608832782
16.866096260016352
16.862325462921476
16.86694414940754
16.873596661824664
16.87855459328329
16.88319724600539
16.887628459283704
16.89067208067072
16.89500583159783
16.899452930715473
16.905416339215975
16.910431688606227
16.915909370316598
16.920693419016043
16.928689059726455
16.934981605264703
16.944660657587278
16.954124364869976
16.964713531212716
16.976537381805212
16.988614712901775
17.004293435675788
17.020415833461886
17.037255713914483
17.056779588439603
17.078101733891526
17.101299666758994
17.13136732502332
17.15401742809266
17.183098412779863
17.214117089075888
17.249455124081305
17.272156894562023
17.29795427728783
17.324232992528263
17.403695402893973
17.407791175091578
17.48525355884093
17.483174568737706
17.58150024063815
17.63277124268789
17.686085446106564
17.761019125199113
17.82350118262678
17.88246842619713
17.94919369288161
18.011642575798337
18.082628991372385
18.111949725052103
18.179395462210778
18.290445241465275
18.318273262772596
18.438399213145157
18.514094916583247
18.590751869057268
18.66822958889723
18.746375972445616
18.8250454768938
18.904064976059104
18.983283453797977
19.062519978002197
19.141611695633134
19.220363784765357
19.298611441514446
19.376162570553436
19.452830283555823
19.52842504472877
19.602758990089505
19.675636453566916
19.74686578901295
19.816255954080653
19.897872444923504
19.94873776010523
20.011442180272493
20.071541963172702
20.145095453236397
20.199904479709197
20.23431203128031
20.2998310116749
20.344595165292603
20.387762146930623
20.403727802961477
20.436444068561716
20.485014320844076
20.509668628831573
20.52983825562024
20.54539765978586
20.556209203060593
20.56214834644083
20.563095825277095
20.558959937889792
20.549626279803775
20.535016034623336
20.515042219639373
20.489628084937678
20.461469042830238
20.422252885993778
20.383004313798242
20.332503902051084
20.282020625427336
20.22299363940118
20.158344260143256
20.08797216335975
20.011988382959807
19.93031862449277
19.84310391395138
19.750275437596997
19.65199560324664
19.548255338109765
19.436141642509018
19.324741600578438
19.205147431594135
19.080445526898473
18.950763496984287
18.81620011475062
18.676878318793683
18.532908652694335
18.384508735404037
18.23174083371473
18.074775624157624
17.91377843158573
17.748899309658317
17.580316507497653
17.408198555829582
17.23272192480742
17.05406380218686
16.87241029220398
16.68794210467563
16.50084859398934
16.31132841698666
16.119563662301225
15.925756898335624
15.730092291593518
15.532773378504249
15.333987814385797
15.1339283214551
14.932767103339213
14.730765319019458
14.528035599203628
14.324800308974579
14.121232149374215
13.917514178516303
13.713831241367775
13.510354520312497
13.307247028143346
13.104685862874664
12.902831051724744
12.701836429196048
12.501848595778238
12.303023980450359
12.10550428603544
11.909416617815914
11.71490230737842
11.522081564884717
11.33107272961159
11.141992186876907
10.954942687577049
10.770034813340734
10.587355296987388
10.406991280572704
10.229031320831755
10.053555334163985
9.880625963950031
9.710313319759141
9.542676723439493
9.37777067515942
9.215642345628439
9.056329705909164
8.899874553913483
8.746310080302042
8.595655068833775
8.447931457296306
8.303170799669726
8.161367297227455
8.022533302045023
7.886670591283123
7.753778545714232
7.623850843109983
7.496878629414196
7.372846183692223
7.251737427703314
7.133531502862929
7.0182046797739295
6.9057297600493435
6.796077045993984
6.688789029395464
6.585098606489944
6.48370834803412
6.384986622232419
6.288905173422208
6.195410217398667
6.104459280110419
6.016003276724323
5.9299919773689
5.846382020793047
5.765111283211321
5.686137048713116
5.609395275081368
5.534617227513295
5.460298415803666
5.391848123675733
5.323512343467796
5.257133600632307
5.191056806558147
5.128482939544553
5.067689392910077
5.010042236461174
4.951216576868029
4.895424058392277
4.841186343683183
4.788447966834072
4.737154254265575
4.687252126652758
4.628482872149711
4.581451427440438
4.545368007285872
4.500511499156358
4.456793569408267
4.4151965443239085
4.3725866493614305
4.332009011255749
4.292392471201609
4.206465269601811
4.215884263293911
4.17985775569481
4.134517109310265
4.0992469183956874
4.073679996783189
4.030921884903561
4.005682888523226
3.973162656786176
3.941297931977352
3.9110215698774544
3.879466082873724
3.85039960977485
3.820072638763806
3.7912642488880137
3.763039776778554
3.735394762141071
3.7083278003953613
3.681839730016586
3.655932931041135
3.630612226888076
3.606643177176082
3.5825096082553687
3.5589882497244116
3.5360905877283426
3.506567142991812
3.491491784063137
3.464095870122889
3.4511016100049003
3.4307427394670045
3.4119049799824017
3.3938039574573917
3.377262624266595
3.3533980051769854
3.3440994189024207
3.329124783044119
3.3158114938159886
3.3016703461751713
3.2900833894641255
3.2776448926900623
3.267849783381058
3.2571548814698676
3.2492061438572044
3.2402820595631514
3.2332188783457427
3.2188230401311255
3.222919459038308
3.217549426927357
3.214159590703835
3.212861947560628
3.2002381936579885
3.2093826291187293
3.2108729310886597
3.2119330960529395
3.213820332696593
3.215014370126925
3.2184156851134045
3.2241710410133506
3.213971075003683
3.2346564057189724
3.239051041760968
3.2476531671000224
3.254984690336362
3.2607904825586593
3.270864127770053
3.2795135462278817
3.2884992208320436
3.2979991420219004
3.3074973242311776
3.3171610204982955
3.3042241547865245
3.3367486812041562
3.3465531594442544
3.3562838904949412
3.365880955286205
3.375285501148765
3.3844373187046104
3.3929771904165524
3.4017550208506946
3.409808551504961
3.417066046898167
3.424112008355063
3.4305822641136343
3.4367661373799674
3.4419537056274367
3.4460897116832
3.450171091067499
3.452777974627207
3.4549241637762975
3.4562354172484455
3.4570473380059807
3.4562632931632007
3.4549458818622805
3.4527251980557976
3.449593540361673
3.4422916046442835
3.4409593295517285
3.431471549614076
3.4279713486502117
3.417080542104439
3.408582062879854
3.3992423937643257
3.3890860853795832
3.3781410857404333
3.366439826023307
3.357176386303238
3.344046996042802
3.330272880467336
3.3128065610395447
3.297899083731225
3.282482847866567
3.266606664196334
3.2503203161265017
3.233675636633587
3.2167233944863303
3.199517092046663
3.1821092049404465
3.1645516935768576
3.1468972909325426
3.1291978414502952
3.1142685253629026
3.0938620226516487
3.0763229147385243
3.0589325616503413
3.0444182157360165
3.0247692308376717
3.008077163117931
2.9916950297993865
2.9756563449095963
2.962619643674338
2.944728883975906
2.9298931477660832
2.9155036533272445
2.901578975876097
2.89076678774374
2.877819601371776
2.8627164856745453
2.8537235568692845
2.8392922662356455
2.8310295532390923
2.820571470183148
2.810593031237468
2.80107952854502
2.7920145375694685
2.7833773166743283
2.775467571631823
2.764386392610134
2.7568472952154583
2.752940634955783
2.7158347056194065
2.7390663150070584
2.7329876192980174
2.7267437974542705
2.7206384186588846
2.714632808012604
2.70868519920833
2.702755354772269
2.696796897777479
2.690779741733646
2.6846475433758474
2.678374217513513
2.6719086161759664
2.665214517881822
2.6582541458898192
2.650990018368827
2.643386294477067
2.635408968251496
2.6270258540312774
2.6182064977770008
2.608922125224708
2.599142934999123
2.58885717630441
2.5780306218656315
2.566648420785537
2.5546930960355096
2.542151541944657
2.5290068440094062
2.515262615082033
2.500894359563174
2.4859162820113134
2.4703118785323834
2.4540879140721295
2.437245514935693
2.4197912884241193
2.401730652249092
2.383070863724296
2.3638346240834696
2.344022031934255
2.3236496528790465
2.302740500805558
2.281314774403198
2.258954920475777
2.236963320925468
2.2140920969021747
2.1907801733086245
2.1670548958029814
2.142939736837116
2.1144580046430503
2.0936396899884295
2.068502299057979
2.043083689351015
2.017398188211574
1.991475820236938
1.965342181997169
1.939017748066991
1.912538791810578
1.8859197073190588
1.8556699936454955
1.8323635604652917
1.8054735242670694
1.7751844916003132
1.7515746843130122
1.7246147547669552
1.6976671653870448
1.6707548314899634
1.6438958350698827
1.6140897254183741
1.5904044403541526
1.5638046103385843
1.5373212927329252
1.5109691400594936
1.4847612606937135
1.458709335063566
1.4328260139598512
1.4071217854981026
1.3816076021339363
1.356292774224977
1.3311861481079401
1.3062968212116612
1.281401018966929
1.2572033241140266
1.2330129741398328
1.2090700252669306
1.1853813592280602
1.161952693125912
1.1387896685014904
1.115898358483379
1.093284186318775
1.0709520748505275
1.0489076842845066
1.0271547358989457
1.003999395316178
0.9845433697155184
0.9636937336134944
0.9429950789277365
0.9229255062535149
0.9030148846471873
0.8832802280594878
0.8641587250747012
0.8438667018258166
0.8266091648692867
0.8083315085774206
0.7903867804947439
0.772779870643751
0.7553946493212659
0.7384688725870603
0.7219937612523757
0.7057446199602082
0.6898377903008817
0.6742717352719172
0.6589493303183661
0.6432251035442422
0.6287044648945384
0.6145182496406922
0.6006639179913236
0.5871385268639178
0.5739383469912065
0.5610596060082955
0.5484977343967605
0.5369062876687125
0.5250159227116439
0.5126620603060987
0.501314274549105
0.4902544162513828
0.4794756735166384
0.46897075597613425
0.45873207452980486
0.44875185751199814
0.43902203247944166
0.42953436092062586
0.42028058256587975
0.41125219310498223
0.4024407265741344
0.39383771659972927
0.3854347098803455
0.3772233892520457
0.3691955292141443
0.36134306296562385
0.3536582511232653
0.34613353442885275
0.3391968303096462
0.33153566805115675
0.3244491832030507
0.3174958819443494
0.31067023025688756
0.30431850204670485
0.2973811483104997
0.2909086901098176
0.28454573300919256
0.2786465873105694
0.2724849397826668
0.26642443265181787
0.2601307878636215
0.25427618998871965
0.24851888796844063
0.2428585698510155
0.23759433762941345
0.23212011350473818
0.22674428119922346
0.22119426466855466
0.21390511195321205
0.20890868647596375
0.20401683177556273
0.2013925027112401
0.19664136875459834
0.1920020539380428
0.1874769419062714
0.18306854928687147
0.17857981074277685
0.17288538684936255
0.1703830855204842
0.1666487789007434
0.1628577149941875
0.15919566512831296
0.15566366464273487
0.15226315129215254
0.1489942142398809
0.14571989430856272
0.14166472519673956
0.13985171983770958
0.13175750248442733
0.13450238836764808
0.1320182850993776
0.1296582853893966
0.12741956678874805
0.12082073130200442
0.12250256576536263
0.12062834973817756
0.11970076911921823
0.11718599676026192
0.11560823228493411
0.11411921447124901
0.10958426175350489
0.11138533346367893
0.11012894709216518
0.10893840088884985
0.10780757942959147
0.10673051478251276
0.10270023316342633
0.10471322781193512
0.10076461460674069
0.0998411879444956
0.10194074159154398
0.1010615738271388
0.1009386365937503
0.09933936362139092
0.09848686741020364
0.09763437563400894
0.09677803623427764
0.09591436800953566
0.09504037349155685
0.09121907171272098
0.09397750825756644
0.09233224011830911
0.09202328530212173
0.08766089059905327
0.08674136174567802
0.08846805700507032
0.08810095265828924
0.08642169062244938
0.0829457157740539
0.08430777626107198
0.08322952479729241
0.08213984296230419
0.08149166798627473
0.0799359507093136
0.07927629385633432
0.07771761876127531
0.07505962692192177
0.07408454921742391
0.07204001147253267
0.07119507592193638
0.07019191497579735
0.06939899006792213
0.06862303666622208
0.06786505210598547
0.06713527672846807
0.06640571777901333
0.06570525995715201
0.06502451084319566
0.06436327746136984
0.06372122026650184
0.06309766122823673
0.062488609518340406
0.061902330510462594
0.06132244554347126
0.060767424854700894
0.06021857251397434
0.0596795602257194
0.059148277083779795
0.058622427645834335
0.05809960544453463
0.05757733042831953
0.057053040021068264
0.0565241611094524
0.05598809074890141
0.055442289794778596
0.054884249881204
0.05431158229426437
0.05372201764685375
0.05311346151328596
0.05248401479049194
0.051831979236004785
0.05115594210081889
0.05045473015275962
0.04972749919207616
0.048973700189767946
0.04818854444318706
0.047388199589159685
0.046552830991040156
0.04569587911812338
0.04481207753469178
0.043907387553581194
0.04298489820417724
0.04203925189180807
0.04108076945052438
0.04010984093981158
0.0391297163509734
0.03814388382888171
0.03715605116739954
0.03617011679752948
0.03518413686839743
0.03422017589259149
0.033264479704294005
0.03232719190443853
0.03140660290224083
0.030524263756096345
0.029666476731390917
0.028842719799493776
0.02660191113671845
0.02731034737126586
0.02449117729879069
0.023546963160064497
0.022674686552069154
0.02185164516748356
0.021120230638674062
0.02036517801542495
0.019706196610960007
0.019105221727336703
0.018562669867353256
0.018078199017264446
0.01765058686360941
0.017277684798614003
0.01695651933518973
0.01674362726524937
0.01645263749057853
0.016259296220383197
0.01609615305825611
0.015955706040101613
0.015829383902207592
0.015768833562578057
0.015580645536625106
0.0154370684963243
0.015265435439163479
0.01505351375721973
0.01478854333851548
0.014457394394976812
0.014046594672488904
0.013542417623708187
0.012931093026628822
0.012198929926570862
0.011332291558914707
0.010317931853284916
0.009142978822815114
0.009039330273137124
0.007155162665141546
0.005085972007746684
0.0028272629000959102
0.0003819641957292514
-0.002269947579859939
-0.005110500132272389
-0.008144424970435908
-0.011368744715062282
-0.014778712580053366
-0.01836779377446386
-0.022127599893914236
-0.026047872252196673
-0.030116439880064638
-0.03431919262919684
-0.03864008811653106
-0.04306122917130622
-0.04756277742446113
-0.05212311566361364
-0.056718795649090194
-0.06149048764553431
-0.0672771090110507
-0.07223334930253404
-0.07988412210537205
-0.08475068595433669
-0.09078810235537209
-0.09528614294241276
-0.10038899499902831
-0.10661881355684508
-0.1100789006818738
-0.11458828726049848
-0.12066096410989142
-0.12477723144332917
-0.12829318270614853
-0.1318886237237435
-0.13217297104522208
-0.13728776679840937
-0.13892190704469767
-0.14029173483261093
-0.1410689313722761
-0.14121692489368282
-0.14115108256084996
-0.1394882295781687
-0.13754813228996987
-0.13485270855092424
-0.13137659294273252
-0.12709746554524004
-0.12199623093547568
-0.1160570690396595
-0.10926788266611007
-0.10162025019564527
-0.09310962115150598
-0.0837356012335414
-0.07350181133037702
-0.06304221221426028
-0.05112360391477255
-0.038451583265485825
-0.02490397584234249
-0.010577099835787536
0.004499228979723095
0.020291212564586616
0.03676067977587312
0.05386555949395449
0.07155943395904643
0.08979228186947384
0.10851053067674778
0.12765696997973672
0.1471713114732559
0.16699022119116697
0.1870477772716372
0.2072754162734271
0.22760283967302908
0.2479575875851269
0.26826605779044704
0.28845350277569226
0.30844432585888526
0.3281626217018892
0.3492178016624956
0.3666141757358755
0.38864294628907226
0.40508675532561356
0.4178413282257259
0.43278549684039297
0.4522828415020793
0.4671695904785202
0.4788449389153875
0.49133473700035907
0.5028029719306655
0.5170470924179956
0.5224817828488206
0.5354523697627909
0.5375392219675993
0.5432480865812488
0.5477073473348623
0.5568437788436853
0.5591178040343643
0.560910427061769
0.5605885043592218
0.5589433691973377
0.5550275369578851
0.5516021680645703
0.5451198620152532
0.538251549863787
0.5301409154584787
0.5217904017312853
0.5103259107271376
0.4996951540972672
0.4869921552807389
0.4733639969817466
0.45864293200133144
0.4429974936788845
0.42649093209428696
0.40918928980873714
0.39116116514671045
0.37247749129492425
0.3532116677056484
0.3334380030444265
0.31313603084426844
0.29267962684143833
0.27184867414239117
0.2508212477182445
0.22883290563173062
0.20848937067107684
0.1873394337875917
0.1663009875208711
0.14544799441243678
0.12485204944200651
0.104582722218855
0.08470613797082374
0.06528765428274436
0.04638639674264545
0.024939747160502956
0.01036133698363111
-0.01740745279813901
-0.022976610192130244
-0.038492262083631525
-0.05685354118392486
-0.06953270725175552
-0.0786721183882003
-0.08926071967444299
-0.10347049021173696
-0.11376850347723565
-0.11424709156350576
-0.13159562432456
-0.1391207150564512
-0.14318616816709012
-0.1514169580261619
-0.15655323473971802
-0.1605309022473478
-0.16316938934655723
-0.16583958214599162
-0.1672606284363192
-0.16789877951290144
-0.16778722426323042
-0.16696165754556985
-0.16545991422463147
-0.16332181917161687
-0.1605889623989827
-0.15730421322018703
-0.15351161195104068
-0.1492560521074004
-0.14458284037696315
-0.13953757002608652
-0.13416568034667997
-0.12851268761879397
-0.12262309208876435
-0.11654083965675108
-0.11030869842973956
-0.10396835245686287
-0.097559717476071
-0.09112150642504818
-0.08469012227231106
-0.07830025715773994
-0.07198447863724325
-0.06577292970668341
-0.05969361370601846
-0.05377201885263286
-0.04803116218990949
-0.04249153359361359
-0.037171239042895904
-0.03208554495461965
-0.02724740971744659
-0.022667271251230983
-0.018353060812533788
-0.014310351168372702
-0.010542442454362734
-0.007050376856905855
-0.0038330475834801106
-0.0008877002457758076
0.0017908104921028562
0.004209027784513817
0.0063751063503619185
0.008298631173488346
0.009990516683639225
0.011462739095546586
0.012889898649715561
0.014417173806739276
0.015540943870018852
0.01608648874024646
0.01655810140395297
0.016966823017909978
0.017323366418132456
0.01763804266034587
0.01791460111631071
0.018180500942378962
0.01842620137915197
0.01801340204493164
0.01732773757118654
0.017277543002539045
0.0172212035931572
0.017168558712949304
0.016773792546425765
0.016711242383147727
0.016720606021014182
0.017158257147984166
0.016765692942582636
0.01678772470170561
0.016922752118553167
0.01709350345283736
0.017322052808066774
0.017602051938078567
0.017933256043647025
0.0183142861333694
0.018831643754997383
0.019218274292143896
0.019735394346134805
0.020291160995617688
0.02088140927864915
0.02159652718025009
0.02214682412823601
0.02281206552680017
0.023586608853754396
0.024275298726758415
0.024875298940740212
0.02556801143316933
0.026344189282848506
0.026930324968312155
0.02836122733005998
0.02831425025312445
0.029576933309916523
0.03014414448337107
0.029995722300060135
0.030521685306646357
0.03101248412610377
0.03153483507568875
0.03188250352229349
0.032259898688865564
0.033147223453184105
0.03289861301860547
0.03316106453615755
0.03338702207971008
0.033578199906042376
0.03378767521639621
0.033864563645383025
0.03396481076624986
0.034040257090022286
0.03409409559558695
0.03412965698988158
0.03415038787881859
0.034164364763315934
0.03420615970186437
0.03415907770909357
0.03415590144663129
0.03415538485522467
0.03416072018450641
0.03422114261982299
0.034200844866060336
0.034240955105212606
0.03429746383845193
0.034372406017625236
0.03446717779207113
0.03458313065737623
0.03472111140103662
0.034881615146184375
0.03506472207511924
0.0352702355850351
0.03549752389291665
0.03580406275147109
0.036019277782547016
0.036298804706815506
0.036606644497711935
0.03697863789967573
0.0373066823982697
0.03764365042173395
0.037921095278875626
0.03826665124092633
0.0386803782235232
0.03902483508673675
0.03930106509724795
0.039623445942000776
0.03994880830625436
0.04025290013217576
0.04060719440750808
0.04080081976970457
0.04105531913059928
0.04127081900309634
0.04146904502962133
0.04164077849075985
0.04178496543882871
0.04190060299780196
0.04198743369997046
0.04204534206445959
0.04207450013410851
0.042075525441690576
0.04204930078960619
0.041997088894603365
0.041920475006520026
0.041821260559531594
0.04170160239069261
0.04156389089049476
0.04141074358348162
0.041244906477667556
0.04106939739293058
0.04088729809474236
0.040701767627643395
0.040516069295287976
0.04033358205684835
0.04015709210793137
0.03999039577822301
0.03983592707519879
0.03969713872534245
0.03957662559480694
0.039476945331210316
0.03940050377490148
0.03934936210022311
0.03932537998261133
0.03933003776340519
0.039364534847343285
0.03942971865105948
0.039526112855949105
0.039653883440973405
0.03981284015448994
0.04000243688446484
0.04022172652830162
0.04046952314693256
0.04074425146681508
0.041044066887788284
0.041366752855028235
0.041709913559968975
0.04207093442618193
0.042446848072590325
0.042834704842633
0.04323124124792402
0.04363321079386946
0.044037263192514664
0.04443986024736135
0.04483775173060978
0.04522755940616198
0.045605897846224486
0.04596972136752052
0.04631599771662431
0.04664187484072278
0.04694471762817169
0.04722220642852953
0.04747223264630702
0.04769296087176016
0.04788304644215812
0.048041159875568874
0.048166672015305
0.048258976669139274
0.048318153028337675
0.05237110558049955
0.048338220691239255
0.04830130172244325
0.04823349165124042
0.05246010913503754
0.04801598833999662
0.04787013769532869
0.047702804981366066
0.048032904772111376
0.04731568871330758
0.047101182504411726
0.04687806167167953
0.04664939302472559
0.0464186986936768
0.046189605726829175
0.04596576686634135
0.04575068810332894
0.04554787807343328
0.04536097698941511
0.04519305533843847
0.04504744994131156
0.04492706589153354
0.04483463704713267
0.04477266654119798
0.044744087055478596
0.044748861181300476
0.0447905734220804
0.04486992669863315
0.04498795218371087
0.04514528576048237
0.045342461884360474
0.04557926724260866
0.04585559931102667
0.0461708698197418
0.04660206860634909
0.0469139454457399
0.04733991554331804
0.04779797544759687
0.04828854264102672
0.04889121313279425
0.04935580103607133
0.0499279792892241
0.05136713908943541
0.05122256839803589
0.051767998489381906
0.05241235381086401
0.053069864540534945
0.0537346777505449
0.05440670616607354
0.05508268032891446
0.055760248234634255
0.05643731224278738
0.05711179929174115
0.057782137005577036
0.05844771610049289
0.05920272741572709
0.05985334052683623
0.06049513272908559
0.061025738005790975
0.06175062682864606
0.0632933059605155
0.062863792302126
0.06345839492544972
0.06415279383697159
0.06462467026903604
0.0652009940555063
0.06688765003531777
0.06634141815922813
0.06805747423986741
0.0674838381056078
0.06923781862505157
0.06983764061244721
0.06923795600998592
0.06996710165264743
0.07058848601476535
0.07110087101802137
0.07303189315695517
0.07372737046529493
0.0732694422638253
0.07519447141583632
0.07597052445273653
0.07677764336817476
0.07761773354648878
0.0784925087406686
0.07798613780159963
0.07891645031424337
0.08133874676661301
0.0808934684763848
0.08343156666119021
0.08303048475578931
0.08431432147947344
0.08533020530006019
0.08810391725964253
0.08937309140992025
0.08908219667107733
0.09202921708964307
0.09341448655118897
0.09318197487236765
0.09462117046490132
0.09778569075244467
0.09931027491620573
0.0993131019167767
0.10088237410664155
0.10230332926765631
0.10392411714760916
0.10575424697023939
0.10742790159513807
0.1089381256165112
0.11065364922451376
0.1123891241401904
0.11414373343085571
0.11591611908582208
0.1177074478520779
0.11951179950788215
0.12133569063671693
0.12337289634819823
0.12502492886823507
0.1268938240447625
0.1287787002834333
0.1306813243737469
0.13259655686184887
0.134533251859102
0.13648377071298406
0.13845533817791567
0.1404470771865668
0.14245970817988077
0.14449468383928074
0.14655317192290782
0.14863659698524587
0.15074596105307536
0.15288318314092017
0.15504919788630195
0.15724541126970293
0.15947299691233102
0.16173327934875048
0.16402680238152337
0.16635505808916073
0.1687187111410004
0.17111868612811368
0.17355481167345063
0.1760282106771935
0.17853890024353097
0.18108714230143597
0.183672390083418
0.1862943626586645
0.1889533035237938
0.19164766453846502
0.194377698881376
0.19714167605873084
0.19993885531554698
0.2027677996541912
0.20562763879647844
0.2085168466877096
0.2114339217018632
0.2143773881414449
0.21734586762704264
0.2203399775618889
0.22335023079193056
0.2263837832487148
0.22943565277924335
0.23250478882778036
0.23558940845851672
0.23868919839305033
0.24180192379260917
0.2449273703864624
0.2480675544919373
0.2512124028571927
0.2543707314713355
0.2575391131987965
0.2607176065109366
0.2639053640575772
0.26710371228910174
0.27031183255621904
0.27353107076256966
0.2767617239457148
0.2800046790143712
0.2832607013190545
0.28653442137590435
0.2898167591420352
0.2931185879401148
0.2964377244780812
0.2997757234528584
0.3031373079831279
0.3065128296831502
0.3099136060179849
0.3133367596618811
0.3167837892854423
0.32025491800528644
0.32375072278420974
0.3272703607186305
0.33081463556282387
0.3343825539083508
0.33797384015872817
0.3415863426316307
0.3452197478041852
0.3488709049553264
0.3525384256222321
0.3562193513721674
0.35991044572444475
0.36361227113425243
0.37140722602372517
0.37100755720364337
0.3746993606291398
0.37837983651526946
0.3820471380587699
0.3856826596412625
0.38929328787751405
0.39286704587426646
0.39639811549767184
0.39988334617298404
0.40330278085633176
0.4066651221293087
0.4099467637193237
0.41315168076490894
0.41626903086287265
0.4192901301729145
0.4222069594209406
0.4250132346104571
0.4277002090078445
0.43072328691450723
0.43268776732272685
0.43497487232560345
0.43711566184236583
0.4391029272938682
0.44093191411261334
0.44259685897093354
0.4440934672353575
0.44541608680133415
0.44656240541011427
0.44752807197201994
0.448310174237566
0.44891227451133525
0.4493179431090229
0.4495406462830353
0.449575225340517
0.4494220144079632
0.44908173471174734
0.44855576857703744
0.4478467212648314
0.4469558357266036
0.4458879132848718
0.44464535861113125
0.4432323629202139
0.4416544055617522
0.43991611468646785
0.43802308242438165
0.4359811312773103
0.43379695104663335
0.4314755283567298
0.42902537506903776
0.4264527742491035
0.42376515732550496
0.42096993605726335
0.4180744719935246
0.41508695715895494
0.41201381336784526
0.40886357767134995
0.4056437019342642
0.40236126312477866
0.39902471822069285
0.39564138699766394
0.39221708902625263
0.38876039878990104
0.38527777890960585
0.38177570909438363
0.3782612972488589
0.37473945901780115
0.3712177680805049
0.3677008043702703
0.36419859359677603
0.3607033340546428
0.3572337750069845
0.3537893631324993
0.35037431503399175
0.34699412189140616
0.34365152078078254
0.34035017155447966
0.33709427830108124
0.33388690506712476
0.33073136758333804
0.3276292747358859
0.32458462815086725
0.32159970411535926
0.31867712162493406
0.3158179092384593
0.313025822221427
0.31030231412511694
0.3076494559879107
0.3050694733417803
0.3025640688585993
0.30013536766685833
0.29778531276427356
0.29551620708941373
0.29333326808787685
0.29122660444524856
0.28921139129842827
0.2872842545047303
0.28544899086259184
0.28370651401472924
0.28206368303693347
0.2805109461503365
0.2790635172475684
0.277718543174869
0.27648038107777667
0.27535081465125255
0.2743326415923335
0.2734300080775409
0.27264462839184367
0.2719810710779977
0.27144129331035993
0.27102980032687335
0.2707500751198268
0.27060458264713394
0.27059817823076254
0.2707344674370516
0.27101629624593565
0.27144862296345706
0.27203510010759946
0.2727836709395177
0.2740690888283088
0.27476103202033825
0.2760056267721762
0.27742522818735316
0.27939800261674763
0.2811796338213592
0.28315012904207754
0.28531415842693353
0.2876766670512291
0.2902423824451729
0.2926575307962444
0.2956503527240581
0.29920918214799513
0.3026386110578819
0.30629721676939786
0.3101903998653825
0.3143239370860594
0.3183648617992919
0.32333476120542803
0.32822395838942703
0.33634956481278855
0.3417500555888138
0.3445001812243821
0.35048289106842506
0.3596359327057674
0.3661813416937379
0.373029526998205
0.38018759856875267
0.3876624793529189
0.3954610833050469
0.4035906182579767
0.40934296901079664
0.4178803334030565
0.43003694839782314
0.436919398768352
0.4494543091832413
0.45712674068957515
0.46779861195361694
0.47885856634248164
0.4928324659654215
0.5021697680807371
0.5144340124350267
0.5295555823113254
0.5399387120126913
0.5561263017513164
0.5700550820363687
0.5820794660761778
0.5969096474425197
0.6121836302397328
0.6279048131683345
0.6440758332280454
0.660698909968334
0.6799549963241771
0.6953057457517797
0.7132903998621145
0.7317282379917234
0.7506170551086943
0.7699545126683363
0.7897367486556832
0.8099589509488766
0.8303957355610537
0.8516992314293875
0.8729907568658268
0.8951150703197737
0.9192678123303595
0.9399254784072765
0.9632018325838774
0.9883892142788153
1.012138847579739
1.034332772304233
1.0587525991206421
1.0834618683840302
1.1084405404007849
1.1354156324377953
1.1608294696882635
1.186441203517071
1.2122245576908122
1.2381526423574059
1.264196080745796
1.2903264206616278
1.3149902700204366
1.341231687485481
1.3674641170726136
1.3950809724694693
1.419766901305336
1.4457701850524352
1.4716239618584384
1.4972961909880365
1.5227497897082694
1.5479480498391232
1.572854466293484
1.5974333838641368
1.622819300065076
1.646608968514932
1.6689544807386125
1.6918603356432884
1.7152319981854522
1.736017957101431
1.7583524480785693
1.7780056788951213
1.7990727284832542
1.817468527742953
1.8371588443857307
1.8551478432104749
1.8724017199100949
1.8879552233642887
1.9036842074502378
1.9195476055332643
1.932739532094718
1.9460381429532074
1.9585007060964426
1.9701202059273144
1.9808898019402743
1.9908058744832244
1.9998681363129622
2.0090208207804134
2.0163913940829414
2.02195808646138
2.0286212220995865
2.032509562772271
2.0366702887918207
2.0408643785694007
2.0424401433007784
2.045151227811476
2.0452131290107056
2.0455358806019213
2.0451851446655662
2.044190240965946
2.0425819802959677
2.0403928155966375
2.0375307265187996
2.035575768499782
2.031883948314559
2.0265254313693943
2.0219629340460172
2.017038726669411
2.0117911277032383
2.006105918689352
2.0004791197873297
1.994492832212747
1.988337127885539
1.9835625646691097
1.9754930236279549
1.970816144504936
1.9643899930450173
1.9579736840309507
1.9496999532684063
1.9433545311139027
1.9371114187520275
1.9309981675068706
1.9271204904916792
1.919263937631197
1.913688667345259
1.9083374099799275
1.9032274096730257
1.8983765231858614
1.8938000729372828
1.8919128741736622
1.8855247154821122
1.8818447871695443
1.8784874091090658
1.8754588588711028
1.8727702224626057
1.8704199058444555
1.8684240109046095
1.8667855420116992
1.8655115303993728
1.8646109360994398
1.86409088474116
1.8639631318687897
1.8642409346197926
1.8649302560801286
1.8660568084981173
1.8676361801721495
1.869691775282321
1.8722507920764133
1.875347539573716
1.8790073374111513
1.8832826500117674
1.8882155699664476
1.8938588684217117
1.900272182255503
1.907521636201293
1.915683499306697
1.9248274047493008
1.9350521530454343
1.946449798653445
1.9591252948297029
1.973190703067883
1.988766015077827
2.005981856906825
2.024974172854178
2.045893972022402
2.0688804218884194
2.0941110737215096
2.121748120173149
2.1519684187490733
2.1849559818572724
2.220900183356887
2.2599957652348457
2.302442296777204
2.3484458099333634
2.3982139443251493
2.451956157790093
2.509884873588015
2.5722194574749953
2.639161047049833
2.7109200651364893
2.787716502715215
2.8697539095236766
2.9572153262209424
3.0503090457418485
3.1492161036694597
3.2541092583790725
3.3651549214216616
3.4825056851763634
3.606300425293467
3.736665670151785
3.8737083792279785
4.0175215381170455
4.168177887956684
4.325729697644622
4.490209477448114
4.661628747724164
4.839973026758193
5.025207022171581
5.217273379324614
5.4160768250306095
5.621505835602852
5.833747342782664
6.051675420557997
6.2760530367494205
6.5063427176883994
6.74426641945835
6.985281371596489
7.231375327435312
7.482224764839663
7.737479023139892
8.004917315910257
8.258050598039201
8.5264269032725
8.795748393758474
9.067395024535516
9.34088908879575
9.61574072473616
9.891162314385634
10.167459307886181
10.44327830409053
10.718360621770149
10.992153501546868
11.264120249702746
11.533704108744628
11.800361451983935
12.063541675720185
12.322715367113226
12.57734487755322
12.826918058534922
13.070919965207736
13.308874191372698
13.540294087109261
13.764731373827017
13.981756787145152
14.190965763703154
14.391968412634018
14.584411724808179
14.767993918506928
14.942392743489464
15.107344598208348
15.262661986445767
15.408100394255987
15.54353171833293
15.66881378694015
15.782760768072436
15.888638727285022
15.98311017077218
16.067298387559653
16.141258610495104
16.20508639983832
16.25779401000081
16.301754188973693
16.326480535809438
16.36088666168647
16.37757136531664
16.383239093776016
16.38232732182438
16.372088935272544
16.353896005261884
16.328115284124408
16.295126332602386
16.255337821073656
16.200838295309254
16.149009427782467
16.099338787188294
16.029232357041874
15.962166365496433
15.896868933692803
15.815887723863417
15.737564563954951
15.661910168680508
15.57789354055755
15.491363291416775
15.399749485045316
15.315311904943677
15.221895601480549
15.135417518115677
15.04512365129268
14.955038413930623
14.865254295196141
14.774814405681461
14.674631196967933
14.602824328892178
14.518004095590104
14.434496993240822
14.350883825114071
14.268877829258251
14.207545702612581
14.12449201795613
14.052741765975824
13.983538052297455
13.916935288022053
13.852967724086863
13.791651166612516
13.732980615822648
13.676943526470163
13.623506245659932
13.572616616013725
13.524214177551514
13.478231582420129
13.434581906826642
13.393177891245188
13.353911446302265
13.316686505058167
13.281382873610681
13.247887820177064
13.216088981353627
13.185858252955207
13.15708130334683
13.129638204264555
13.10340840212404
13.078280692338257
13.054134812025241
13.030872340520375
13.008385311344819
12.986576280050977
12.96535296270007
12.944628793987873
12.92432686038457
12.904372803427469
12.884697980266205
12.865257147187835
12.845986242697
12.826845313261312
12.807791877515205
12.788803585206766
12.769848973607763
12.750922443815442
12.731995390350761
12.713071945310775
12.694146669474508
12.67521827176763
12.656299524885384
12.63739673320945
12.618523110519282
12.599693881315774
12.580925094839474
12.562239792585185
12.543657499068196
12.525191557433105
12.506866952370533
12.488699746842256
12.470714101883086
12.452921809801415
12.435343115948905
12.41798912268827
12.40087326880407
12.384008917955091
12.367681604631484
12.351030594063758
12.334931523852312
12.319092201697286
12.303496796430057
12.288153994798996
12.273043070602558
12.258151649683402
12.243468879298703
12.228966380319406
12.214631835728625
12.200621343353689
12.188063420873767
12.173970365238466
12.159937921517162
12.145936126433833
12.13192879662147
12.117888252549797
12.102819671378272
12.089593332914315
12.075263180404573
12.067093734344256
12.051691450810008
12.036085741778432
12.020262514259974
12.004183097361853
11.987829412526384
11.9822108372073
11.962905615267431
11.943446282956453
11.927659041549221
11.906877170816509
11.88533703263316
11.863867361209078
11.84240821436681
11.82100536533258
11.799564908618123
11.778187832882196
11.757383726173565
11.735535057798504
11.714263108423703
11.695467965339422
11.671852947271795
11.650719318870564
11.629638325353424
11.608620661193449
11.587668132069565
11.565902276183891
11.538651901146645
11.51570115731179
11.49264485028644
11.4549269869993
11.428928292529966
11.402704039591159
11.376270746966334
11.349656957941885
11.322879262047582
11.295970449063246
11.268955957848643
11.23275116179621
11.20471815497694
11.176636838840274
11.147049480025848
11.118959761386266
11.092259769250848
11.062552202745968
11.034420496659127
11.006374268615204
10.997726904615382
10.97098196197605
10.922697673575938
10.895429378642566
10.870481565923706
10.84346125525186
10.816653376545748
10.790077993831945
10.763745179110876
10.737662309055205
10.708503239979283
10.683214838402773
10.65787933446613
10.632469869750828
10.607744326057722
10.58724048689996
10.559664275091869
10.535930173107939
10.512114884371751
10.489500139657792
10.470780660477574
10.444492314048915
10.42207237347408
10.405154946785288
10.384024239072648
10.358908903140517
10.342900159694775
10.322913374202239
10.303319866079658
10.279481474569268
10.260095685642614
10.246941519215524
10.228968698391581
10.211411750128226
10.194283611355084
10.172575627514947
10.16132475585089
10.145507414324769
10.130145291492601
10.115248936912987
10.100819851588227
10.081576164179566
10.073415980924977
10.054477056452994
10.048017974978093
10.03002553413067
10.018607016349252
10.007721086895732
9.997407004099145
9.99387158348766
9.98474828127892
9.96994090610552
9.968306437777622
9.961009561076516
9.947995380388452
9.948351879890232
9.937252377443796
9.938347257402324
9.927930786449023
9.924647038492834
9.928548843362138
9.920229151957468
9.91912284647126
9.918761499495192
9.925671902517568
9.926839503325784
9.928776602636722
9.92496469762198
9.928457773978518
9.939255380670136
9.94431899007152
9.943657778280718
9.95679380569001
9.957722446732328
9.97239397995884
9.974906711352181
9.985298177928145
10.001555966937818
10.012767079719895
10.024704940711558
10.031031614449528
10.050691897038735
10.059079436674153
10.07313646823732
10.089075105602824
10.104360043845418
10.12145089304409
10.137851529276489
10.155959660389072
10.173328277365641
10.192317276271169
10.210508721369322
10.230213641206602
10.249625850132738
10.268728971438058
10.288613240438833
10.30919825087088
10.328788902918383
10.348990196075784
10.36919443100263
10.389877601344963
10.409408432904854
10.42981223339284
10.449493660014454
10.47334796752545
10.492389981053039
10.506754407208845
10.529325889017134
10.542454206402585
10.559796343230893
10.577038953520882
10.593204824851394
10.60872904056634
10.623565126366017
10.64156687657358
10.654883881287613
10.66743672997952
10.675413122896975
10.690111878985423
10.700209239642245
10.70946179565557
10.717871471258892
10.725432135262915
10.7321551525738
10.738059838971981
10.739055962495609
10.74335269626681
10.751026422937969
10.753886528558482
10.756073617000903
10.757652811556062
10.758677956880188
10.759216403496811
10.75933559430517
10.759125151585538
10.75865412838999
10.758034813854012
10.757351724111341
10.756717014995754
10.7562361299984
10.75603083918291
10.756220271678785
10.756930583394034
10.753328492790855
10.76046003008971
10.763554654784828
10.762342179084929
10.766968154596377
10.774212737102221
10.788202882001382
10.792192017964963
10.803858812164366
10.816811253832642
10.833345150155068
10.850747063594481
10.87133340089921
10.894561674181924
10.92058024496834
10.949549726151034
10.981618082984102
11.016937321607237
11.055664793319181
11.097939949428655
11.143905342726773
11.19370800598835
11.247476463797662
11.305353093661438
11.367463302156555
11.433934925317152
11.504888716456218
11.58044842625872
11.660721103685185
11.745831018024344
11.83588155761641
11.93097948936164
12.031231869678912
12.136737023222638
12.247607900938842
12.363944520227305
12.485811635069213
12.613350986628298
12.746640930527846
12.88579617770133
13.030885984962572
13.182044135644077
13.339369760253998
13.50295789376462
13.672934508336805
13.849407182350028
14.03249641405501
14.22232873923378
14.419029109127672
14.62273492928418
14.833576252589728
15.051706741188173
15.277276869893603
15.51043877709387
15.751354129130316
16.000185246270572
16.257109199886816
16.522293353048404
16.79591719413951
17.078159555289098
17.369207272643603
17.66923527630569
17.97842623453877
18.296964133707935
18.625020389600724
18.962769342329064
19.31037437297547
19.66798758000549
20.03575647685658
20.413816595474795
20.802280369242364
21.201259198603303
21.61082706421703
22.031035777806345
22.461939678857703
22.903528669050676
23.355800839028056
23.818686880120033
24.292110088958502
24.775947737861422
25.270033655040336
25.774170612448827
26.288106477418875
26.811545102040114
27.34415236880202
27.885536769967604
28.43525060251292
28.992805968106392
29.557648931972178
30.129767243692832
30.681372008417764
31.28959002534934
31.70883565858645
32.43867432483413
33.057687696895236
33.652382023262085
34.247923969682255
34.84325974475846
35.437303023871685
36.02889031816702
36.616839633175275
37.199907041506904
37.77682840662989
38.36043887858335
38.92237959753309
39.45735149486747
39.99620537672409
40.54158769206114
41.054386811554465
41.551324345583964
42.03094667913515
42.49181222561166
42.932474235639006
43.351507459747026
43.74751486505382
44.122605170763904
44.4686170892043
44.78756981055561
45.07818616686996
45.339281060983424
45.56968025505499
45.76830590028824
45.93413147024741
46.0662099426372
46.163686047806806
46.22576783199384
46.25177106905312
46.24109675524061
46.19325697506917
46.107842173340025
45.92836366050011
45.82325356619788
45.62382910202905
45.38632466076745
45.11089901526119
44.797822730067736
44.447460860005734
44.06031130705046
43.636974316658666
43.17817613926215
42.6847318654535
42.157560028905564
41.59770737454193
41.00630855612575
40.38456817362886
39.733805953830256
39.05542421062261
38.35090339454441
37.621792364580784
36.86969716340533
36.096322564118324
35.303372959684275
34.49263870281435
33.665933376321085
32.825101399641284
31.972023023159625
31.10857073466405
30.23664024783581
29.35813388857347
28.474936212566753
27.58886317404211
26.701867682516358
25.815766241942818
24.932236190497804
24.053071489087856
23.179960095641963
22.31452303057127
21.45834961138352
20.61291848216541
19.77967627662997
18.95996360942248
18.155057811361274
17.366153408294572
16.59433582390691
15.840624267283097
15.10594348194984
14.391104521977642
13.6968461358829
13.02380648449546
12.372528594533836
11.74345983597086
11.136957113179413
10.55328852286532
9.992622785781931
9.455061155957326
8.94060008827822
8.449166865075435
7.980609153355052
7.534702288900538
7.111150121433014
6.709596928353218
6.329618441755472
5.970740905497212
5.6324376843477415
5.314135701461542
5.01522474738181
4.735052782843276
4.472941679328104
4.228184433613229
4.000057409168149
3.787815604284182
3.5907068750708295
3.407969186813013
3.2388399106636525
3.082556733837926
2.9383636197142358
2.805513287593997
2.6832713131064514
2.570919160063488
2.4677552747236375
2.3731014786852906
2.286300940671789
2.2067234231107076
2.1336427965965417
2.065748437162758
2.005438890567537
1.9480878441763125
1.889414676932196
1.8491966473676849
1.8041917976065496
1.7632071448946378
1.7250901274661647
1.6901765534154092
1.6568262547012806
1.6254519464673294
1.5958092224574323
1.5670474661537748
1.5402404799015892
1.5145844352975846
1.4905790278516935
1.466158455336312
1.4438161160419647
1.4154904137398014
1.3997935613735073
1.3779491872236507
1.357898178225068
1.337766144586984
1.3173005800483315
1.2979461730165185
1.2789974534230317
1.260448122385155
1.243006354096753
1.2252559386428774
1.2079104047491769
1.190975183330799
1.1737538034493036
1.1583676726203904
1.142008381912562
1.1267913625004558
1.112714079201063
1.0976925136846047
1.0838148913108305
1.0703850068140133
1.05739974204524
1.0455391352042092
1.0327405173758244
1.0210504945605157
1.0097724217737127
0.9995114059628061
0.9890880533442356
0.9789657644756959
0.9691941805986096
0.9597558059323356
0.949920883440126
0.9418011062761228
0.9331709297323272
0.9248661697803572
0.9161224778501554
0.9082523333242489
0.9005735425635436
0.8930666555054374
0.8857123791075349
0.8784926277006605
0.871389796733395
0.865149303304264
0.8574673230204125
0.851500371984918
0.8438195011580508
0.8379840832503556
0.8303332021616006
0.8245777461357516
0.8090689885791361
0.8021905078662841
0.7952932106189041
0.7883675942131868
0.7908156464528147
0.7840826982812247
0.7673308333396299
0.7602034462232823
0.763169534725403
0.7560389157992911
0.7476509283462439
0.740305849690759
0.7233460833329062
0.7263529055320417
0.7175729187204197
0.7108323185207645
0.7017603376265609
0.693636347105519
0.6853592311342164
0.6780347658297502
0.6694366300010519
0.659562731134183
0.6506310309952343
0.6427498928626713
0.6322591669912281
0.6228201414450115
0.6132153530221371
0.6046204285942783
0.5946784608477793
0.5845872476490275
0.5743520660549908
0.5639841753436677
0.5534952324872929
0.5428984725712642
0.532208303949087
0.5214410894345041
0.5106137298059776
0.49974515337728864
0.48885454834402065
0.4779623633384864
0.4670897679970495
0.45625848986108697
0.4454905053114979
0.434808298234606
0.4242338857630389
0.4137892915781138
0.4034962978866694
0.393375677336981
0.3834477926189484
0.3737316332389005
0.36385529792295934
0.3550051589742709
0.34602663138950257
0.33704213425498974
0.3289062925915121
0.3207860736943251
0.3129704039686763
0.30546529129962524
0.29814728617761876
0.2914006421413848
0.2848430290073389
0.2785999458221571
0.2726675017203578
0.2657037930767794
0.2617253373798378
0.2579064289915864
0.25422997030070843
0.24923194503760332
0.24545089248041826
0.2397013195282361
0.23545589843016013
0.2324802252191585
0.2285293555362602
0.22534111781278748
0.22231540212133613
0.22013088115131488
0.21661058030389568
0.2140599387711392
0.21153316275537523
0.20909611801883246
0.20664874018455245
0.20435556570276833
0.2022030735987941
0.20000991636577287
0.19777186831590554
0.19564821415540326
0.19426642196509275
0.1915482003157068
0.18941435321948222
0.188043929615584
0.18599907169275065
0.1832930644182637
0.1819489331857009
0.17994498348570792
0.17795714055926232
0.1759874755123135
0.17403862779743048
0.1721134202992441
0.17021496348145917
0.16834624364267933
0.166510509764349
0.1647106381508724
0.16294951827987333
0.16060626280654583
0.1595531660263372
0.15721337834498486
0.15633724682908676
0.1547999377982621
0.1533103253646416
0.15186829473948757
0.15047320682128537
0.14912381884423712
0.1478185115084728
0.14593947287144884
0.14533153296149928
0.14414457507139036
0.14239860828124815
0.1412849511056904
0.14077252852234612
0.13970002550414642
0.1386473989368957
0.1376112024581479
0.1365880727890238
0.13557480522455198
0.1345685149920441
0.13356650898785488
0.132566630530636
0.13156688838912683
0.13056575853043345
0.13171158939987185
0.1285555263789546
0.1275455314576636
0.12653243628445981
0.12761610353981223
0.12659743678583676
0.1230158538837175
0.12457219965483897
0.12356814644066301
0.12257175928016605
0.1215846310741471
0.11792775217768017
0.11694184185363513
0.11869539602006965
0.11502967858405179
0.11684531280119902
0.11320291880080524
0.11506921059921824
0.11421156503115322
0.11063592875829317
0.11037466198808214
0.1117679745098782
0.11099718906443484
0.10759378054094913
0.10691088265914159
0.10675674353539714
0.10812282796902745
0.10499361749779526
0.10679726891895311
0.1061576858632795
0.10332771067727889
0.10273858981750532
0.10263169406639393
0.10169458283189677
0.10157207374688199
0.100719692350423
0.10017444564394168
0.10137116664119128
0.10078940759190433
0.10020677436984719
0.09962245403742664
0.09903574474946317
0.09844628495494724
0.09785387132434949
0.097258589698423
0.09666067065298753
0.0960606710164116
0.09623125768493224
0.09561298293439999
0.09499860527225854
0.09438908612929156
0.09378530849886033
0.09318820906692996
0.09272711465319501
0.09201780341223073
0.091446198201451
0.09088467757693215
0.09047789609898867
0.08979435551474962
0.08926644785673309
0.08875039112849145
0.08824628262064327
0.08775403271818762
0.08727332617382488
0.08680379739519625
0.0863448665196759
0.08601700618165113
0.08545574415683505
0.08502371583811626
0.08397012583988656
0.08417949773873096
0.08386950033528612
0.08335389581112541
0.08294507060717476
0.08253730716603025
0.08164484484473272
0.08172051311111764
0.08139599583929222
0.0809770395885714
0.08055465829495467
0.08012842035540338
0.07969798808284394
0.07926320715657618
0.07882406243426782
0.07838077769182931
0.0779336196119456
0.07748314283772602
0.07702992898486209
0.07657476700164387
0.07611850980620699
0.075662117522681
0.07520662582070355
0.07475308932945687
0.07430260898658043
0.07385627846825611
0.07341518193631677
0.07298029845130152
0.07255259981002748
0.07213291607203663
0.0713854659676233
0.0713204765461742
0.07092881710498297
0.0705473560071965
0.07017628584924833
0.06981563333710435
0.06946526403165162
0.06912492737537292
0.06879420905262632
0.0684725943036143
0.06815942900113964
0.06785396089311327
0.06755538352846051
0.06726282898418691
0.06697535587446343
0.06668826931297615
0.06641206875880887
0.06613443149767267
0.06585832553894369
0.06555968961313456
0.06530770015190572
0.06503188616760622
0.06475503976086008
0.06447680606718151
0.06419690007691436
0.06391407848840579
0.06362206441577344
0.0633464903589823
0.06305976474167094
0.06277091582189444
0.06248308565309199
0.06219397850382977
0.06189498739413735
0.06161676022955566
0.061329756877473274
0.06104458401374482
0.060761773513465164
0.060481833910338845
0.06020524550024645
0.05993239395075685
0.059663582405760016
0.05939906458034679
0.05913896821142574
0.05886620341261078
0.05863211599286067
0.05838516471438732
0.05814225627863574
0.057903031801187776
0.05766712965054188
0.05743408275161616
0.0572033957802372
0.05697452341537974
0.056746955406560044
0.0565201124679012
0.05629349188356395
0.05606659873661021
0.05583900195747051
0.05561032916560802
0.05538029236403483
0.05514868363082208
0.05491538475867854
0.05468039725147267
0.05444381132947042
0.05420580738543687
0.053966678072577906
0.05372679858415171
0.053486624833977356
0.05324667944679268
0.05300753305123169
0.05276981378915462
0.052534150367171205
0.05230119652161705
0.0520715661611525
0.0518458639143991
0.05162465058211926
0.051408400590008355
0.05119753453945437
0.05099236401190048
0.050793121660771795
0.05059993460404005
0.05041280056957362
0.050231629437054816
0.05005620674689897
0.04988623608703753
0.0497213175837896
0.049560949365050636
0.04940459912366181
0.04925163321971191
0.04910304981140475
0.048953247744722705
0.048806480801368055
0.04866042654845478
0.04851444663947694
0.04836796828253109
0.048220443404191175
0.04807142894368092
0.04792055780193948
0.047767554273448934
0.04761225192226508
0.04745456852062652
0.04729454602234308
0.04713229759613894
0.04696807513453197
0.04680216952228955
0.04663496764891888
0.046469653479811364
0.04629849942737337
0.04613024119794737
0.045962682845673807
0.0457963498536389
0.04563174220281917
0.045469347196259474
0.04530958847535815
0.04515283117279141
0.04499937092938949
0.0448494099491234
0.04470307653012824
0.044560398035965516
0.0444213153761001
0.04428569631347679
0.0441533072948484
0.04402384803899432
0.04389695331469646
0.04377220325414073
0.04364914012741897
0.04352729116977846
0.04340616507792727
0.043318122918160396
0.0431641778121954
0.04304242692037162
0.042919648832585755
0.04279553078487751
0.04266982288666526
0.04254234941895505
0.04241760638518266
0.04228180852003885
0.04214879294869054
0.04201412262522588
0.041878003711449716
0.04174070995876179
0.041602581293957344
0.04146397930153543
0.04132530022100961
0.04118696323564873
0.04104936535172798
0.040912899087036055
0.04077794815258529
0.04064482100418911
0.04051378539308846
0.040385066544781044
0.04025880160926171
0.04013506076656521
0.04001384627908822
0.03989507238310882
0.03977860246319767
0.039664213924371576
0.03955162761144328
0.03944053202799872
0.03933056760309651
0.03922134158864459
0.03911245956323475
0.03900352742890983
0.0388941607092289
0.03878400452088303
0.03867274534071618
0.03856012514615811
0.038445918680248735
0.03833000527560193
0.03821229570281273
0.03809281035857234
0.03797469202028659
0.03784883560931083
0.03772470300708199
0.037599475149807424
0.03747345694578449
0.03734961522710177
0.03722049276824739
0.03709431568724847
0.03696886870252932
0.03684452025058603
0.036721637420447956
0.03660053836067101
0.03648150091153347
0.03636474855657716
0.03625045213875638
0.03613872161395175
0.03602959258180378
0.03592302907305135
0.03581895638382145
0.03571723745374571
0.03561767100738873
0.035520029086352434
0.03542404078583495
0.03532942015059502
0.03523587515030157
0.03514310072360048
0.035050807998410885
0.03495873799815731
0.03486666006322523
0.03477437162500953
0.03468172106635264
0.03458861527197701
0.034494986404538616
0.0344008519442063
0.03430626034628551
0.034211299966719184
0.03411610953496456
0.03402086225219644
0.03392575329543807
0.033993227075918724
0.033738171893647834
0.03364336725201153
0.033550920707473425
0.03345964192887767
0.033369667533264945
0.03328111642511016
0.033194060297160065
0.03310852482909729
0.03302449322673199
0.03294190437037176
0.03286064423418002
0.03278055997623273
0.032701475726347344
0.0326231805598468
0.03254544570367732
0.032468034976747134
0.03239070880949905
0.03231322793684466
0.03223538758292377
0.03215699448053339
0.03207789210918499
0.031997965218048784
0.03191713297461238
0.03183538012884091
0.03175271051194983
0.03166919402029402
0.03158493306592726
0.031500078455223804
0.031414795916508344
0.0313292938857935
0.031243802765916803
0.0311585394867524
0.03107373516872253
0.030989620094063003
0.030906393196526247
0.030824242262561787
0.0307441995702419
0.030663726580606267
0.030585561389579213
0.030508849782758182
0.030440498597844177
0.030359740524375883
0.03028722153455079
0.0302166248167877
0.030145683740567086
0.030076367594450943
0.03000779486652063
0.029939788674720764
0.029872170682833623
0.02980477843103636
0.029737463947436475
0.029670094529449034
0.029602578906328215
0.029534837905887786
0.02946684231488517
0.029398586692670686
0.029330100554346424
0.02926143452932085
0.029192680354119212
0.029123937037813914
0.029055328468817473
0.028986981041283933
0.028919028550917627
0.02885159245725701
0.028784795167234697
0.028718741948710956
0.02865396453939716
0.02858914645764341
0.02852569205449385
0.0284631459720349
0.02840148006215298
0.028340640228173144
0.02828054746113627
0.028221463594931318
0.028162192707632785
0.028103694345730405
0.028045468725307925
0.027987399698571128
0.02792935369439307
0.027871228585786962
0.027812927121598417
0.02775438078020667
0.02769598661379207
0.02763637696779305
0.02757690059503751
0.027517135473438672
0.02745713299835141
0.02739696500686607
0.027336716283577547
0.027276490191454426
0.0272163866298643
0.027156517460581526
0.027096985035295704
0.02703809752829818
0.026979293788587
0.026921275746205623
0.02686388618152316
0.026807142173985003
0.02675104159463678
0.026695567749291667
0.02664068426300537
0.026586321589738202
0.026532422980552244
0.02647889343780645
0.02642564523615286
0.026372598068529818
0.026319649996705417
0.02626673181957309
0.02621376650987859
0.02616070712516514
0.02610750916895395
0.026054158447776945
0.026000652275204338
0.0259470094233998
0.02589326199791786
0.02583946141702268
0.025785665939368263
0.025731948087601368
0.02567838435536826
0.02562504500902475
0.02557199733844042
0.025519307845540556
0.025467027682605826
0.02541519722962607
0.02536384137209265
0.025312967602762852
0.025262570377003482
0.02521262493960025
0.02516309731854948
0.025113941644738146
0.025065092857080185
0.025016502416767117
0.024968098578799506
0.024915362387456855
0.02487161941530125
0.024823436224691214
0.024775236701181837
0.024726990585132072
0.024678686916589004
0.024630326964311364
0.02458192330791551
0.024533495576030746
0.024485085422259637
0.02443673256767915
0.024388483156822734
0.024340388426146404
0.02429249883432916
0.024244854141075786
0.024196793193499076
0.024150470787588127
0.02410377442196903
0.0240574308509355
0.024011434747148334
0.02396577758263842
0.023920434166635772
0.023875370026938285
0.023830560444081765
0.023785955091362044
0.023741518079597044
0.023697203611251445
0.023652975081799244
0.023608804038093845
0.023564659853488885
0.023520533861085456
0.023476411395419988
0.023432301603611944
0.02327009390199326
0.023344157274865763
0.023300169289513215
0.023256273311696368
0.02321250736937083
0.02316889990870761
0.023125478977161513
0.023082276341692607
0.02303930875948929
0.022996597285499753
0.02295414415793562
0.02291195322871315
0.02287001358384895
0.022828314005534454
0.022786833263287017
0.02274554348880581
0.022704424502961767
0.02266344213170232
0.022622574872159677
0.022581797965377945
0.02254108777290917
0.02250043651682862
0.022459827209322467
0.02241926584200581
0.022378752104971922
0.022338297635097506
0.022296634928741555
0.02225762488843295
0.022217444444241372
0.02217739538959289
0.022137502649195437
0.021927380666285787
0.022058232066870683
0.022018882511639484
0.021979732344859858
0.021927665765472015
0.02190202350902447
0.02186344853203187
0.021825042502148225
0.02178679074954187
0.02174867478408567
0.021696972420907852
0.021672785507014878
0.02163498053496461
0.021408547696126004
0.021558084697089995
0.021521997234085197
0.021484472364903553
0.02125293312564411
0.021409650054809347
0.02137237168547028
0.02133520055981359
0.021298142856918303
0.021261218705546005
0.021224438462568794
0.021187807994820857
0.021151335283766944
0.02111502147510762
0.02107886617657782
0.021042864363224438
0.02100701098697008
0.020971295098188514
0.020935708383953373
0.020900234366320925
0.02086486727601124
0.02082959693512138
0.020794411855558925
0.020759309569147386
0.020724283694372056
0.020689340710741393