0.21602417568342008
0.2102381269638323
0.21259633037415554
0.22450190572988032
0.22708295862073818
0.22869644984930265
0.23131882040980156
0.23512248115489806
0.2272675542972637
0.23936920610057244
0.2323589235138549
0.2448990164664861
0.24771725063576688
0.2505733344612271
0.253469585252589
0.25640826193056654
0.2593919122104186
0.2624231231976353
0.253975677054647
0.26996325275816335
0.25978616608757266
0.2750785892326666
0.27980216483466547
0.2832065582244276
0.27205922138652766
0.2887063750703085
0.2785665742432361
0.29749991019533745
0.2853446667219849
0.28883869293939746
0.30728687056120146
0.31121552712251416
0.31521382852143953
0.31928052956810976
0.3073739731935352
0.3296504174149441
0.33373804396846374
0.3361930819298923
0.3234243430765572
0.34500286490423226
0.3494865097062409
0.33609125351605396
0.3404198023273708
0.3447972997745518
0.3492215868970876
0.35369076268990146
0.3794799486814583
0.3821110699884366
0.3673552926977953
0.3719940062676092
0.37667518394855914
0.4016120073602798
0.4065883115405369
0.3909892308460198
0.41667985727554224
0.4007841351933332
0.40576854903506565
0.4108170917826528
0.4375350768078611
0.4429193324030355
0.4508534166413366
0.43176654558992855
0.4595790687984349
0.44278038671262065
0.4737274344384979
0.4542220394816068
0.48581442629411986
0.4661405157081934
0.49839987291063903
0.4785794772273811
0.4850059191991205
0.5183003390964575
0.5252217605209559
0.5295507182603636
0.5367501907465873
0.5441007507463732
0.5266422421326861
0.534105041713705
0.5699048261719635
0.5494721763090404
0.5859930915241081
0.5945797257331915
0.6026493233631465
0.6082226085904001
0.6168614431255905
0.6256247693813994
0.6075505812186155
0.6469016661294352
0.6526113377001452
0.6618213121210508
0.6711289729472698
0.6805294661178243
0.6931989859422477
0.6995882493443532
0.709236391816686
0.7189578070519838
0.7287477996386542
0.7386029136706158
0.7485188656091958
0.7584931519536686
0.7685215170030762
0.7786021744646203
0.7922053058375343
0.7989096483038715
0.8126685108591526
0.8229664577813083
0.8337074963768665
0.8436875886826362
0.8541078006656693
0.8645660910367019
0.8713298204823176
0.8855922727756236
0.8961579710104693
0.9029259415140802
0.9135243428847475
0.9280531667708734
0.9348151608481503
0.949471972671232
0.9602252349861196
0.9710063453516355
0.9818145640762611
0.9931115409014917
1.0035108487701487
1.0143977763107201
1.0211009221899685
1.0362483088584649
1.042931535107745
1.0586841341068043
1.0697107519726987
1.0758774453885256
1.0918442775259904
1.1029582896591363
1.1090968952141391
1.1202410974821086
1.1365186043232698
1.1477969359605005
1.1591184750693588
1.1704931091533144
1.181925446150387
1.1934199194916908
1.199610891138993
1.2166119955110557
1.2228649346549414
1.2401291875137592
1.252016779606093
1.2639989449731128
1.2760831932039234
1.2882726609177122
1.2948120423689267
1.3071787280506029
1.3255282178197452
1.3381914679708464
1.3509765245233396
1.3578884144884036
1.3708941775380667
1.3840358863922813
1.4034884166477057
1.4107348447678945
1.4305706481834135
1.437991444921158
1.4582101933441294
1.472230666359554
1.4799099330337857
1.500694031066192
1.5085225448154609
1.5289976500182465
1.5443444146043053
1.552376467382913
1.574041936912756
1.582185866610505
1.6041727025812675
1.612406192221486
1.6276566568562476
1.6500881515046961
1.6584086679639976
1.6811092190735484
1.6894558357856346
1.711661161918248
1.7207491638747148
1.7439195177706215
1.7522417833350432
1.7756140911873364
1.7838867143367048
1.8074305387004996
1.8156375184824118
1.839347170501858
1.8553182101135235
1.8712959757526
1.8864636841042488
1.9032408554389468
1.9191900009352847
1.9269659317097108
1.9428223751637939
1.9669420625042322
1.9827950049519707
1.9977572064307547
2.0143732539443744
2.0300873772970762
2.0457332225690537
2.0604582121696855
2.0759701683007417
2.0922875500514593
2.1076405491504704
2.1220077912818303
2.1371647277493415
2.1531206095866215
2.1680631351335458
2.1819706050249867
2.19666075310684
2.211216151674187
2.226559104658238
2.240828644169489
2.2549362183703843
2.268898920580879
2.2826858918579527
2.2962997586384617
2.3097331530884246
2.3229833856297146
2.3360422704358625
2.348908411799758
2.361574716996267
2.3740383858659664
2.386295642019191
2.3983432764850456
2.410177318841105
2.4217986852840365
2.433201853506658
2.444385468073312
2.4553499189829116
2.4660917792889827
2.4766134646106
2.4869104117394714
2.4969869260200426
2.506828950497663
2.5164686153658153
2.5258745093750434
2.5350600041018136
2.544025357940569
2.5527694072774114
2.561294632964328
2.5696020734743
2.5776918670882205
2.585567143968102
2.5932301244935974
2.600680812117718
2.607920201870783
2.614954135155905
2.6217821309126688
2.628406547416195
2.6348337001700965
2.6410630756195483
2.647102100672821
2.6529524123118318
2.658619627475723
2.664108906622712
2.669425779604982
2.6745786108685294
2.6795728466181066
2.684415452811833
2.68911883256352
2.6936891532326364
2.6981377944683977
2.7024761775415644
2.706716373395213
2.710870182587833
2.714953414394331
2.718980021703568
2.7229568228729035
2.726927162502339
2.730881709176866
2.734836574426322
2.738840045291324
2.742884434043115
2.7469968021966564
2.7512009779120765
2.755515534728948
2.7599629723816443
2.764565302906445
2.76934407496152
2.774323232946504
2.779524864385654
2.78497041656865
2.7906816761617
2.79668121940771
2.8029926657515865
2.8096345032320915
2.8166277962947435
2.8239943077069167
2.831754068341293
2.8399229098386503
2.848521116557153
2.857564893650615
2.867070634626553
2.877053175000602
2.8875190997006808
2.8985060379206815
2.910001083848167
2.922023052084217
2.9345822401540955
2.94768737564063
2.9613444265092084
2.9755630120505936
2.9903458633645355
3.005697672062843
3.0216209638176057
3.03811888117891
3.0544365193344474
3.072841459655399
3.090325481017859
3.1098615210318012
3.129220511229371
3.1420936614808626
3.162671911054763
3.1838071859179635
3.2116206371251748
3.2277248250464106
3.2571446040062533
3.2737923892293193
3.2976132557088915
3.328352225427972
3.3467845180163858
3.3721169412183394
3.4040993454323787
3.4303052615944765
3.456987571645738
3.4841168366713307
3.505834729863094
3.539689433971501
3.5681111112635318
3.596940264575328
3.626164178034981
3.6502961402407306
3.680349997607122
3.716087983561446
3.6994616396708926
3.7772827427492066
3.808640077011715
3.795428872105925
3.8722842401928217
3.900141962057527
3.9327510568816937
3.965630576710912
3.961212789578444
4.032165488551958
4.069899612080351
4.063767434644085
4.133781325820913
4.172020575476415
4.20265460965804
4.237413372730058
4.272382670685634
4.274951243128379
4.342943228870443
4.347044655552185
4.414329453554592
4.453744549295173
4.489897040292575
4.49380785781446
4.562854780143123
4.568553339505674
4.633652955371203
4.674364582159551
4.708650898231654
4.72111445872045
4.75996490665588
4.823203736578568
4.861991751963058
4.8784608692634155
4.918666377732643
4.98277203039616
5.023150505566429
5.061218839925084
5.08354777583166
5.1258906976663035
5.18568743511905
5.212083171786883
5.25598004900176
5.300443136931963
5.360086517980101
5.39116441326436
5.437471921683889
5.4399020150846935
5.541950224060428
5.546365533872881
5.600931724576971
5.656422162475571
5.698523169445117
5.759041660506003
5.823596716500934
5.889344324881554
5.95630580506979
6.024500254266958
6.093565732984609
6.108016841282578
6.157678719525422
6.267002230210229
6.283512258409958
6.330967225220567
6.4052778811046895
6.451114174605099
6.512596858375642
6.575026041891135
6.6384049736283615
6.699727511319555
6.764761741268432
6.830741835182323
6.89766430061797
6.9659304313865
7.03431399411734
7.104025913402823
7.174649497181991
7.246172495520891
7.318580360502334
7.391856675038482
7.465984075915862
7.540940917215114
7.616706906598694
7.693255636336295
7.770561053579732
7.84859521304068
7.927329110806483
8.006725428530926
8.086753167273296
8.167372057255196
8.248545524491751
8.330228580260922
8.412382116318275
8.494955679094469
8.577903635728084
8.661176856819857
8.744723356021602
8.828481861844567
8.912408139227392
8.996441996226903
9.080517124909289
9.164573836794608
9.248556841224206
9.3323998838429
9.416027980493197
9.49938532631326
9.582396643795551
9.664995406918315
9.747132120148558
9.828684465292547
9.909629411521065
9.98987936369898
10.06936396907426
10.148010263601432
10.225749192749532
10.30250548910493
10.378211759562056
10.452794196474258
10.526182569898205
10.598311800214937
10.66911011259139
10.738510262504633
10.8064539359954
10.872866629424356
10.93769308230554
11.000873266324385
11.062342080452135
11.122050729009985
11.179939897306092
11.235957672319842
11.290054333115746
11.34218618310322
11.392302142757869
11.440364578126605
11.486329930825898
11.530165638488668
11.571835710863812
11.61130972964575
11.648557835497673
11.683554561507353
11.716279924828312
11.748176343381392
11.774841166445004
11.800658178450615
11.824118460231226
11.845250695626103
11.864048190722437
11.880494685962374
11.894603632788517
11.906371472896868
11.915813342023927
11.922937341783449
11.927758123786699
11.930291476823266
11.930558853356596
11.928572860260202
11.924373052688942
11.917986811655522
11.909418041607172
11.898731138120146
11.88594537312566
11.871099835067655
11.854248651966394
11.835406349477632
11.820219680674777
11.79198888058081
11.767493614963747
11.74525368049085
11.713204059041857
11.683513812912516
11.6521932970559
11.619303710078205
11.586306346655478
11.549058592062408
11.52684148337562
11.458589491993694
11.426912599654571
11.392246059738357
11.350197259652989
11.30465896247297
11.259885057815373
11.217472507889363
11.167585593797392
11.12448558329474
11.07683914868937
11.028504836856156
10.978976952502258
10.929423084753699
10.880049902347219
10.829620673650728
10.778838922707356
10.727741357036539
10.676395900334992
10.624872009096043
10.573214934641355
10.521485026667836
10.469739576278721
10.418026219252472
10.366402727131462
10.314910125177205
10.26360392134599
10.212529318809061
10.161725910671182
10.111246034516363
10.06111368241204
10.011383181455502
9.962078595264092
9.913238480991668
9.86489393650508
9.81707552071822
9.76981026803195
9.723128364866513
9.677050248296407
9.631591204655235
9.586776651394512
9.542619693127511
9.499137553716833
9.456347591306013
9.414255210900912
9.372875753144031
9.332212180710647
9.292272617105265
9.253057913752237
9.214578842654054
9.176829737419242
9.139813115951776
9.103532611456208
9.067982131840026
9.03315132423792
8.99905102244471
8.965662937666993
8.932990818155229
8.901018821244099
8.869745506155802
8.839163719635568
8.809262386162551
8.780034751426767
8.751475134021534
8.723566678601504
8.696308314954214
8.66968568311858
8.643697035634164
8.618326621799236
8.59357051637107
8.569422934305496
8.54587434384976
8.52291889264363
8.500536782538855
8.478760540016253
8.456413758067304
8.436907093239112
8.415732405337568
8.396242343376949
8.37838701036303
8.360009022287615
8.341152620358633
8.324940740264022
8.308243883286025
8.29213235062179
8.275599681445126
8.260634909525574
8.247198064025435
8.232443520407845
8.219226911352717
8.206605798095122
8.19458479943738
8.17540169202676
8.164741091067794
8.16221213443931
8.145306132406951
8.143790259305705
8.128449379464415
8.127988193287685
8.114254389926721
8.108180800084275
8.102804255132929
8.104573998834141
8.100490769415417
8.097823031358688
8.0945251631686
8.092663980352652
8.09156619685096
8.085640286977865
8.086242697024636
8.087640820634247
8.095009368776658
8.092860866785708
8.096701559345473
8.101373297261539
8.106884028698072
8.113242231425593
8.120452610163337
8.128523017490851
8.13745691930583
8.147260323917058
8.15793638867805
8.172904927914043
8.18516264244449
8.195225224517367
8.209411665944527
8.227199106870502
8.240419535535791
8.257236455249057
8.255487401304244
8.29548315665518
8.296703139699849
8.318608646022422
8.35429015346348
8.376249991812267
8.389405041440945
8.414658276943051
8.440719932930351
8.467575696959699
8.498674220833767
8.5115745550148
8.554130515280447
8.580636877771475
8.609431246101275
8.638934244843835
8.669128237148607
8.699998472083443
8.731518098613941
8.763680557434737
8.796451783114335
8.829820619363392
8.863761827504467
8.898255135011798
8.933281311129184
8.969052828368477
9.004830134070454
9.041312039461623
9.078233375080998
9.11587287284706
9.156438687085828
9.194669337584967
9.229852173330999
9.2721402321086
9.30769701593958
9.34705123740989
9.386656941331099
9.426888348983507
9.466944546932027
9.510887423235237
9.547167378849657
9.591981576648358
9.62836867446054
9.673537449188705
9.714437233635902
9.755388077272544
9.796375387002094
9.837377356720797
9.878370765010743
9.919346238194173
9.96027516377483
10.001151418122053
10.037664839090462
10.082649872046819
10.12324310760009
10.158915295364626
10.199239636097728
10.23941439873653
10.28422015313787
10.32403986424222
10.363663244533647
10.403080448980818
10.437521219815238
10.481237604280965
10.51523844096448
10.553715004568481
10.596598359327595
10.629868994546868
10.667529855719742
10.704880274128827
10.746480014134209
10.77867014369881
10.819561310866664
10.851167796253206
10.891306435252824
10.922307325797826
10.957353445515517
10.992031408186486
11.030573487012202
11.060287938937474
11.097989432525361
11.127032096746454
11.159819214493607
11.192218082706916
11.22461509728013
11.259709319547168
11.29085267520751
11.321586481816782
11.351919550534776
11.378147442025602
11.411330425066813
11.436844038133192
11.469089292547311
11.497342886098897
11.525182645381616
11.549257572670744
11.579615211060574
11.606211391347781
11.6323908378801
11.65816493225687
11.680483921727546
11.705501509088107
11.733044241741116
11.75719643981605
11.778164152509015
11.801589770202778
11.82729452925003
11.84988543047799
11.872090538164926
11.891461729267341
11.915380122980476
11.936465399433091
11.957195048211666
11.975385571272767
11.997585148370966
12.01521769640116
12.034621711413491
12.053693988071451
12.074258025509197
12.09086088973929
12.108971162366666
12.126770909546767
12.157945089871284
12.16148598596325
12.190704368331412
12.195066519687849
12.2126614314686
12.22757585537604
12.243456116560168
12.259096113262054
12.275400682201656
12.289778787377319
12.304676618452989
12.319459749433026
12.36027259841546
12.371139905792969
12.396846111863827
12.376860522402808
12.390836297905805
12.413133534314115
12.427264651539234
12.434566646734282
12.441834664010356
12.449007164268286
12.456185408782947
12.473403680819462
12.483341017425884
12.508813130259758
12.503283052904333
12.53944137259059
12.552864361396354
12.566343644794104
12.57988372798353
12.593511486706966
12.60723423072013
12.620062240173596
12.633967888081548
12.64916260575704
12.663439646988092
12.676627831998347
12.691215942727675
12.707409371542788
12.721047609897782
12.737822919122934
12.75340704372047
12.769263304085712
12.785401980822563
12.801840455629609
12.818591882922018
12.835668102758735
12.853083769140962
12.870851902744443
12.888983940222527
12.907491542775801
12.926385095137103
12.94567454724445
12.965373517465876
12.98548598913185
13.006022430952687
13.026990108470827
13.048396803024241
13.070251829033623
13.09255500169755
13.115319353243795
13.138540771963484
13.162225104113086
13.186377204072594
13.211002195339667
13.236099056106582
13.261665197593366
13.287712466707793
13.314230814150504
13.322803147515055
13.350518765312541
13.39661687430882
13.42502009350527
13.436676670515947
13.48322341622828
13.513013290946432
13.543259989238699
13.573960765852046
13.605110820344795
13.636694768428423
13.668713944660269
13.70116268188416
13.721238667269192
13.76732500856043
13.801019145798145
13.835111197737824
13.868463434009747
13.904453166802247
13.93968618291895
13.975276674682966
14.011217810465837
14.04742208508024
14.056624999556467
14.116359477726757
14.139277947447432
14.169518681855976
14.215332089772177
14.261530218846852
14.308096819132665
14.355005501833784
14.40211283175593
14.439151024635244
14.495126660422407
14.527183715557493
14.571483336472818
14.589643461450498
14.63024187010109
14.670923336347643
14.711675961574462
14.741872449766019
14.793293373996926
14.834123507022161
14.862790308450744
14.902655258807439
14.942448147468792
14.9970063039611
15.021767218611215
15.061236811867536
15.118080053760009
15.158102952622242
15.197919947070174
15.217362791732365
15.253472424200687
15.294032812320346
15.331940892443093
15.36953345952867
15.406781359017096
15.443668916866887
15.480168677992587
15.516261752535195
15.548830807214097
15.587126202255808
15.621854365012537
15.652759543395872
15.686401217652481
15.719500895098943
15.755592236583452
15.78401728615439
15.819071938226706
15.849892822012677
15.875856175482992
15.905333316134367
15.934150929617472
15.962285035313906
15.989727004883907
16.01645570954795
16.042467823721985
16.067742523869228
16.092268621575695
16.116040294599316
16.139046530066185
16.161274345461454
16.182716962642402
16.203370430511765
16.22321791945155
16.242266094902973
16.260505972282044
16.277929336948162
16.294538105632103
16.310324648816746
16.32529839091304
16.339445644691946
16.352776665543068
16.36528747807195
16.376982737234894
16.38786299017925
16.397938619894113
16.407199418716505
16.415663115866348
16.42333313991588
16.430213880893078
16.436305451784882
16.441627866667787
16.446174658784184
16.44997188699335
16.453013168248514
16.455316286243832
16.490390256634388
16.45774427612125
16.48968453563447
16.457332514014407
16.45609591796272
16.454187428348344
16.451619452623518
16.448406989463503
16.44456461206888
16.44010618916129
16.435046961358314
16.429398393796127
16.423180570262215
16.416412706756464
16.409099103714393
16.401268663482114
16.41026133637576
16.3841015393251
16.3748053287743
16.366593678592043
16.354859216317422
16.34553495466241
16.33439104630342
16.367517870325777
16.318032866825014
16.331717025798973
16.33179909630645
16.309076911659997
16.288163383947097
16.26408097012293
16.23975244512874
16.215202669970576
16.190571697919033
16.167408189217262
16.156455786292327
16.135982621762075
16.14082400122872
16.124816125799363
16.108703806617005
16.09251339670779
16.07625163987544
16.05993646931933
16.04359270369742
16.040095233923388
16.01086421161456
15.994513587646232
15.996064133470426
15.980694678879644
15.965807228558504
15.929572915746183
15.935813860745403
15.91835987985648
15.903482913086703
15.888731286225793
15.87410439594212
15.859621130620672
15.845300046695591
15.831133955005576
15.817146925377859
15.80334146854484
15.789729536735111
15.779684915111883
15.76310479336491
15.750107783466124
15.737337200888613
15.72478938758637
15.716328685738128
15.700388163539522
15.68854646932654
15.676945978534047
15.665595488200315
15.654494985933882
15.648036708868016
15.633041492251918
15.62726201636741
15.617260560495218
15.607513032104812
15.598023667556882
15.589342123409489
15.580371066181717
15.571658683746444
15.562634388903096
15.55442507529427
15.547064347418589
15.538777058429378
15.531932654966651
15.52473832484757
15.517790801001077
15.5110919350699
15.504628470891852
15.497766291439838
15.49177355354621
15.486014454182449
15.481146486859947
15.47585227964363
15.47077401877317
15.465933649829108
15.461303685486566
15.456890220094222
15.452687890992872
15.448694759870444
15.444911874184987
15.441325058229372
15.437938867091972
15.434742531666673
15.431736250899878
15.428914268666718
15.426278304385745
15.423814175734275
15.42152496510924
15.419403320208808
15.417440400057751
15.415648470505731
15.414001541672311
15.412513162498687
15.411165962161258
15.409960313715139
15.40888942968247
15.407961097078022
15.407157641124332
15.40647498835131
15.40590375699209
15.405450464614312
15.405102224816533
15.404856885773567
15.404708300410958
15.40463794935839
15.404674686120286
15.404788380042763
15.404974757896278
15.405236473745568
15.40556458978621
15.405963372685083
15.406417124269355
15.406927459559203
15.40748715480438
15.408096344547587
15.40874322528788
15.409427146772314
15.410158705954867
15.410909027445799
15.411704928893744
15.412510295082242
15.41335777357614
15.41339121841008
15.415103041307432
15.416008614765488
15.4161019512068
15.417875936400991
15.418831299917464
15.419807150805072
15.419970408883911
15.420976916962946
15.422004233651624
15.423882811981354
15.416748321213781
15.426037153490283
15.426324322910817
15.428291533137854
15.4294591046508
15.430664213812799
15.431076093720646
15.433171878191319
15.434494288792473
15.435859017401727
15.437270435115856
15.437921253528742
15.440267026746843
15.441049287125558
15.443523885872029
15.44526224394469
15.447071194563522
15.44896614388985
15.450145706509712
15.452228943602684
15.455210548885217
15.457492669120263
15.459887875074367
15.46239724310587
15.465019620259866
15.467785296272888
15.470673740664653
15.472909957914665
15.476080060174553
15.47940067517175
15.48366477792906
15.486507208928506
15.491086205025452
15.494269900056256
15.498408387486812
15.503512742426576
15.508017847894626
15.512702730609847
15.516820192613498
15.52269324295049
15.52798799434661
15.533497448859714
15.539218056523563
15.545156131831078
15.551331437921561
15.55773190097665
15.563593480732674
15.570477236406676
15.578381108509507
15.585759813462694
15.5926319412932
15.601309861442637
15.608720977022028
15.617948990770719
15.625921798443402
15.634953771467904
15.645050499712074
15.654684307043654
15.664630193976098
15.674894013555532
15.685476572993752
15.69564591406342
15.707674797636464
15.718534013695336
15.73126683849471
15.742853174738475
15.75557015595
15.768675489275427
15.782177641071437
15.7960742879042
15.810386749442078
15.825121745907584
15.84028671153956
15.855894292233888
15.871954522602717
15.888473938725168
15.905457320339409
15.922927619692947
15.94160019268725
15.959343563027616
15.978312936801943
15.998504193758011
16.017826565400956
16.038382714644236
16.053299193804193
16.07500766065438
16.097283284883922
16.12013819141712
16.14358132756032
16.167619374696834
16.19226462690166
16.217523082689905
16.243404426445682
16.269914541031905
16.29706460082832
16.324864990654504
16.353306204419347
16.388588431304875
16.412190119545674
16.44806204355826
16.473756492272074
16.50556681711577
16.543289388736348
16.571253866639804
16.605141994577675
16.639740349554643
16.67503826952455
16.71105440250013
16.747780805814422
16.78522324477143
16.823385634211807
16.86226967786205
16.90187390339072
16.94220809586703
16.98326366986973
17.025048724345694
17.067556351790127
17.11079140267901
17.154753479602167
17.199431721864794
17.244842528501355
17.29096628368761
17.33780853215795
17.385364657350095
17.433636979602067
17.482608618247987
17.53228324312447
17.582655995641733
17.63372099408362
17.685471220755943
17.737899988097823
17.790996379452825
17.83106830987494
17.88716770715456
17.943949277890464
18.0014017759512
18.0293130793886
18.096342889015535
18.16417177039131
18.227852171842382
18.305934792433337
18.384888938248274
18.421285072861718
18.514446350219053
18.53756332791922
18.5974777029744
18.66061004349926
18.722815413048206
18.785454867965203
18.868009042962047
18.911917073606592
18.975702758058716
19.065884541240877
19.104255610344563
19.16516602697568
19.22986269708664
19.29480122849941
19.40163038518657
19.425250146947963
19.491227538992053
19.55682953660902
19.622518840538547
19.687667111679882
19.753403359102506
19.819144461363923
19.884846617944444
19.950484673949124
20.016018446193243
20.08142184014749
20.14666148379623
20.211700491238137
20.276517063232177
20.341069856540223
20.40533831028465
20.46927574672065
20.532871204633622
20.596074058822925
20.6588711792924
20.7212313351845
20.78312082689098
20.844516385521406
20.905393057814432
20.965721896018987
21.025479529006613
21.084645006960866
21.14319792724987
21.212119517326002
21.25838091808394
21.314970910657664
21.370877611716473
21.42607764959784
21.480556621876886
21.53431718611129
21.587332417681868
21.63959559041682
21.691102504761034
21.741847837034797
21.79182954923143
21.841036225446395
21.889472367770527
21.937136482618676
21.984028366635858
22.030153328780624
22.075514353673473
22.120105973985947
22.16395829825159
22.20705966403738
22.249425061242494
22.291064560464783
22.331987661634596
22.3722084289797
22.411737795956242
22.450592366970476
22.488784654809027
22.526330492439612
22.563241439022203
22.59953628372587
22.6352279383764
22.670344630477782
22.704893576578307
22.738887964458776
22.7723591952691
22.80530618960858
22.837761103627404
22.869736769412313
22.90124891858722
22.932314413082487
22.962947151436065
22.993165934293028
23.030819117973632
23.052425812405126
23.081493921656566
23.110205912628032
23.138578227071548
23.16662555808959
23.194353726077615
23.22178506067745
23.254285373496558
23.275780083611096
23.30236278642328
23.328691510584992
23.354768088935977
23.380605510046255
23.406211288663677
23.43446740563886
23.45926090913979
23.483844133023723
23.5082207550625
23.543318086244444
23.556402088016085
23.62797058540978
23.620786529543295
23.613403585105104
23.626023283776753
23.632247437782055
23.68622971737747
23.719764178265986
23.744418295815706
23.7674157202605
23.787745775189457
23.784457897943902
23.83257394484105
23.85487011603118
23.877098020160485
23.899280210317077
23.921422381627128
23.943535677849802
23.96564040602889
23.99315169093401
24.009870292882376
24.03202415053312
24.06118198200655
24.083023220095853
24.105640997044784
24.128353653775733
24.15117488695225
24.17412702709355
24.197230194854324
24.22140134574048
24.24488745527222
24.268572118446478
24.292502327139033
24.316674335839643
24.34111304567487
24.365842696788537
24.389834159825156
24.416236359165612
24.440873392561798
24.46801476299182
24.49448171097412
24.52023294904831
24.548628963035
24.576342041894744
24.603366239741746
24.631988528626792
24.66224660693748
24.69068085058078
24.721948098508992
24.751378406973565
24.783685498228753
24.815340745137338
24.847529312211748
24.88024900004951
24.913509330192383
24.947309906239912
24.981637219336648
25.016525155967773
25.051922355953405
25.087854443072395
25.12432243545332
25.16128534581047
25.19875325967453
25.23672652565367
25.275158239282646
25.314058967587304
25.353418393662114
25.3932168829033
25.433401812149327
25.474006435039172
25.514973209020262
25.556291186514425
25.597940604146896
25.639893353030317
25.68213253866239
25.72463069793822
25.767365592253583
25.81030482373557
25.853431266396637
25.89671422185283
25.940119939280933
25.983647644307254
26.02725307766257
26.070911134725097
26.1146082712607
26.158302753377438
26.20198401384821
26.245621346512394
26.2892042133849
26.33269721291491
26.37608843485691
26.41935615832208
26.462481632504772
26.505444773344664
26.548230376451638
26.590828162076633
26.633220850626635
26.675392155901857
26.717335709868355
26.759035072192702
26.80049239539427
26.84169130264285
26.882629197319943
26.92329689128888
26.963699775957735
27.003819927387333
27.043670440481492
27.08324286137262
27.122544151831523
27.16157231779542
27.20032744726192
27.23881990072171
27.27704600706126
27.315015340787834
27.352734318474948
27.390207890262786
27.427438035775143
27.464447855773372
27.50122686903145
27.53778866751921
27.574148133528936
27.610301281201263
27.646261737012402
27.682041390079945
27.71764410085914
27.753068611792045
27.788337555961988
27.823446475459825
27.858406367937615
27.89321569954525
27.927891521098235
27.962425859763496
27.996830582204034
28.03111009211138
28.065244854854992
28.0992750996627
28.133172535551594
28.16694250621618
28.200587363813174
28.23410134230505
28.26748644612669
28.300737088697545
28.333849367307746
28.36681819389857
28.399634937878044
28.432303366155658
28.464800494527566
28.497135671217034
28.529290853713967
28.561262176850413
28.59303501548563
28.624605646768536
28.655960711584612
28.68709490878717
28.71799165367637
28.748643223875934
28.779044819538086
28.809176778902604
28.83903913339713
28.86861982773819
28.89789480811284
28.926873452003527
28.955536551048308
28.983880079301322
29.01188841745766
29.039564148019437
29.066890035773827
29.093865859317045
29.120483808925442
29.146740245047837
29.172624489058652
29.19813707452784
29.214810584364407
29.24803442370502
29.27241117037861
29.296413998467056
29.32003238796674
29.343271252812066
29.366133096407772
29.388619211679377
29.410731786742733
29.43247557416354
29.453852662985582
29.47487567125571
29.495542865846076
29.515867454910243
29.535849041407175
29.55550450146169
29.57483563578543
29.593854412157434
29.61257078523969
29.63099244371481
29.64912998904127
29.666990511361217
29.68459388062901
29.7019436511543
29.719057649442075
29.735944684659213
29.752609203695087
29.76906618624305
29.784788984075682
29.801418573699877
29.812118564594343
29.827987528284122
29.84370591978225
29.859290693300085
29.874743471304782
29.894262179860345
29.909850938439817
29.924426273863318
29.939374945802772
29.95049005444413
29.965400685654128
29.98024747426637
29.995042454787807
30.013117469594192
30.02451469547912
30.042643385287214
30.053863462444387
30.071690321276787
30.086194264124103
30.10067918935093
30.112384369510064
30.12965080214289
30.14162949040649
30.156260632006486
30.173128241193687
30.18556122861475
30.184747606291438
30.214908596045035
30.216552468385515
30.232513226203412
30.248508224026825
30.273820710378587
30.280617135275733
30.304113586564156
30.289087682894415
30.311464332610775
30.324562842238002
30.351748004829812
30.381070526345674
30.41064610140947
30.440201728836055
30.42136352236676
30.435988454113456
30.45958189709979
30.466390422798
30.47975767267643
30.495894637919807
30.50878663070504
30.52344753245368
30.537643615989314
30.551991629192717
30.56627581770433
30.583399215975152
30.597760634123095
30.6086813381858
30.62623305843018
30.636504454784085
30.654321920455317
30.668191329604657
30.67739137433422
30.69076793188771
30.709036581858822
30.72235975560576
30.729990163378293
30.74273273234624
30.75529636996806
30.767670084226495
30.77984198487895
30.791803169225368
30.810578964088197
30.815064434295433
30.82634777387978
30.845167818983445
30.848159682950374
30.858676367506988
30.877454085225015
30.878888066763214
30.888566620499134
30.897948896312375
30.916536055480556
30.91581123944958
30.924275320020897
30.932423337809013
30.950666935451526
30.958387001103258
30.954898748934788
30.9617345099925
30.96822674389325
30.985877152863615
30.991894893392203
30.997573726407982
31.00290308914458
30.99564322591526
31.000117696941803
31.004262266754644
31.00937177908043
31.011581959648197
31.02783371950259
31.01764373038966
31.020202663608025
31.03595400410972
31.0244605720038
31.026169485470337
31.02762048579497
31.028787041868977
31.0311312328753
31.03041303095516
31.03089297471778
31.0311400275874
31.032635341060214
31.0325108590864
31.032205211737462
31.03174303812978
31.044117215181043
31.043384518171905
31.02805214184291
31.028516627361444
31.04046079439052
31.026270694504333
31.025033650609668
31.023740574319394
31.035348244066185
31.033933573277245
31.032494853328846
31.031033046027012
31.029559253437256
31.028086118752487
31.026618915210182
31.02516480992147
31.01119039746942
31.022332585351364
31.020958975909185
31.01962905711788
31.018338029421876
31.004942103314267
31.00382377536649
31.01472157609553
31.013609311969912
31.012538067726695
31.011505478806537
31.01051432351295
31.009553425008665
31.008615978719167
31.007705940041546
31.006811786120643
31.00592022212061
31.005031772349113
30.99329726666014
31.003204510676333
31.002253850519505
31.00125546950996
31.000203326899513
30.999093645331012
30.997895118049534
30.99660871230504
30.995218076755354
30.993708630563056
30.992066054139954
30.99027706934408
30.97878225992388
30.975701610747198
30.98390700854491
30.981398611574146
31.060124936949087
30.97574487930197
30.963601928665614
30.969129027203916
30.96543845654155
30.95182123470136
31.03364374158166
30.944192951347873
31.022667357665945
30.94269955309295
31.010485385092803
30.931437882818862
30.99703382768884
30.918855424926456
30.904168345028324
30.97439109523249
30.897423352523038
30.957592870694416
30.881395220832125
30.939418159736878
30.863969115597104
30.85473014181006
30.90955976574082
30.828062278876132
30.824958607989657
30.87666278386017
30.865038813682894
30.78533049440108
30.78061007808259
30.768733710340957
30.815432824995096
30.744084804964295
30.731328865908214
30.711906122875963
30.70500630076859
30.684501175428526
30.73267448113676
30.656833117031525
30.703202020522436
30.62826869378868
30.62026196976439
30.657570461351135
30.59038117382476
30.575179145495866
30.61053823703374
30.594614395952732
30.578582711408107
30.507361373149354
30.490898274785845
30.475563085857136
30.458891397421496
30.497317106707396
30.480919404553497
30.416220446195886
30.448061222161105
30.431618706340437
30.415179078322325
30.3502496716506
30.333615067219302
30.316930797129206
30.300191689625592
30.28339886057255
30.26655378276903
30.249651866046367
30.232689264416205
30.215658827947024
30.198547129078527
30.174612777777952
30.16407708626686
30.146687994051398
30.129178939104534
30.111535844980537
30.09374699557655
30.068875082828782
30.057639826406195
30.03199885511851
30.013206474022624
30.001826410464005
29.973894662376676
29.963235405402312
29.934110473285536
29.923252480787593
29.902656023226402
29.871406878359288
29.849555070735434
29.838002857452246
29.81536716111845
29.781760393359463
29.757525920722788
29.732581671439995
29.70686798866507
29.67903021321621
29.65160197635869
29.623252684547317
29.59394537469968
29.56358148458629
29.53214973684497
29.49958001095199
29.465805891414742
29.430779509723454
29.394433804339535
29.356729415402867
29.317553635073157
29.27690144571291
29.234690266591393
29.190882156466586
29.145356717790126
29.098117074510792
29.04908353797735
28.998200690920257
28.945402158958377
28.890650400564834
28.833878392850963
28.77503516391737
28.71407087973226
28.65094840354714
28.585602436842365
28.518012333417815
28.44811485957158
28.375887588671908
28.301287098749896
28.22429850218746
28.144872478208793
28.062996743787014
27.978644879581196
27.89180553352955
27.802460010067442
27.710601331642685
27.616226125717912
27.51933595507987
27.419933075273057
27.318031792707853
27.21363547204843
27.106769114704395
26.997459142966484
26.885728284438027
26.771601241198905
26.655130859906613
26.536356620163676
26.415308670076712
26.29206297671537
26.16665574862546
26.03916288560282
25.90963475207724
25.778150622236232
25.644807570008304
25.50961086527812
25.372704987719054
25.234155985824938
25.0940647820442
24.95250842047119
24.809585839363614
24.66539748586803
24.52003855807947
24.373615790561402
24.226229067125065
24.077994163158177
23.929019185120524
23.77940099113181
23.629269037443656
23.478718008015733
23.32787030855817
23.176840844995542
23.025729284371202
22.87466091847652
22.723742626345036
22.573087406009222
22.422803404054328
22.273001936992863
22.123784131513506
21.975259420756135
21.82753076217074
21.680703820506192
21.53486644390277
21.390121502234813
21.246559721731433
21.10427162201391
20.97591862827482
20.8358689707743
20.685909547137282
20.549547196557945
20.414860857832988
20.281916775240955
20.150776054438968
20.021506751170584
19.89415742622364
19.768797691135962
19.645443038911548
19.524164462866633
19.410824567674382
19.28798281931358
19.177896872060835
19.064742048945046
18.953833229690126
18.845185908468146
18.7388162754689
18.632555716844507
18.54658739815661
18.487262099717878
18.396460069038394
18.264776756593985
18.136189687782576
18.032398893916547
17.9255591674914
17.886886160400387
17.787215378366273
17.723341200322345
17.621087381195725
17.568743392295108
17.464228950317697
17.422547085259726
17.3164660648044
17.24593417105137
17.219747331897853
17.156317804991875
17.090121137346422
17.030472397298006
16.972799616330544
16.917077230292616
16.869025856737608
16.81134317456214
16.76743251384195
16.71935774922925
16.673773625453734
16.62845849785789
16.586333863249383
16.537290560936462
16.504709441708382
16.4593671146627
16.431016800078858
16.39521731010442
16.35406619441224
16.32966067058589
16.299007082173876
16.269720228433975
16.242650282037395
16.21509742206653
16.190609679237646
16.166437743885503
16.142531844292417
16.112463959643335
16.09172451199754
16.081300248663133
16.06179385424266
16.045164545969424
16.019341313002723
16.00371880536596
15.98901363880174
15.984455319453685
15.970550648259362
15.959321672841194
15.93876484474937
15.936428241064693
15.926546664497424
15.909163088873825
15.900673050925288
15.900942241661086
15.893662081444655
15.878892584901298
15.872770581531913
15.867175098529541
15.86207689691214
15.866251462302001
15.853271754565391
15.84951769432283
15.846164959909744
15.85180783150256
15.840575032556938
15.846845154650074
15.844853360518623
15.843170313310505
15.841774884882254
15.840662775563107
15.831465603620922
15.83090288953643
15.838867185875166
15.837920268837712
15.838856704389217
15.839203467959027
15.831605561894083
15.839724725962531
15.841542470676133
15.84275360456729
15.84337775298306
15.845036376401406
15.846924759362192
15.849045227681847
15.851405209834738
15.854023521342112
15.857687732866173
15.860837139430538
15.864260097259978
15.867973357887449
15.871991795110324
15.876333350351553
15.881006308482748
15.8782046549792
15.891413795884905
15.897175507050365
15.903328940804679
15.90989120854436
15.91687447856306
15.924289518107123
15.932160900527808
15.940488677361529
15.949283905798866
15.95858772697515
15.968373193172345
15.977910760409012
15.988722119533927
16.000048343318667
16.01190713111853
16.025021081056863
16.037930585309116
16.051364662213803
16.065335966662115
16.079833798783
16.094854733213833
16.109710080924486
16.12642898493497
16.142957087798447
16.159977167780422
16.177456050554444
16.1953884304539
16.213752366732813
16.231912184303283
16.25168450171165
16.27121340602967
16.29107388406752
16.31125048137664
16.33170334556309
16.352418581558556
16.368152499677933
16.394467115120136
16.41081208687289
16.43234396467184
16.45861878954532
16.480144309962423
16.497301481246847
16.518953198830424
16.540553427983184
16.566022845009353
16.58686543920471
16.604610441016163
16.629174250689946
16.64979124012168
16.666831806287025
16.687006122261018
16.70990099529875
16.729248322954305
16.74538685943339
16.764036115339433
16.78224206068295
16.802213414389865
16.817224134894662
16.836018340280976
16.85214320432901
16.867739558980016
16.882783409366038
16.897274541934777
16.909534228244123
16.922962703417117
16.935823017831527
16.94976780224271
16.959829832749957
16.970992348796017
16.981603731056335
16.99167658374446
17.001226114626625
17.010266979988703
17.01881360987385
17.02689424648544
17.034526702936258
17.041736528986036
17.048551722299045
17.054992330994406
17.062383164581806
17.066900518174172
17.072423829248628
17.078979539691996
17.082774584371485
17.088818705819424
17.092421324203965
17.09835405548966
17.102930421797314
17.106191452201426
17.112014095333045
17.116584266004505
17.121215114145475
17.125937735212837
17.130781183831736
17.134538016117975
17.14095224788493
17.146327548345884
17.15193274050743
17.157781930778746
17.163899844293063
17.16926466183569
17.1769897647441
17.183988515354123
17.19129968984479
17.19893278151709
17.206239644736712
17.215158689650483
17.21985181020957
17.232641853824912
17.241832753861136
17.249455153684714
17.27215671661975
17.284948193360542
17.30346049588822
17.32273842586877
17.34276020565177
17.363494618364623
17.384919450469646
17.348854092563755
17.362014613889286
17.35799019655014
17.388504956444496
17.401732036724294
17.390268425831096
17.40058982650531
17.440629916937166
17.453134868991594
17.429381805554986
17.438032080571865
17.48829659714699
17.49899764464029
17.509061339688195
17.46603712289881
17.471014191594122
17.47503120012816
17.47801549838352
17.479884826260147
17.472566311905197
17.479963546665754
17.478019261096076
17.47464612535417
17.469771690546292
17.463317670643224
17.455208336982466
17.445369977390293
17.433724305702164
17.420209135991403
17.392003185998288
17.387287361120247
17.367750844071864
17.34606978658349
17.322191964030992
17.280813385571264
17.251872945554027
17.220576768968602
17.186869560850976
17.14879004307132
17.110090834713787
17.08906054567507
17.0271352176876
16.978664698468652
16.92963342828767
16.8802302714981
16.825962027564906
16.76902302226199
16.709389312222367
16.6470698663819
16.582049735779226
16.514341466052453
16.443942279123277
16.368284509967467
16.292486738536823
16.214066895189294
16.13303830103174
16.049407803377353
15.96324803927866
15.877316966409536
15.783307905065701
15.689663478329567
15.593615364154928
15.495225341816106
15.397459311365782
15.291604238022675
15.186490248363938
15.079265484400892
14.969986436368739
14.858731237806762
14.745558250958041
14.63054033920519
14.513770931389137
14.395316217655068
14.275257993544175
14.153666532742673
14.030648601748117
13.906268484386018
13.780620024026694
13.653793821480928
13.525875915545738
13.396946329993382
13.267104917329982
13.136439221626468
13.005034502681358
12.872984620551811
12.740400379900517
12.607319897174783
12.473829533776211
12.340072275751208
12.20610576968001
12.072016957938882
11.937884471875186
11.803792920150606
11.66982615217237
11.536057136265786
11.40257287895081
11.269442156839322
11.136738924040861
11.004525839203204
10.872886771846055
10.741879027528865
10.611565780815196
10.48201651991549
10.35327334125295
10.225411667366124
10.098469587676611
9.97250954321114
9.84757013424428
9.723700002427073
9.600942860331248
9.4793369822739
9.358924134086628
9.239724129682738
9.121787332606674
9.005144558902556
8.889782426218447
8.775769382722878
8.66311164435077
8.551826917754969
8.4419334181144
8.333442503295496
8.226368872936883
8.120721180031156
8.016519799795295
7.9137362992738955
7.812405809771094
7.712521184807553
7.614085833357351
7.517094044164222
7.4215466883430885
7.3274362181657935
7.234770037860859
7.143513207272087
7.053686329003827
6.96526944879089
6.878254587709925
6.792631680505451
6.70838853534306
6.625514950742417
6.543996808099599
6.463822725617087
6.384978122184569
6.307450246182714
6.231224840002911
6.156286595438165
6.083067153490558
6.010639528264692
5.939054177611408
5.869123480117609
5.8003999762846465
5.733224643463452
5.666869423833763
5.601368730121141
5.537352046793587
5.474472690399888
5.412987687680684
5.3523271149749565
5.29276165104469
5.236356733476533
5.176853153801984
5.122379223573946
5.0831075653985955
5.012568393921989
4.959187994760789
4.9068051591793225
4.855405394273714
4.803499090480657
4.7554975795851755
4.705588962782415
4.659348914315003
4.624070426422973
4.566844536624123
4.520714923622105
4.535427618435122
4.44486843395675
4.391070530899609
4.349688185148153
4.310060410818875
4.270137722284458
4.2309992446119145
4.191620701827279
4.155019913786314
4.118151390322115
4.082013428582335
4.046591938528552
4.020222399552093
3.9778462687778378
3.9444975834642406
3.91181453490171
3.879785655007938
3.8483992943756613
3.817644047421755
3.787508946471091
3.757984041802252
3.7290582306322166
3.708157243069541
3.6729675853523545
3.645784829654073
3.618357785302195
3.593102883893699
3.567589117721141
3.5426180301180805
3.5181827724907904
3.493513048974954
3.470142196947102
3.447292339411922
3.424958865097558
3.4038775897777134
3.382563397694669
3.36175729183194
3.3414582244644007
3.3208606115562467
3.3015722330345616
3.282785086043531
3.2653023510545953
3.246714505839615
3.229429697626641
3.2134620433247063
3.1963621960958335
3.1880896737729416
3.1661447794793407
3.1513789819173246
3.137116247571594
3.1224601526298863
3.109182056740921
3.096403759457521
3.0850942355050877
3.073341417966194
3.062086728161557
3.050368540081844
3.049879612631645
3.0301369337403274
3.0207983782937022
3.013166074083491
3.004820384698166
2.9969400920262657
2.9881358619450014
2.981250829465536
2.976005462085168
2.9698966182304583
2.9642037438649407
2.957236602249965
2.9522712910007085
2.9478609998241065
2.945319722293271
2.9414939160998146
2.936179733475822
2.9327089859720505
2.9297288929769154
2.927235772381953
2.9247705932281463
2.922287571040918
2.9204852018159686
2.9186197077471756
2.9169077576343283
2.915325190172011
2.913848073765421
2.912451268167375
2.910820031349076
2.9095026020014445
2.908493014159679
2.907167289154371
2.9054822189742993
2.904036359370573
2.902497624320307
2.900841023164003
2.8990434480950134
2.8970858190980042
2.8949359003977215
2.892929716674378
2.8903514880617696
2.887526328696976
2.8844349069545823
2.8807048880681623
2.877387479682823
2.873039693797992
2.8690833563707736
2.8676769053142905
2.862674712499916
2.854050978843227
2.851570186055357
2.845453175120074
2.835705585986778
2.828462605431026
2.821560233518209
2.8171173889470884
2.8058643261754947
2.7970797739360966
2.788274089115167
2.7825782682785634
2.77299779770993
2.763051758341841
2.7527498233575414
2.742100610579896
2.7311157962272805
2.71980733413887
2.7081868517490726
2.6962687058602284
2.684067520660872
2.6715974468558965
2.6560343673235383
2.6459138269745663
2.6327323989206124
2.619346713687888
2.6057733078083363
2.58930932379622
2.5781301808062462
2.564094101228514
2.5499366131206163
2.5356736883979796
2.521321265675068
2.5068949213810603
2.4897832408776748
2.477877707048333
2.460402378534196
2.4487316840197337
2.431517122165044
2.416924163067153
2.402342331924824
2.3877802058628466
2.373247521038086
2.358451606068066
2.344295100525569
2.3298873631847523
2.3155312072820617
2.301229972396397
2.2869865753832137
2.272801804884418
2.258356059493805
2.244285008775078
2.2305974969679045
2.2166412314431834
2.20273656830686
2.1888792038310405
2.174719122468175
2.160933203580487
2.1471817094568366
2.1334585602135903
2.1197453466472105
2.1060452504517975
2.0923476217195844
2.0786431563424115
2.06492443851575
2.051181608795523
2.0374068030701817
2.023590670074893
2.009724974836433
1.99580061578994
1.9818086265983788
1.9677412879646985
1.9535903871406894
1.9393478970373197
1.925006444530807
1.9105593661101838
1.8959993612304438
1.8813207231917237
1.8665178660207906
1.851590353505221
1.8365205003246898
1.8213176104427637
1.8059742806965216
1.7904882188977034
1.7748614417487283
1.7590803012548866
1.7431566341552087
1.7270867051244172
1.7108713777121876
1.6945119917398537
1.678010374532573
1.661369534261067
1.6445976402731062
1.6276842521565882
1.6106478347760058
1.5934897944300206
1.5762130943513948
1.558826694663165
1.5413384633997809
1.5237442227967268
1.5060634313674381
1.488299096063277
1.4704593059182873
1.452552177341796
1.434585434251924
1.4165679507638145
1.3985078641406752
1.380413803860547
1.3622954118745354
1.344161077621466
1.326018850015501
1.307878289726081
1.2897517901449447
1.2716370410192994
1.253557285587319
1.2355065193342711
1.2175039914334247
1.1995537619089582
1.1816639769368347
1.1638427418574955
1.146097769929947
1.1284360832832174
1.1108651366057707
1.0933918537683844
1.0760222537941915
1.058763372184796
1.0416208503894695
1.0246015814786573
1.0077105501429675
0.9909522217066726
0.9743336767126805
0.9578581887752691
0.9415306102321522
0.925356186761325
0.9093378509432064
0.8934803152884054
0.8777866854778766
0.862260699667172
0.8469049930818873
0.8317227898929268
0.816717274995895
0.8018905661109614
0.7872446040954897
0.7727819601172465
0.7585041300622024
0.7444133932070686
0.7305105443513541
0.7167975126746851
0.7032749592474169
0.6899441323142205
0.6768073049442799
0.6638604250171913
0.6511085481281684
0.6385505493090974
0.6261862072891783
0.6140157089747463
0.6020386369529679
0.5902559540669143
0.578664616672188
0.567265048883014
0.5560564418326582
0.5451470630596889
0.5342067923956534
0.5236680487382254
0.5132083487183987
0.5028365808004295
0.49284045711411384
0.4837427663829178
0.4731957553556582
0.46440469901218956
0.45499979547257874
0.4450480753475914
0.43670649116014587
0.42781319201426204
0.4190853600497006
0.41052029461926237
0.401494485599343
0.39386754484358805
0.38518753279066065
0.37783267442392565
0.370039820501561
0.3623929088118404
0.3548891284948185
0.3475255832715356
0.34029958444954944
0.333208388996407
0.32624923283165064
0.31941957317796615
0.3122613128303357
0.3061386541669644
0.29968260579469364
0.29334649455854567
0.2871281699100678
0.2810255892479429
0.27503698897325124
0.2691604750545231
0.26339451503478095
0.25773753136408517
0.2521883697311544
0.24674557975467654
0.24140820379752084
0.2361752134298762
0.23070970702808632
0.22569077236964663
0.22109525683226058
0.21592390259030803
0.21121132490336636
0.20693217263787778
0.2020892504956586
0.1979950525152906
0.19367743677801577
0.18916154449561237
0.18534382903514354
0.18104581838701636
0.17713860303244225
0.17359692338229468
0.1696253033571275
0.16601901155295185
0.16467178263155152
0.1591060951980596
0.15602226978091677
0.15280587838657975
0.14950173389658944
0.14666805883480538
0.1435536154317347
0.1407345576016604
0.1381872331396592
0.13690625565906528
0.13284264840187776
0.1305518292478263
0.12803856501919428
0.12576884190440962
0.12358471836444004
0.12148419752824996
0.11959157703688068
0.11861941933693494
0.11566127937952907
0.11894170526660787
0.11313150293305992
0.11144877293369322
0.11349572225174896
0.11183891519018337
0.10603245157569358
0.10453177194738879
0.10729832162730327
0.1026875630000876
0.10063667059357372
0.09942873191705658
0.09826259898635807
0.09721173510912434
0.09679449058135906
0.09573259958907801
0.09470281672399504
0.09370251859606125
0.0927290599433595
0.0947741079903533
0.09085316309841622
0.08994629623405004
0.08905748301886983
0.08818491591792584
0.08665992391420871
0.08648236436229195
0.08564968771392036
0.0848279976592118
0.0840163477624751
0.08255736485583498
0.08242077349350113
0.08163594538857483
0.08085945233008207
0.08009127285663892
0.0793314948730311
0.07858032542665465
0.07783805213593414
0.07710516339186124
0.07638206897587098
0.075669353443956
0.07730169552564219
0.0737802253475533
0.07307169728924022
0.07664824546553663
0.07228189216952445
0.07119481172015978
0.07101951875572049
0.07002697585048948
0.0712379536737255
0.07052973181893164
0.07080653169394709
0.07017339844383598
0.06939895739227629
0.06862300856715889
0.06786502850144395
0.06712572970273997
0.06640570280748771
0.06570524907161532
0.065024503856801
0.06436164131452533
0.06372130105311843
0.06309766460097943
0.0624917473669571
0.06190233949152639
0.061328084897806764
0.06076743827885698
0.06021858770221631
0.059679576867671724
0.05914829486896287
0.058622446266215565
0.058099624597859174
0.05757734982064603
0.057053059369859035
0.05652418014687631
0.05598810922292882
0.055451064283894805
0.0548842665538416
0.05431159777403272
0.053722031772536635
0.05311973417164334
0.05248402583567735
0.05183198861304917
0.051155949765581715
0.05045473609210396
0.04972750342457635
0.0489737027650427
0.048193668238600225
0.0473860431631512
0.04654454765847162
0.045694415870767946
0.04481207362852611
0.04390738290590339
0.04298234094360671
0.04203924650477568
0.04108076410271046
0.040109835923291697
0.03912754145681282
0.03814388039248296
0.037156048991797766
0.03617011619854173
0.035190116074847344
0.03422017937991251
0.0332644856849976
0.032327200661528284
0.031412464076552925
0.030524278843467693
0.029666495328057277
0.028842742099983554
0.02805636570864255
0.027310377541752792
0.028510504644619385
0.028320852992285952
0.028000873513591706
0.027698185412989584
0.02740118246806386
0.027224930461579665
0.02704834315906439
0.026906685527990287
0.026795229729403354
0.026708614015214828
0.02664078427602632
0.026585124104432298
0.026534330002610566
0.02648058904350924
0.02641548614651869
0.026330217851125118
0.02621548382256269
0.02606166463414734
0.025858825260615385
0.025596820950993256
0.025265360031122307
0.02485411974969725
0.024352809862120555
0.023751243191869213
0.0230395032517728
0.022207969953143485
0.021247485971902517
0.020149431462115217
0.01890579923341941
0.017509341720412894
0.015953705418318365
0.014233410720410969
0.012344100837663585
0.010280966848558023
0.007155176934747243
0.0050859808095912494
0.002827266479038371
0.0003758811380718896
-0.0022699533664531923
-0.005110509883855049
-0.008508673295611465
-0.011376584109119812
-0.014778730272087415
-0.018367812495879245
-0.022127618690287988
-0.026047890085165924
-0.03011645563090259
-0.03431920510334941
-0.038640096048735556
-0.04306123123093142
-0.0475627722220493
-0.052123101758575006
-0.05671877155769923
-0.0603306916185598
-0.06455213706132579
-0.06691214604100286
-0.06997749386703471
-0.07384085919464302
-0.07625954072195365
-0.07891268481810676
-0.08247847581758484
-0.0847630074975142
-0.08669751624058944
-0.08660545756611483
-0.08939264250358679
-0.08805369114128725
-0.09032351146863485
-0.09005644357106404
-0.08688314682582506
-0.08534597944418981
-0.08323547596609022
-0.08053203819398377
-0.07721839492090338
-0.0732796069172265
-0.06870334859032672
-0.06348007463736502
-0.05760301570406183
-0.05106841692190043
-0.04387567503626221
-0.036027284622713186
-0.027529073557482964
-0.018390130977649313
-0.00862291295232459
0.0017567538279977535
0.012729684156950076
0.024273304938558782
0.036361815275160504
0.04966122789160567
0.06268587426090103
0.07629779750784933
0.09024621305803326
0.1045608090892301
0.11919797614923822
0.13411145409295566
0.14925260398520496
0.16457080653647765
0.18001390564595401
0.19552769158957328
0.21105688022313254
0.22654523012874078
0.24193531796449172
0.25716948605540985
0.2721899324125444
0.2869386291510841
0.3013579651490853
0.31539119416015826
0.328982273002879
0.3420764823930836
0.35462067541472464
0.3665633840902296
0.37785540264816053
0.38831414563120115
0.3982194598627455
0.4050867918820913
0.4178237851262921
0.4297213177390912
0.4296480953705424
0.43509134212196365
0.442033801796104
0.4462330210771599
0.44945212316491484
0.4516768156328937
0.4528970035319739
0.45310697415292256
0.4475720003625525
0.4447001147624356
0.44768288285101765
0.43793777738183814
0.432790263331892
0.42670704056779885
0.41971354434649855
0.41183895409813776
0.40311609587754016
0.3935813382739922
0.3832741964685751
0.3713049868722443
0.3595634939875728
0.34815854007595687
0.3352150711963356
0.3217379991032876
0.3067806822133213
0.2923967404783938
0.27753730025952766
0.26248305690631557
0.24718276470556078
0.23169347948703206
0.21607397294145994
0.20038233775741274
0.1846760697155512
0.16901170024384016
0.1534446301670387
0.13802899142548788
0.1228169720593553
0.10785888286997354
0.09320285468778454
0.07889467274972083
0.06497748936118708
0.051491676140336395
0.038474825405048166
0.025961169196614432
0.013982161214103367
0.0025657359555064582
-0.004179041053417203
-0.01848447764590913
-0.028079166083006812
-0.03703315391625301
-0.04533633136203554
-0.05298043909413444
-0.059829190177929384
-0.05975542608138009
-0.06953274571630272
-0.07855234026184188
-0.08639850089681711
-0.0860410481036423
-0.08826619445692806
-0.09241833119704454
-0.09250728216956544
-0.09413189473503367
-0.0946857939960964
-0.09529181076653095
-0.0947398819840457
-0.09448806761984652
-0.09342072121243367
-0.09153732156428901
-0.08962752348692472
-0.0874247883982864
-0.08491610539625866
-0.08213298337832547
-0.07910733051520061
-0.07587073079956039
-0.07245442156910545
-0.06888889763647321
-0.06520379528167897
-0.061427843309968616
-0.05758870916009512
-0.0537128360022608
-0.04982503755232124
-0.045949044472319706
-0.04210670501154408
-0.03831845509585344
-0.03460291954191231
-0.03097697769773121
-0.027455786755286225
-0.024052704431980605
-0.020779148657868646
-0.017644993815661116
-0.014658153776801745
-0.0118248669386741
-0.009149692198203215
-0.006635514493971914
-0.00428369992065173
-0.0020940847692981213
-0.00006512472562289137
0.0018060118197685895
0.0035234231867953183
0.005092278858944796
0.00651873500141728
0.007809876339392025
0.008973501496207442
0.010018114864339208
0.01095269891112112
0.011786704118928107
0.01252986124521943
0.013192082160794543
0.013783342899271423
0.014313669503738686
0.014792892934710913
0.015230637707745532
0.01563624911483069
0.014992312131415464
0.015540957401551932
0.016086499316386862
0.016558110217546964
0.016966831192732516
0.017323375003458128
0.017638052625696676
0.01792067713021989
0.018188093963291727
0.018435669435293577
0.019317551367278255
0.020483728386855887
0.021030147785679534
0.02160942818176897
0.022221644017493988
0.02286624818514847
0.023542063463418576
0.024247327339919703
0.02497975022578881
0.026267526375464766
0.027086541870392736
0.027853551418247618
0.028696035374467455
0.029546034285596004
0.03047843033159257
0.031332946443767246
0.03218074596673911
0.032929160479266945
0.03383783925854615
0.03454621005294189
0.03532071566927762
0.03616149448428348
0.036876898545470424
0.03755694278374879
0.03810373745308308
0.038799530790721466
0.0393573932288215
0.039778024349289315
0.03951757410945514
0.03995287143766944
0.04113180084682801
0.0414583773589432
0.0417386449752179
0.04197361145716227
0.042156761291587075
0.04231380131694753
0.042349629653990854
0.04249508643183929
0.042532713363094346
0.039580101348262176
0.04251755596509462
0.042471708777403507
0.042405248246427475
0.04232199037126444
0.04222588863896725
0.04212082753645449
0.042010750287630225
0.0414533088175026
0.0413562952232753
0.041641340110271076
0.04159589984872839
0.04110607921820403
0.04104720814395214
0.04136331137555588
0.04138476480126412
0.04098382401540668
0.04136626113178425
0.04141898845795329
0.04150002830043225
0.04161034680260898
0.04179742000937576
0.04196867498262456
0.042170201728900104
0.04240169485535104
0.04266255893347063
0.042951874733274116
0.04326858668274322
0.04361123612087022
0.043978340836370845
0.04436817336256607
0.04477884220800879
0.04520248220117827
0.04564873440998324
0.04610968548599688
0.046589420333398864
0.04701094521251549
0.04750251452999891
0.048000556221294295
0.04850314870692303
0.04907527618422033
0.04951523757948863
0.0500216635451607
0.050589320672990684
0.05109986484108575
0.051528273630143485
0.05202354530678249
0.05251460029324344
0.05307706323888732
0.05355324694877237
0.05404131404025305
0.05451863911156467
0.0549936987607602
0.05546766253665021
0.05594180457152331
0.05641754982585214
0.05689653396107706
0.057380523303388845
0.057871432157832595
0.05837124303552135
0.05888197712208819
0.05940578629889759
0.05994474745020196
0.060501040830719534
0.06107670110486413
0.061673777939609736
0.062294273048847305
0.06293992605019176
0.06361250580237676
0.06431362552395874
0.06504461492557931
0.06580675250786076
0.06660100982932307
0.06742826737322742
0.06828909309781239
0.06918382830074998
0.07011265661827566
0.07107550205727305
0.07207206472777278
0.0731017833261257
0.07416394934082346
0.07525758832938964
0.07638158258354744
0.07753456964514135
0.07871514896527275
0.07992158862048539
0.08115216421087712
0.08240497010369852
0.083678126914698
0.08496951742096417
0.08627711537092174
0.0875988430203173
0.08893254358635598
0.09027617692695647
0.09162773188544493
0.09298522096676747
0.09434677667826806
0.09571066980080815
0.0970751361420928
0.09843868678006015
0.09979995204648641
0.10115770436531958
0.10251090405470753
0.10385823116801599
0.10520010103202324
0.10653484939316915
0.10786261079684839
0.10918313286262998
0.1104963783929353
0.11180264776592291
0.11310225486912544
0.11439562476003508
0.1156835555917877
0.11696675528183187
0.11824616265744349
0.11952276326583501
0.12079782531772468
0.12207248146908518
0.1233479860044662
0.12462572316654308
0.1259071167918705
0.12719340899803877
0.1284863068743559
0.12978696889749508
0.1310969524103655
0.13241752953375627
0.13375014112401074
0.1350959331082668
0.1364563309784947
0.1378324070079676
0.13922525115792245
0.140635837570025
0.1420652316918656
0.14351424297268378
0.144982984364805
0.14647405700846616
0.14798620640255342
0.14952066901882685
0.15107784083850806
0.1526582695579154
0.15426202837996017
0.1558896142948024
0.15754118811207818
0.15921691071869448
0.16091692076005767
0.16264139523944698
0.16439049826782143
0.16616419014350506
0.16796262858356117
0.16978511821891207
0.17163330441325964
0.17350733213603955
0.17540579070181872
0.17732953126524048
0.17927899829841062
0.1812541501299441
0.18325561116265124
0.1852834885075563
0.18733808902990423
0.1894202088867294
0.19152917163681735
0.1936682384086958
0.19583537019382297
0.19803121093419357
0.2002582520131284
0.20251720191021344
0.20480708314105148
0.207128680713667
0.20948563269418263
0.2118759265601376
0.2143017090865759
0.21676364180693897
0.21926173853734457
0.2217999518404709
0.22437519955850546
0.22699257957950014
0.22964988762871943
0.2322433822839518
0.23509118930413775
0.23787582715446437
0.2396206983530731
0.24358282255903682
0.24538955069502838
0.24834341051587586
0.25248961081400695
0.2555539043322586
0.25749086620534206
0.26063716120631225
0.263832773643283
0.26830252040003827
0.27161437926112414
0.27497678584057267
0.27711449731821447
0.2818527611347441
0.2853663128663336
0.28893033474848195
0.2911999334185738
0.29620852051066565
0.29854166972303064
0.3036841893412585
0.30749486684134
0.31135364350319117
0.3138071303977636
0.31921184786853923
0.3232099387449357
0.3272529148616385
0.3313399247909759
0.33546995294086956
0.3396425153255139
0.3422762199916209
0.3479487296788091
0.3524037422127324
0.3551010984358584
0.36110556405989347
0.36551225320227687
0.3699547873574428
0.3744323034105548
0.3772181800655788
0.38349080370640165
0.38806852582103935
0.3926827047293129
0.39714567176742266
0.40200503001509824
0.4067145297316276
0.4114562804552726
0.41604070812745797
0.4208453623821544
0.42587609945935545
0.43055376009782975
0.4356558586830904
0.4403981137923193
0.4453730963156799
0.45058564098118625
0.45563850567463926
0.4607277698050532
0.46585716758166495
0.47102739290917905
0.4762398187483623
0.4814962361301378
0.4867975395225737
0.4921452713073262
0.49754078906472277
0.5029852120492783
0.508480485807271
0.5140271952820772
0.5196265090176309
0.5252777810760454
0.5309880720539684
0.5365154424788751
0.5425725207736726
0.5484497928682753
0.5543842767373749
0.5603766020882113
0.5664269679382731
0.5725347853073122
0.5786976225921078
0.5849223411210281
0.5912012935899761
0.5975363157243978
0.6039261148667392
0.6103698909135978
0.6168662713691944
0.6234147803455531
0.6300133350229918
0.6366607627227432
0.643355343631458
0.6500960269976596
0.6568813166239656
0.6637088722793859
0.6705781950722326
0.6774869164451723
0.6844339657636072
0.6914177316117975
0.6984375549337505
0.7054915870861296
0.7125790164319804
0.7196986602403521
0.7268502792534091
0.7340328905959591
0.7412464813773366
0.7484901510157653
0.7557639088310364
0.7630676367611497
0.770402318579137
0.7777674074717918
0.7851635843280216
0.7925912831397062
0.8000516810158078
0.8075450898198056
0.8150726334825136
0.8226351769287117
0.8302331593300714
0.8378679525663134
0.8455397307066872
0.8532496983302712
0.8609980816430114
0.8687855939518067
0.876613363103505
0.8844797689503048
0.8923860681286233
0.9003308105807103
0.9083147857371188
0.916335426501494
0.9243920056901584
0.9324829690480627
0.9406059059060861
0.9487581994525178
0.9569376294993603
0.9651396791607366
0.9733611953501686
0.9815984707054042
0.989845639723176
0.9980979944317975
1.0063495449779623
1.0145943671952238
1.022826335717292
1.031038633350367
1.039222442328982
1.0473714421888565
1.0554764650538941
1.0635292604271667
1.0715213572099005
1.0794432676273147
1.087285251926274
1.0950380529853119
1.102691785131658
1.1102358066193732
1.1176608144357472
1.1249556948947466
1.132110312063849
1.1391140530414525
1.1459575933394461
1.1526294214311952
1.1591194787918235
1.1654177373175554
1.1715151971209443
1.1774007948293246
1.1830651493516937
1.188500338700167
1.1936962223039098
1.1986448132903451
1.2033381616216166
1.2077680368275343
1.2119283925581017
1.2158111011592627
1.21941168036524
1.2227227205452824
1.225740690098812
1.228460381665861
1.2308781123550658
1.2329908774499387
1.234791539978431
1.2362918012473159
1.2374770257840144
1.2383517847902408
1.2389152991337897
1.2391691877082665
1.2391143616130045
1.2387537740812675
1.2380899067683697
1.237126177550591
1.2358678844089488
1.2343190508396025
1.232485109867505
1.2303720158298168
1.2279865181636018
1.2253358488750825
1.222427312697105
1.2192695748728632
1.215870092148739
1.2122381217992557
1.2083837962917632
1.2043153626421599
1.2000429404281885
1.1955773665858813
1.1909229618413046
1.1861000667125956
1.1811191898014721
1.1759819845274158
1.170702265162029
1.1652925818325306
1.1597620935269857
1.1541211041241606
1.1483804421234005
1.1425513071915492
1.1366427711767064
1.1306644976063212
1.124626616006421
1.1185395234818
1.1124107648112882
1.1062503669577426
1.1000664229178743
1.0938684041402298
1.0876636081881355
1.0814586377285957
1.075263346597347
1.0690834762878214
1.0629260484692378
1.0567970966209392
1.050703478531676
1.044650894217864
1.0386444399510504
1.0326890058033484
1.0267904386861766
1.0209526616029798
1.0151807066779757
1.0094772081720467
1.003847076686149
0.9982935184059324
0.9928190318948263
0.987427390265291
0.9821219528771905
0.976903456532761
0.9717760576022916
0.9667419598693372
0.9618015281093324
0.9569588519293883
0.9522104147222077
0.9475706468228309
0.9430300122470205
0.9385924468608737
0.9342606181798909
0.9300364150409672
0.9259214031550793
0.9219174616798911
0.9180261439807592
0.9142456431641437
0.9105896399176447
0.9070480367775289
0.9036230468309432
0.9003294590321796
0.8971538790537287
0.894110658772334
0.8911985024130136
0.8884206313273708
0.8857842805972853
0.883280683543114
0.8809296422550783
0.8783478239349789
0.876668427571296
0.8744005235407072
0.8726663528553289
0.8710978657325487
0.8696994681444872
0.8684767133441349
0.8674344891456072
0.8669312866300243
0.8659140275241972
0.8654466566723329
0.8651823313405741
0.8651270812517922
0.8652866366286809
0.8660057149805211
0.8632609604840398
0.8671187147079255
0.8652314715455711
0.8665846852519898
0.8711162716047423
0.872961296590453
0.8750733983409107
0.874604552583313
0.8772958569539936
0.8833995589594164
0.8835498043034635
0.8871271405958281
0.8937511155008764
0.895216169230865
0.9024313775907318
0.9072633038325084
0.9127260929613543
0.9182388451454111
0.9212158189185355
0.9303131798836681
0.9366106893953691
0.9435637761999226
0.9508925484020854
0.956136349062737
0.9642590876363261
0.9727754354504131
0.9840787097065746
0.991004619350371
1.0030650487739474
1.01317197366925
1.0214070961172734
1.0346288735704214
1.0459848962046487
1.0555560354669837
1.0699587205609844
1.0825786460139293
1.0934966525319045
1.1090822011292363
1.1229636558762124
1.1372612247640732
1.1519716306866168
1.1651076462761043
1.1806590968425361
1.1966080553638216
1.212947790029756
1.2315378734396005
1.2467653286289386
1.2660343195896697
1.2820360219711306
1.3001882414415784
1.3186680120268766
1.337461075003752
1.3565524506074778
1.3777423591851299
1.3955650676122797
1.4172004396222193
1.435564388315089
1.457568037204158
1.4780455965711867
1.498686712649706
1.5194712286000267
1.5403751382781408
1.5613745782584287
1.5824444384426366
1.6021030205165205
1.623268464956049
1.6458218372503908
1.6655511513713865
1.6866139010737797
1.7075876643616343
1.7284447698857677
1.7491577837898615
1.7709217658377068
1.7911173173031736
1.810159275449134
1.8311688722234052
1.8507296949256336
1.8699872445967693
1.8878369844634002
1.9064326137981218
1.924650511406399
1.9424681284784784
1.9608691259698692
1.9778085755750796
1.9933133377720917
2.010292305690344
2.0248501284576674
2.0398621076520844
2.055286487232251
2.068307874140357
2.0826440209623613
2.0955010831189242
2.1077078253876205
2.119538734559405
2.130712003992117
2.1403905809715367
2.1513612013903285
2.15989754062741
2.1697599585831573
2.1771633505510666
2.1859486111645245
2.193234161924703
2.199893225225092
2.2061397286428552
2.2118881763749942
2.217153793535772
2.221953739071335
2.2253029496857986
2.2292054305240487
2.2326999950708206
2.236888606390133
2.2396639107038303
2.2421030069416563
2.244230960032066
2.244876773238185
2.246427603717692
2.247745603786556
2.248857752694318
2.251121551292861
2.25194196541677
2.252641130178084
2.253409362544686
2.2537896774560577
2.2542948624740275
2.253240382313542
2.2554826118837403
2.2542342924780803
2.2566782637070135
2.255509881626734
2.258259675365973
2.257268911340604
2.2583905486659845
2.259704377783215
2.2612328277894838
2.2629976010551993
2.2672324540167517
2.2673161891058937
2.2719842947944824
2.2728206304729155
2.278464427300922
2.2821076445517745
2.2858686664427226
2.290522823932892
2.295329897978434
2.300294329482739
2.305962169395959
2.3123671620044597
2.318979548750704
2.3258038688792166
2.333430012108257
2.341597874118874
2.350331010056313
2.3596535920164046
2.3695925724944478
2.3801756412093806
2.391434529993956
2.40373439497996
2.416451208417426
2.42994970513391
2.444272350438127
2.459461558158096
2.475565541918092
2.492637066181229
2.5107287535046265
2.5299000373676077
2.5502130755376475
2.5717350832748824
2.5945359240769745
2.6186904269967544
2.644272476071817
2.67137780968836
2.7000821172070433
2.7304785688539717
2.762664876164199
2.796736931515408
2.8327984710164076
2.870956313320176
2.911318883478676
2.9539973984047414
2.9991066459586158
3.046764070665511
3.097087505029305
3.1501965052027434
3.206212580327895
3.265255151747843
3.3274468020692187
3.392906015400401
3.461751620085706
3.534100451212645
3.6100646871118456
3.689757027714104
3.773281316484445
3.860739379551434
3.9522278108187154
4.047834797180459
4.1476432968637775
4.251726113321549
4.360151560667409
4.472974573756624
4.590243785616193
4.711991577094925
4.838241338023288
4.96901777585291
5.104308166538971
5.244103718370093
5.388377009454371
5.53708863373568
5.6901829849952
5.8475890986382275
6.0092238793074015
6.1746404619418005
6.344758649631022
6.51841245389024
6.695797468448729
6.8765279927055305
7.059145840749479
7.248503751813306
7.439222041403822
7.631616408545858
7.82785442019179
8.02639711027074
8.228618812174197
8.429344804617763
8.633196257001156
8.83824486351707
9.042346052357745
9.248453355150108
9.454830031630033
9.661153428717366
9.86710161909611
10.072340093454917
10.276547347617296
10.47938905119188
10.680536924400192
10.87967211718693
11.076452267159745
11.270571905985802
11.461712286995319
11.649574767425667
11.833858374843985
12.014274366330161
12.1905616862216
12.362421385107384
12.529637380505589
12.691957024703576
12.8491717648871
13.001070004743744
13.147464991360499
13.288198452254193
13.423092411706362
13.55204103429078
13.674925237308571
13.79166152725341
13.902148736275356
14.006363715792125
14.10425711101242
14.195823765523487
14.281078180881332
14.360034029631658
14.432740769822859
14.49926883348822
14.560783576553016
14.61520129993463
14.662676572532943
14.705475322675607
14.743698669433043
14.77544409890385
14.801923222039578
14.823326610918256
14.83985218917258
14.85170697513811
14.859108373902965
14.861436816899099
14.861449049637317
14.856078677181262
14.855317440771127
14.84359145561732
14.828813350262912
14.804943791054288
14.785748523360605
14.763581499938065
14.738804124226949
14.7127146307196
14.689423989278858
14.655837208774537
14.625470102548682
14.597435918612348
14.561901857520043
14.529076057041763
14.495799109918499
14.464161461241979
14.428671303034909
14.406350682135281
14.369935581625322
14.333859303339576
14.311391249956186
14.268877726338175
14.230495205997808
14.198699545145166
14.168510101995732
14.138589540109676
14.109441874609319
14.081104862215518
14.05359271980082
14.026912820825078
14.00107997424128
13.976080128604911
13.951905815694555
13.928530025414737
13.905931624308085
13.884073757019877
13.862919432943606
13.842427609044611
13.822546218349679
13.803228803041133
13.784424109795598
13.766068721048809
13.748107354799082
13.73048435591197
13.713140352339748
13.696011309946012
13.679039400809398
13.662168724713268
13.64534302450615
13.628501760493572
13.611594123116916
13.594569106566183
13.577373540661458
13.559967935182073
13.542304693518576
13.52434800104009
13.506046437245837
13.487381545520496
13.468311335760776
13.448822722103111
13.428873618192593
13.408461308674593
13.387557331669012
13.366152772199838
13.344234351053291
13.321795188995539
13.29883879741598
13.275354357432533
13.251348342374207
13.2268214963856
13.201776246554699
13.176233437946642
13.150193662811777
13.123677995729848
13.096699772558551
13.069268317139116
13.041409684381428
13.013147738116352
12.98448932275981
12.955470330418189
12.926108536677466
12.896426607380977
12.866151204114765
12.83620732873891
12.805729113214355
12.775036478842017
12.743887407837224
12.713112480871882
12.679509839560666
12.650664745537659
12.619312910725903
12.585790848741894
12.554476651333372
12.524894231461095
12.493537055779
12.460705529340338
12.431192062505351
12.398603132760087
12.367757450244431
12.338230137180979
12.306592919904956
12.276334567046218
12.246317484131321
12.20950866439475
12.180801110026733
12.15797944711111
12.124278679365656
12.096497211312556
12.07311587810698
12.028452873530588
12.004268458795314
11.98029608971461
11.956546292527554
11.929192571675415
11.906877273587124
11.885360579247648
11.863867361013222
11.842408174537896
11.820969825351556
11.799564813641815
11.77818772271711
11.756300037515695
11.735534942247384
11.71421064821895
11.693035650698677
11.671852886085837
11.650706106604181
11.629638341306906
11.608620727669042
11.587668256769803
11.567665912327392
11.553295339186706
11.534799313957597
11.528542539258023
11.498635769570821
11.502633359948224
11.483839017752793
11.469804608738173
11.462099011220069
11.442955553091002
11.43011961077097
11.417652769247413
11.415649934331261
11.404955747429609
11.39435159839528
11.3828895358572
11.374524877097414
11.363294263825535
11.353912990140818
11.329362133169608
11.335889295952475
11.309873857380762
11.321011992112624
11.312582878993666
11.282063690935932
11.294291241307747
11.286431165263156
11.27868619590278
11.274040557704929
11.263484419312082
11.258911026855024
11.251593021845022
11.244326776499095
11.23709647936007
11.229899754906409
11.219308757787722
11.21205027666812
11.208401153184738
11.201659876089918
11.194513779205236
11.183058143214978
11.179761906073066
11.168539370582316
11.165393754232948
11.153994339754405
11.146715102307729
11.139438418645017
11.136593434996271
11.124895641499634
11.122214496453097
11.11505003663049
11.107916138838199
11.096050170480991
11.093768336537812
11.081882844974277
11.080399126178474
11.072997351330473
11.066811711178708
11.059598739050605
11.053648507169541
11.041475460961433
11.041021222732805
11.034947045189023
11.023116039551635
11.023350409787895
11.01785873486621
11.006529836080038
11.00146853116794
11.002797591559993
10.998311071060325
10.987900333118374
10.990209696395326
10.985992423394933
10.983368030809732
10.98046729122879
10.977917004612207
10.97573995535604
10.973942008621671
10.972537174097157
10.965096760032111
10.970939670865718
10.970764462803974
10.964523010609232
10.9651914490809
10.972789090288734
10.967820626840327
10.969789374546224
10.972198199014255
10.980898140530122
10.98483303907546
10.982020237341768
10.986148110652296
10.997188884791715
10.995640590494192
11.007458467655583
11.013172389576852
11.019252963381295
11.025694544412916
11.032469707943081
11.03957249442806
11.046978012615636
11.054672431460576
11.056347902135657
11.070203468807618
11.078635991531748
11.087267657468352
11.096084502963292
11.105661026587764
11.114155645810115
11.12396227576916
11.133259680025594
11.142014467566346
11.151991828487134
11.160801247011271
11.170771137942795
11.179556594558237
11.189418766792317
11.198636590416097
11.207759261389338
11.216225670221847
11.225639900642065
11.234360065293947
11.24240234909652
11.250795903112706
11.259000423104887
11.267005694014973
11.274812594240256
11.282407842012882
11.290271323801576
11.296979353069958
11.299824791540072
11.310726905535386
11.317309284458965
11.319745616021978
11.32603180301746
11.33216775994516
11.338181433317864
11.344086224711589
11.349918617752053
11.355700468227647
11.361470659315676
11.367270307859032
11.373131366588163
11.382777749794728
11.385238549607244
11.395252028775205
11.398189269542117
11.405121121606845
11.412437305553908
11.420199142240122
11.428481577649597
11.441165364152003
11.446869858518902
11.461051051875113
11.468210674028532
11.48017822505103
11.493127252191112
11.507147697410058
11.522311993817002
11.538720490266972
11.55646163890533
11.575629791667886
11.601557916296658
11.618618610763386
11.647596374321301
11.668441890908177
11.69616109837608
11.725875643913975
11.763215406027976
11.797366502226593
11.833807993320058
11.872635303804131
11.91394257207234
11.95852858751242
12.005087994203404
12.054396728801013
12.10654457362883
12.161613715419044
12.219706441070864
12.280886571534639
12.34524378563515
12.412858883662707
12.483796930213689
12.558145444193956
12.635972649234557
12.717354699124552
12.802357122538533
12.891048303992534
12.98349390961681
13.079764258458146
13.179917321694886
13.284021570242713
13.392135203661216
13.504325923844181
13.620655226171586
13.741175254324114
13.865963200744286
13.99507804539697
14.128577625783766
14.266526992275537
14.409007955903002
14.556068916420493
14.707797752184877
14.864264029638182
15.025537768524764
15.191699978370991
15.362836714719704
15.539027983732673
15.720361858949563
15.90693295241593
16.09883028420326
16.296156931600667
16.499004124199054
16.707477462353655
16.921683478192758
17.14172382391646
17.36771325092094
17.599749013159126
17.837949665875197
18.082413689646987
18.333249653701507
18.590564458959484
18.85445553624552
19.12501592763383
19.402336483109007
19.686503067986088
19.977585967516788
20.275650101201634
20.58074683851796
20.892922692236972
21.212193620938688
21.538575356131503
21.87205984338707
22.212619061622302
22.56020263336775
22.914741317909396
23.27613061381954
23.64425432410467
24.018963392487386
24.400072299267755
24.78737175193064
25.180610048860725
25.57950816175757
25.983778995421595
26.393035932310365
26.80691037563085
27.22496953530989
27.64675183062923
28.07174952015247
28.49942102775361
28.929182127797002
29.360405479430522
29.792433107991545
30.224555190877613
30.681371602854405
31.097393266212208
31.51615940962649
31.968063675823483
32.363777591859794
32.780796324268536
33.18611609156379
33.65887213658726
33.99335206657992
34.381415595921304
34.75972925393495
35.11560816828362
35.46859710819775
35.811568887719446
36.13739341441643
36.61781587176609
36.74811091122817
37.04699575638563
37.309645621259406
37.52839755750666
37.75296192226214
37.95401566371716
38.13015110357476
38.28636351237613
38.42221853504095
38.52709125032078
38.61010583970853
38.66740026838617
38.69822022830306
38.702129138337206
38.678618277374994
38.62725968400328
38.54773545369169
38.43976895784619
38.30318613136627
38.13786821246449
37.94380957212567
37.72105135575208
37.46974926072546
37.19012507604006
36.8824854565122
36.54723183069798
36.18482898379234
35.79584182583885
35.380904184229024
34.9407373130282
34.47611203127511
33.98791532332629
33.47706401196972
32.94456229195152
32.391477193671676
31.8189100895475
31.228053969776298
30.62011241322289
29.99636220497566
29.35810751332308
28.70668993737253
28.043471305071506
27.36983110864107
26.687182425057955
25.996951445327735
25.300557800374683
24.599408443690745
23.894938823985534
23.188534754166408
22.481596938976733
21.775489797907078
21.071546703896225
20.371068400534675
19.6753305211387
18.985543542531822
18.302903349172816
17.628517311805577
16.963477818202765
16.30879971082412
15.665427141548545
15.034261761993854
14.41614272392367
13.811818518740253
13.221990142905325
12.647289426046008
12.088303572060065
11.545400359363185
11.01912265683836
10.509764702796723
10.017609954040795
9.54287609092534
9.085692987045528
8.646148850368942
8.224259355170314
7.819981288989611
7.433214777613132
7.063802837587908
6.7115436730784195
6.376177026514602
6.057404973454198
5.754888479341931
5.468246920492361
5.197066036414751
4.94090094086418
4.699279883731461
4.4717078742377305
4.257670088389168
4.056633601131429
3.8680564268995643
3.6913846444825262
3.52606004132875
3.371518413834435
3.2272003422708533
3.092545955247553
2.967002748866028
2.8500269869646013
2.7410838698211077
2.639652667963225
2.545226207153481
2.4573149150072666
2.375446450850895
2.299166532289023
2.22804275348544
2.1616619774571717
2.0996340932801587
2.041590322477928
1.987184510483432
1.9362156337269798
1.888012873324615
1.843670804973982
1.800715985893765
1.7668224515049786
1.7213495269561192
1.6905048027982141
1.6550491554283346
1.615013875686608
1.5886965114409628
1.5575124992775773
1.5223736337589524
1.4934507460966715
1.4654694004447992
1.437721112380904
1.4171788866220512
1.3858620040435072
1.361675453763266
1.3375210561974715
1.3134157159589037
1.2904610471139688
1.2681816749589319
1.2471823003265445
1.2260807760749413
1.2048509050127172
1.1848775433377712
1.1661640801209558
1.1465892424151454
1.1282613802513313
1.1104680888659135
1.0932016318893887
1.0771600570686979
1.0602129545299497
1.0445403586676918
1.0292100174891532
1.014419706475186
1.000083412249151
0.9861842958519049
0.9733931761788228
0.95962042733704
0.9469157352702404
0.9352514924132628
0.9225511482917138
0.9109142696722109
0.9001108938293618
0.8882684189915584
0.8774199239504916
0.8673391456428533
0.8568311023192009
0.8457894164454823
0.8355916250283971
0.8262368822562229
0.8155519377138889
0.8057444748794186
0.7966029525743423
0.7868528742177061
0.7771404781221072
0.7667470399751911
0.75777676574763
0.7473713024099344
0.7384235930989027
0.7287302903291046
0.719018227518758
0.7092832824078042
0.6995234407802766
0.6897376185864665
0.6799266136202755
0.6777653876017453
0.6602373813719806
0.6494693078190106
0.6404857723429265
0.6306005591010947
0.619768679953159
0.6098808195196778
0.6009965670938897
0.5911745960567855
0.5904203097253955
0.5808152320999276
0.5712616210831135
0.561769062116864
0.542850944377867
0.5430054100614854
0.5229961674114072
0.5148605944679154
0.505759767833028
0.49556010948850937
0.48796023800250016
0.4792795872951821
0.47075621608841545
0.4623978228202275
0.4542115324965633
0.444983516167263
0.4383805180304711
0.4295466479583995
0.422120173247194
0.41489339859004376
0.407869022797238
0.40104945302063627
0.3944356326058648
0.38802817554434405
0.3818267138778566
0.37583044871155014
0.3700373582085503
0.3644450070650892
0.3590501950724241
0.35384902982563404
0.3488368195773885
0.34400856035728533
0.3393585151466339
0.3348804952679621
0.3305677791457923
0.32641327552328414
0.3224094620029157
0.31854869904842636
0.31482282457802396
0.31122367460993394
0.3077429602768099
0.3043722303067816
0.3014926231835361
0.297927080172903
0.2948360252719984
0.2918218768924466
0.289123710729643
0.2859928960382525
0.2831632780490778
0.28038086193004275
0.27776650468850617
0.27584672113126724
0.2729533803963762
0.27209929111295356
0.2669661267996102
0.26568242096609807
0.26172533762006683
0.25790644877833363
0.25655168503607334
0.2536016221455868
0.2513326403780449
0.24826864681411084
0.24616014735049152
0.24365299703056748
0.24100436537072148
0.23483505656099082
0.23214450352417693
0.23331557999800068
0.23077046139776666
0.22823745325708203
0.22571878910700632
0.22321682906724782
0.22073399649766254
0.21827282583304294
0.2159209042571058
0.21342524278806224
0.21038446854075954
0.20869328064058348
0.20637620616327312
0.20409439815433036
0.20123154168490653
0.19964330479678621
0.19687288397288916
0.19475216103257342
0.19267158250997932
0.190631640669887
0.1886327077226391
0.18667498608216151
0.1847583051895786
0.18288248390877596
0.18104696073426607
0.1792511505079695
0.17749417227741562
0.1757751528938549
0.17130816363848467
0.17244624334313813
0.171530729187982
0.16925448794940548
0.16770660510020488
0.1661888030510569
0.16469966002048964
0.16323770328095177
0.16180156833314
0.16101552434793204
0.15900140558084835
0.15763488165252487
0.15689772808205518
0.15496336189048046
0.15365645453310964
0.15236767160893921
0.15109627419760951
0.14984172423276462
0.14860350006034645
0.1473812229356956
0.14617461768911494
0.14498345065126966
0.14380756201270692
0.14264693867389636
0.14150147078112496
0.14037123768782436
0.13925620266957983
0.13815645234971377
0.1370719992976373
0.1360028833327138
0.13546900384298474
0.13391051782555266
0.13288716877142046
0.13187883203046488
0.1314053533239046
0.13043440602601847
0.12947232384189003
0.12585593919811142
0.12490552135382561
0.1266686529212552
0.12521603944944196
0.12486112608525227
0.12342528266163279
0.12254561563849897
0.11947399039081079
0.12081416963598333
0.11996090885787991
0.11960038820179958
0.11827576847029057
0.11744253947078108
0.11449308034814029
0.11625634236855503
0.11548674675761542
0.11214746340111777
0.11334832769753778
0.11301974550558187
0.11219718656343224
0.11138266663082187
0.1105709741476554
0.10766935841304394
0.10896234660798164
0.10622422460222214
0.10736569528654054
0.10621992690002553
0.10545140887973027
0.10338978007794024
0.1026923881509095
0.10199971084753233
0.10131194610011184
0.1006294502578973
0.09995262518785944
0.09928190016286098
0.09861775711281953
0.09796072634767548
0.09640218712678164
0.09667011356299969
0.09529554613951027
0.09468210375714611
0.09407552799877375
0.09347660345549484
0.0928861542361501
0.09217674238223342
0.09173330894740236
0.09117214837338194
0.09062181502461632
0.09166759601083119
0.08955484350408072
0.08903848468562216
0.08853352975182642
0.08803976045211162
0.08755677520695071
0.08708412900135397
0.08662119396701137
0.08616720260928519
0.08560280936852456
0.0852825879443489
0.08485001116167197
0.08442251289919961
0.08399901317876712
0.08357838767724565
0.08305237941214037
0.08274152937185612
0.08222640227889523
0.08190381951066018
0.08139601451995596
0.08098577200050182
0.08056287307102092
0.08013614653894273
0.07969800273411552
0.07926322097404771
0.07888457086367434
0.07838079011712523
0.07793363148889336
0.07748881654731064
0.07702994007184613
0.0765747778440504
0.07611852049788045
0.0756621281508761
0.07520663646395868
0.0747531000551726
0.07430261985077183
0.07385628951374637
0.07341519319254648
0.07298030993302773
0.0725526115186561
0.07213292799433989
0.07172201737101405
0.07132048880728997
0.07092882946788523
0.07054736841426526
0.07018243324222316
0.069815645630236
0.06952138864887382
0.06912493925879681
0.06879422061778091
0.0684726054780592
0.06815943971682716
0.06785397108894888
0.0675553931510515
0.06726283799001447
0.06697536423055152
0.06669589338989551
0.06641207576340946
0.06613443782481468
0.06585833120325134
0.06560625241244938
0.06530770458244593
0.06503189004751966
0.06475504314612889
0.06447680902053453
0.0641969026673347
0.06391522055050697
0.06363170522081525
0.0633464922958041
0.0630597666048114
0.06278042551406267
0.06248308756281628
0.06219398052036942
0.061905029523841096
0.061616762583398474
0.061329759440953154
0.06104458679903797
0.06076177652145141
0.0604818371300492
0.06020524890951077
0.05993239751727125
0.059663586087222435
0.05939906832649886
0.05913897196486147
0.05888333337057477
0.05863211956960782
0.05838516810176748
0.05814225940901001
0.05790303460880836
0.057667132073495914
0.05743408473370781
0.057203397271948196
0.056974524375905486
0.056746955804393075
0.056520112282172554
0.05629349110405117
0.05606659736421257
0.055839000004416196
0.05561032665483351
0.05538028932855951
0.055148680113074895
0.05491538080955641
0.05468039292802205
0.054443806694592416
0.05420580250538999
0.053966673015541464
0.053726793418455245
0.053484040122438924
0.05324667426082235
0.053007527945240454
0.05276980881559826
0.05253414557084463
0.05230119193853632
0.05207156181834989
0.05184383611716173
0.05162464676106483
0.05140839703084951
0.05119753122991547
0.05099236093098968
0.0507931187792614
0.050599931885928255
0.05041279797312416
0.05023162691672384
0.05005620425409098
0.049886233572294464
0.04972131499779291
0.04956094666102318
0.04940459625803175
0.049251630153727875
0.0491014110789208
0.0489532441872456
0.04880647696740449
0.04865838149647514
0.04851444223171793
0.048367963594330696
0.04822043845055379
0.04807142374727158
0.04792055239187563
0.047767548684548314
0.04761224619389867
0.04745456269529796
0.04729454014388027
0.04713229170897675
0.046968069281681214
0.046802163743894065
0.046634961981109696
0.04646690829021114
0.046298494066422245
0.04613023601963683
0.045962677859084256
0.045796345059376124
0.045631737593455755
0.04546934275550405
0.04530958417912576
0.045152826989980785
0.04499936682224153
0.04484940587471686
0.044703072441217774
0.044560393882905974
0.04442131110781715
0.044285691879395184
0.04415330264588669
0.044023843129621966
0.04389694810403946
0.04377219770722874
0.04364913421603968
0.04352728487394398
0.043406158385841415
0.043285275565435204
0.04316417032772129
0.04304241905775079
0.04291964061512202
0.04279552224379212
0.042669814059895596
0.04254234035047957
0.04241300582935414
0.04228179911702863
0.04214878345785625
0.04201411310077871
0.04187799420621391
0.041740700523318554
0.04160257197502118
0.04146397014099131
0.0413252912547733
0.041186954492823225
0.041049356854424256
0.040912890849568555
0.04077794018169123
0.0406448132991485
0.04051377794598006
0.0403850593414129
0.04025879462962117
0.04013505398612745
0.040013839669647645
0.03989506591418235
0.03977859610321691
0.039664207642012166
0.039551621376671564
0.03944052581335813
0.039330561384650756
0.0392213353468897
0.039112453283981094
0.039003521103324425
0.03889415433469145
0.03878399810083318
0.038672738884070114
0.03856011866752581
0.03844591219926945
0.03832999881585227
0.03821228929140004
0.038092804024498605
0.037971599257365284
0.0378488295214679
0.03772469708693569
0.037599469424688364
0.03747345143973542
0.03734699905933559
0.03722048775624299
0.037094310939914575
0.036968864224249096
0.03684451603997498
0.03672163347000974
0.03660053465746629
0.03648149743762387
0.036364745289164835
0.03625044905135859
0.036138718677214486
0.03602958976431511
0.035923026342755134
0.03581895370862981
0.035717234802862576
0.03561766835199911
0.03552002640082516
0.035424038048585405
0.0353294173441306
0.03523587226223423
0.035143097746470696
0.03503660780810737
0.034957171466918575
0.03486665682694885
0.03477436832074711
0.03468171770998025
0.034588611882146944
0.03449498300236801
0.03440084855158543
0.03430625698560465
0.034211296659594145
0.03411610630162503
0.034020859110162435
0.033925750259378724
0.03383098808131086
0.03373678336275151
0.033643364583020606
0.03355091816298149
0.0334596395026414
0.03336966521515562
0.0332811142013285
0.033194058150914474
0.033108522741176316
0.03302449117630451
0.03294190233599169
0.0328606421944078
0.03278055791069865
0.03270147361615732
0.032623178388793146
0.03254544345860314
0.032468032648066525
0.03239070639146121
0.03231322542804053
0.03223538498588535
0.032155664980053136
0.032077889359407
0.031997962410843794
0.03191713012651866
0.03183537725841011
0.03175270763919099
0.03166919116583954
0.03158493025010763
0.031500075697537995
0.031414793234834384
0.03132800827004845
0.031243800279792712
0.031158537114134258
0.0310737329155056
0.030989617962339105
0.0309063911848282
0.03082330090983365
0.030743310556882994
0.030663724886733076
0.03058555977828289
0.030508848239243668
0.03043358940309689
0.03035973906842453
0.030287220098519488
0.030215914040387783
0.030145682301670997
0.030076366136683522
0.030007057689493723
0.029939787156437737
0.02987216912889459
0.02980477684181698
0.029737462326262884
0.029670092882316184
0.029602577241555118
0.029534836233665172
0.02946684064688834
0.02939858504131843
0.02933009893240879
0.02926143294908447
0.029192678827042774
0.02912393557387856
0.029054637248660503
0.028986979725905103
0.028919027316239358
0.02885159130431196
0.0287847940943025
0.028718740951684984
0.02865350380196753
0.028589145591311742
0.028525691239440938
0.028463145197439383
0.028401479316476477
0.02834063949989385
0.028280546739150442
0.028221103054454234
0.02816219196932708
0.028103693587903877
0.028045467943058282
0.027987398889250274
0.0279293528576059
0.027871227723416617
0.02781292623764151
0.027754379880706097
0.027695535843945185
0.027636376061178098
0.027576899698929465
0.027517134598020087
0.027457132153650702
0.027396964202342316
0.027336715527833687
0.027276489491878945
0.027216385992305553
0.027156516889089866
0.027096984532126337
0.02703788169602871
0.02697929342128109
0.026921275443081424
0.026863885938017983
0.026807141984423605
0.02675104145264183
0.02669556764797079
0.026640650685407784
0.026586321549166802
0.026532422961122137
0.02647889343441712
0.02642564962524955
0.026372598087018397
0.026319663464339088
0.026266731855690346
0.026213766556769456
0.026160707185921842
0.026107509247681453
0.02605415854940492
0.026000652405299557
0.025947009587646085
0.025894206562114965
0.025839461666211695
0.025785666238290803
0.02573194844003645
0.025678384763913945
0.025625045475234552
0.02557199786246259
0.025519308426450976
0.025467028318252857
0.025415197916767725
0.025363842106782258
0.025313353505730357
0.025262571192394934
0.02521262578784067
0.025163098194713688
0.025113942544349042
0.025065093776277005
0.025016503352583472
0.024968099529156424
0.02491982702396429
0.02487162039264396
0.0248280270187384
0.024775237709528837
0.024726991612515486
0.024678687966327453
0.024630328040011452
0.024581924413312174
0.02453349671482257
0.024485086597829078
0.02443673378294935
0.02438848441409464
0.02434038972694813
0.024292500179264515
0.024245543537689658
0.024197504536154178
0.02415047226099342
0.024103775934374804
0.024057432399560617
0.024011436328890187
0.023965779194221583
0.02392043580493585
0.023875371689068312
0.023830562127471946
0.023785956794072888
0.023741519800275196
0.0236972053491695
0.023652976836948194
0.02360880581120202
0.02356466164579935
0.023520535674305586
0.023476413231628596
0.023432303465093264
0.023388211731677433
0.023344159193816622
0.023300171240267658
0.02325627529584902
0.023212509388160798
0.02316890196269893
0.02312548106645323
0.023082278465797197
0.023040379830228774
0.02299659947585263
0.022954146378960146
0.022911955478448987
0.022870015860247037
0.022828316306607296
0.022786835587179005
0.02274554583387403
0.022704426868043453
0.022663444515961948
0.02262257727521935
0.02258180038727138
0.022541090214176905
0.022500438978304987
0.022459829692163768
0.02241926834755474
0.022378754634579074
0.0223383001901656
0.022297917405956193
0.022257627498030723
0.022217447082488698
0.022177398056847885
0.022137505345567108
0.022097777785546814
0.02205823482036918
0.02201888529253394
0.02197973515208089
0.02194078504073156
0.021902026365119086
0.02186345141073327
0.021825045402255636
0.02178679367013164
0.02174867772446886
0.021710682082768665
0.02167278848596878
0.021634983533289135
0.021597254337736155
0.021559593972488945
0.021522000293616464
0.02148447544637273
0.021447024849948572
0.02140965318255967
0.021372374837444672
0.02133520373642491
0.02129814605847696
0.02126122193206157
0.021224441713917807
0.02118781127054495
0.021166606403691047
0.021115024797739558
0.021078869521538268
0.021042867729716433
0.021007014374184785
0.020971298505458386
0.020935711810796866
0.0209002378123106
0.020864870740946093
0.020829600419050638
0.020794415358605493
0.020759313091675963
0.0207242872367212
0.020689344273454886