0.16381122730389389
0.1657331447995299
0.16392273022533824
0.1654321738326242
0.17044131250355307
0.17161715067051847
0.17317911410411374
0.1751054843213438
0.17666301000039372
0.1778288540656493
0.1793619098432922
0.18128433993352588
0.18239886939743605
0.1839033979955988
0.18540021259470768
0.1868912530430393
0.18882201766688123
0.19031983555532805
0.19135991811234215
0.19286106835440678
0.19491330944723873
0.19151693615076812
0.19746955197659768
0.19906000027748666
0.19599783936178422
0.2023589561607353
0.20462985846020998
0.2058563248110259
0.2076939339811482
0.21018291736280395
0.21157302554592766
0.21362347473707344
0.2102332850591015
0.21859555367245456
0.22025885814730362
0.22263951121871844
0.2251064694502955
0.22163703857483022
0.23029969420881446
0.23372272560425233
0.23583298870738456
0.23952299163692364
0.2416932006002831
0.23816541243060615
0.24786214521648336
0.2518984044875303
0.2550872618024977
0.25074532217339174
0.2619228173541088
0.26451197167148033
0.26803783377316265
0.27162700784306765
0.27619048270520064
0.27991652052672256
0.2753489721786351
0.2874734771370837
0.2829817143523702
0.29454915549626454
0.29862411056076593
0.3027821292459444
0.307028113745979
0.3122564141097519
0.3078269954538795
0.3212520640447275
0.31688930989901953
0.32159160402367754
0.3264153663434775
0.33136550773455775
0.3364468131725362
0.3510539840878512
0.3555268006453618
0.36216175239578413
0.36679681023827826
0.37264908053688106
0.37864719401805336
0.38479091468485693
0.38217109034487273
0.39851860775021525
0.4040807064954428
0.41078796523137057
0.417627448936871
0.42459450775935226
0.43273140967240026
0.440063962130401
0.4367351400475648
0.4440805217672318
0.46222367322929825
0.45905287539684314
0.47754124628460826
0.4842126419873675
0.4920536014686385
0.4999599499718781
0.507926064719875
0.5159465545133604
0.5137380113532378
0.532131927754811
0.5402885563473719
0.548483453326381
0.5567134282309507
0.5649767018233526
0.573270650587581
0.5815944283527645
0.5911862546082787
0.5995776650033409
0.6067346550190513
0.6164427304806496
0.6236310210045197
0.632120048930958
0.6419443079197457
0.649179310281021
0.6577496207630391
0.6676904168823702
0.6763261466863186
0.6836206585830914
0.6922959773405887
0.7023872446576173
0.7111227294320621
0.7200378539458367
0.7286584169679717
0.7360155668002825
0.7462700607173776
0.7536357081473837
0.7624670846101174
0.772800354924074
0.7816669596804409
0.7907128450683933
0.7978981457659894
0.8084881521344289
0.8173883097688428
0.8261169783323984
0.8352051121297269
0.8441246270616116
0.8512652096055888
0.8601900423940257
0.8709477940670451
0.8799188534200357
0.8889108864763473
0.8979280689735305
0.9069753396956227
0.9160575390100701
0.9251810286594336
0.9343521461080994
0.943576699713661
0.9528616817541399
0.9602282394141638
0.9716395644836909
0.9791258226766915
0.9887021041490234
1.0004285292245374
1.0102148026882491
1.0180184620967219
1.0301159250002114
1.0402365516308874
1.0483300503045232
1.0608393281193627
1.0713292440823798
1.081949416488936
1.0926968389911058
1.1035739280133547
1.114580393719999
1.1257146510548985
1.1367434698662502
1.1483578784864532
1.1596290736430697
1.1691324962978173
1.1832200632851806
1.1950607646666693
1.207000785961243
1.2190417440552748
1.2287183149302876
1.2433821896377446
1.2556721526780033
1.2680331640977962
1.2804587396733178
1.2929432965661092
1.3054803731765647
1.3180641052330464
1.3304243351791984
1.3433492910262161
1.3560412772326877
1.3687591559617402
1.3812270411910446
1.394258459421529
1.4042887787523826
1.419816853106633
1.4323291694338658
1.4426025397729882
1.4553851945587364
1.4681694316468374
1.4838270088296612
1.4966310198405914
1.5065148678404001
1.5192880383252316
1.5350128652799229
1.547787786515222
1.5605539951143959
1.5733094500190659
1.58573791758516
1.5987614963060885
1.6114558496869889
1.6241202636130807
1.636760271877289
1.6493632824998126
1.661926876195941
1.6744462351697476
1.686913194053897
1.6993305110068488
1.7116837500195479
1.7236410545208654
1.7358502496924069
1.7483068285054006
1.760352096937039
1.7722992277591363
1.7841448714946204
1.7958782333796417
1.8075020771247423
1.819000836169284
1.8303707005210643
1.8416049447145602
1.8526942957243557
1.8636429049389833
1.8710136324495368
1.8850720666273157
1.8955456446486665
1.9058530471402153
1.915990710310958
1.9259558825901533
1.9357453620391256
1.945356367236631
1.9547886465052975
1.9640406541004287
1.973111042152151
1.9820003689105832
1.990707418817114
1.999234776322532
2.0075813482356697
2.015750609854674
2.0237426983297615
2.0315605202791107
2.0392069402172455
2.0466836833697704
2.053994973963598
2.061143275171852
2.0681328083454966
2.0749673328169465
2.0816516572045227
2.0881899965619333
2.0945871585905027
2.10084940878766
2.1069816430134325
2.1129901160639535
2.118881325061267
2.124662904632607
2.1303421659711406
2.1359263531779416
2.141424955254437
2.146846422267023
2.1522011901740403
2.157499019786702
2.162751576657393
2.167970344480015
2.1731678821455644
2.1783574735082705
2.1835531881808032
2.1887691655950117
2.1940213895791096
2.199326217180994
2.204699930820743
2.2101598915864704
2.2157241347126595
2.2214117501614288
2.227241736997406
2.2332335278198228
2.23940717341627
2.245783433106144
2.252382986286804
2.259225834931666
2.2663333907118703
2.2737265060110836
2.2814225815517784
2.2894519165666494
2.297825701725752
2.3065664604163207
2.315694264622021
2.325227791054571
2.3351848581757526
2.3455845161945295
2.356442703381888
2.367775950030789
2.3795983548422246
2.391926073334789
2.404770732601139
2.418145105873396
2.4320599935189846
2.4465258648350168
2.4615513144839274
2.4771440474514135
2.4933104873225496
2.51005349803671
2.527386351316603
2.5453028963163367
2.563808936174625
2.5829052817675118
2.6025919215066713
2.622867839046952
2.643731525416167
2.6649105410286
2.6872104504186853
2.7098176653730004
2.7329965160064464
2.7567411533858928
2.7810454244195975
2.8059014507603597
2.831302178693562
2.8572390046891645
2.8813002845707034
2.910686058194973
2.938176969318913
2.9661674356985275
2.992359692967535
3.021345124638954
3.050797358275852
3.0829062225008386
3.1132311799293975
3.143989593662722
3.175170254973341
3.2046728235503164
3.2366903322852036
3.271129762810773
3.3038836440154538
3.3350204796161074
3.370274828131214
3.4023565127056186
3.4382351974336354
3.4727004424197623
3.5074743239353214
3.5425469276562644
3.577908210629682
3.6135485684611233
3.6494592133125012
3.684081303955776
3.7205299248325154
3.7572254558578932
3.7956457037523044
3.831332553799801
3.8703344992232087
3.9063620354469086
3.9317896881888452
3.9700604016432464
4.020586062073118
4.047270358943763
4.086213188487828
4.136824022040136
4.1772929305468995
4.21671619247563
4.256385731486674
4.296444903448331
4.335331970133128
4.375824602202494
4.417731501765094
4.457700502438811
4.499114324864104
4.5315576809652836
4.5841169071948755
4.626469190535117
4.668371722390478
4.712628834540847
4.7554602242641675
4.80058082747987
4.845387572419745
4.890529312374087
4.936407823182318
4.982692254800179
5.02259003876717
5.076618064836001
5.119221925238273
5.173977823005512
5.218698363093265
5.269579373847893
5.321262298685069
5.356104220246278
5.427153498303471
5.481419841553117
5.539612979037528
5.582513694584153
5.641625753485326
5.696678926342048
5.759041530486225
5.8235966576555365
5.889344339249118
5.956305894703378
6.024500421233077
6.092679867720862
6.1444433733553065
6.211284656510723
6.2758855447112625
6.348471049527794
6.414215416857692
6.490388935527503
6.556510631873514
6.629717046188785
6.705006650896014
6.779672683123028
6.856524888283039
6.934329369005953
7.014655379516606
7.093630733075494
7.175137439997994
7.25747814122224
7.341068739261018
7.425744206016017
7.511482233567436
7.598257971493078
7.686044078118813
7.774809846998087
7.864524177619366
7.955151655999828
8.046654247975827
8.13899220602028
8.23212289205253
8.326001098081505
8.420578342169248
8.515805163698355
8.611626416563155
8.70798887423464
8.8048313160541
8.902095436810708
9.003174187260763
9.097625914512893
9.195760573840408
9.294047561246785
9.392408835612176
9.490776544678631
9.589071031131468
9.687209421516103
9.785108715097168
9.882692745428812
9.979870565704378
10.076554275355878
10.172660238397116
10.268092073362968
10.362763940553798
10.456583699130611
10.549455340676372
10.646298380437267
10.731984746514401
10.821454523835131
10.909604593099662
10.996335996041797
11.081558660487293
11.165179578726336
11.247102917852708
11.327239391747606
11.405499434474844
11.481792188497646
11.556033321058694
11.628139768288957
11.698023001310457
11.765605864826165
11.83080976992436
11.893557789654999
11.95377957551832
12.01140551323244
12.06636848422682
12.118605480464039
12.168060091144708
12.214674400441174
12.258396513022683
12.299182419247357
12.3369859907796
12.371768638627247
12.403497801830266
12.432142816020106
12.457674982929522
12.480077703212869
12.499332612027022
12.515427197699577
12.528354323439165
12.538115407327801
12.544706952142615
12.548146486113962
12.548434199918105
12.545594142059503
12.539644512292707
12.530614272740376
12.51853396568126
12.507378063661587
12.485361939923475
12.4643575764658
12.440463002413296
12.413743700875742
12.38424260353249
12.352028117705101
12.31745349022482
12.279716887955317
12.240005825444676
12.197351930226988
12.1525904367785
12.105547641004001
12.056311061111268
12.004962413034892
11.95158986458047
11.897541407132106
11.840212802437279
11.78113485194376
11.719721828208753
11.66212329442207
11.596876167508245
11.538860617233956
11.457835322643838
11.393457196163762
11.326989629131871
11.258148627539871
11.188015696766062
11.11713807214029
11.045618184364356
10.973553580300246
10.901048708904344
10.82819619730072
10.755091911203264
10.681834105990053
10.608516877561259
10.535229639836537
10.462062547713808
10.389103831981755
10.316435798213885
10.244140261878178
10.172303090958994
10.100991666175103
10.03028640834082
9.960255682442442
9.890966344598525
9.822483799385731
9.754865246058353
9.688171473243273
9.622456881698994
9.557767525099994
9.49415607438655
9.431657012661722
9.370317805472602
9.3101674318817
9.251239970523827
9.193565235491445
9.137166983331175
9.082065809711173
9.028282209908385
8.975829065187709
8.92471332999418
8.874946737268932
8.826530226838502
8.779467571068137
8.733757340095543
8.689394526804145
8.646371633667487
8.604678261342876
8.56430219870519
8.525227014561386
8.487440931800393
8.45092067563833
8.415645418188914
8.381596263095654
8.348747697260208
8.317071567864769
8.286547655915946
8.257143772507678
8.22883423766983
8.201588641771991
8.175379066945649
8.150176663384935
8.125949949585891
8.102670584623837
8.08030993346256
8.058835388355838
8.03822203934467
8.018439826146087
7.999463021845475
7.981263597045995
7.963816564420277
7.947099371154632
7.931087772559805
7.915760631851317
7.901095967777974
7.887078205305391
7.873686888161707
7.8609046939353115
7.8487280563892785
7.8371345158325605
7.826115104803202
7.815287131564851
7.805773103427253
7.7964360624487945
7.7876511736290395
7.779060052103222
7.7717286024072525
7.7642488332395905
7.758012591924716
7.751658157502814
7.743291689995492
7.738464020654115
7.737039495208773
7.733340279097925
7.72752020633813
7.728072105982844
7.723295707929527
7.725020592907101
7.721659286911999
7.7243411650268845
7.7251820112281315
7.724342882289646
7.729285208352719
7.7320568865055375
7.73611231002021
7.740447319954019
7.745839543119892
7.749952255901819
7.759104899960489
7.767013598561081
7.77601115915899
7.785463402559837
7.7960359118851965
7.8077246912459675
7.8199452220822545
7.833307141962623
7.845995146770068
7.862899291054234
7.877632708585927
7.894915646481388
7.913181183278421
7.932434053581495
7.952676125576335
7.973907547032472
7.996127118341025
8.0193326937874
8.043518366991455
8.068678584997826
8.094805230781757
8.121888073568234
8.150783793815762
8.178876516997745
8.208752734639338
8.239529996879883
8.271189946797463
8.29968669163237
8.333636644763862
8.368405016464267
8.403969033264579
8.44030204296329
8.477376434926917
8.512822640651775
8.554130523317637
8.595579080640332
8.631172704033768
8.670886202834604
8.711453835135076
8.751984170375906
8.793302401443501
8.835585887249303
8.87732712915491
8.919964976329211
8.96304338092697
9.006325188360618
9.049984965561476
9.094005836998937
9.13809911469985
9.182589267805119
9.227066171897174
9.272860440102862
9.317757737201699
9.362744670444235
9.407796438344871
9.45288478006161
9.49797862817605
9.5417260282378
9.588099338572512
9.631666851766749
9.676521867420691
9.722738638943692
9.767387762329726
9.811887901518665
9.85482585208747
9.900366131799275
9.94431159467727
9.98803634576829
10.031530996747641
10.07477959240178
10.116105716244075
10.160485739576067
10.202920034026167
10.245062806397264
10.28689977921258
10.328427557874182
10.369633867608067
10.408972174293437
10.451054153903339
10.491255083549147
10.531106937996487
10.570602598989387
10.608035198473521
10.648516556845557
10.686923244410393
10.724956108784323
10.762612030268373
10.79820682670225
10.835103444568793
10.871610195078194
10.909374597660044
10.945081944587267
10.978934206168939
11.015298940698656
11.049800919092863
11.083890342741991
11.11615778068461
11.150831688550797
11.182137640006067
11.216098790811838
11.248095663781015
11.279665940207336
11.309331461230487
11.341512570910249
11.371782709105734
11.400191280854209
11.431005939481553
11.459957940702546
11.487090118146108
11.516517404741506
11.544131528103765
11.571288668345133
11.597998299469067
11.624256211937551
11.65006215124251
11.675414246692599
11.700316386988002
11.724763010029982
11.748761086106418
11.77230895780336
11.795403874489322
11.81805463213726
11.840259453086114
11.862018794927218
11.883339682582037
11.903201007821528
11.92466972245733
11.944684585155011
11.963324227142104
11.983441227317673
12.001284869247014
12.020520132775726
12.037592040513163
12.055136346423051
12.073089702176702
12.089044465625848
12.105416386751784
12.122135556226784
12.137030565678076
12.15228781016797
12.173030984564203
12.187340899697023
12.201309911224829
12.209821520296313
12.22825357810018
12.241243459972173
12.253928900073994
12.262176377338909
12.27457100330658
12.290241113943196
12.298790492916854
12.309973459217865
12.324174731282865
12.332380230325459
12.355144105749682
12.353921305235064
12.364403518998609
12.382794862644227
12.397021538188337
12.404829920143994
12.404714010388291
12.419845561069957
12.42726469699635
12.434566659553049
12.441804316476697
12.449007112218004
12.456231661187807
12.466944374449772
12.479680384568907
12.488856853600238
12.499513748063455
12.507343953695036
12.518799190348386
12.528487006256825
12.538001190744447
12.54822192051212
12.558310653802069
12.56857006477488
12.579028798972674
12.589292615862371
12.600601169421907
12.611757441069438
12.622711614298435
12.63491009168038
12.646948000218485
12.65931593717211
12.672038351843138
12.685132731909041
12.698615743753049
12.712506886594342
12.726823872291025
12.741585230790328
12.756807577074024
12.772508946890625
12.788703637342318
12.805409297664431
12.822638095714394
12.84040544440535
12.858726315068788
12.877609209515244
12.897070794730526
12.91711763587435
12.937763405479204
12.95825422666007
12.980885029073553
13.003377546674715
13.026499174445485
13.050253606622848
13.074648381551231
13.09968898991133
13.125377991458256
13.151712407482472
13.178702289224075
13.206342267348905
13.234629416548158
13.263565443200974
13.293155207556982
13.323385832972063
13.354258000329446
13.379756711468357
13.412038484331745
13.450667253655913
13.48404926707736
13.518045360282493
13.552639876434856
13.587828532886165
13.62360390412774
13.659953144316683
13.696865191416698
13.73433008627711
13.772333316005609
13.810864013261554
13.833091263226489
13.889449758227453
13.929474435095667
13.95725193544576
14.00865758398801
14.052295467910213
14.0924328116834
14.125022789236022
14.170211215326736
14.21533199631009
14.261530167424883
14.308096810401056
14.35500553638293
14.401830977412304
14.449122433536736
14.492373048745488
14.53082389187488
14.57787418490957
14.623471187802556
14.66921087546097
14.715063899285063
14.76100930974635
14.807019421987032
14.849379777349885
14.899125726992963
14.945164898580705
14.991166340274633
15.032112803275682
15.077618839218795
15.128609693777198
15.16821036072087
15.213244231751062
15.264628358023066
15.302631908438324
15.346933434461512
15.39092630152808
15.434589501036587
15.477887116380046
15.520795054758146
15.563277276093658
15.604301557363543
15.646860814149985
15.687901287633055
15.728397472781056
15.76720287623745
15.807667224190578
15.845189469248936
15.884436840802556
15.920573920073698
15.957221802022579
15.993138863131227
16.028154242789913
16.062528173710092
16.096102080599895
16.12885014789426
16.16074805324786
16.191774183371678
16.222067972822483
16.251132734386296
16.279431842737207
16.306780917922534
16.333167641998994
16.35857919045021
16.38299921098979
16.406416293000518
16.42881450296509
16.45019254709172
16.47053012095789
16.489827988869994
16.50807908305628
16.525272810003663
16.541410129453933
16.556485308807808
16.570503408621942
16.583453470255247
16.595347103313237
16.606179316180036
16.61595864788249
16.62468681215078
16.63237349906299
16.639021854042277
16.644641189302934
16.649244496340575
16.65283813935809
16.655430080484656
16.657040988189625
16.65767503016911
16.657357187915014
16.656091778373558
16.65390066075773
16.650797856296915
16.646803570958387
16.641931912083898
16.63620307518413
16.629639424250538
16.622255093897103
16.61407573459213
16.605229811396445
16.596445006257
16.584969828147496
16.57381848770167
16.561977513949696
16.549471963819386
16.53632894514268
16.52256070074739
16.508202544237918
16.49326714791042
16.477789332283823
16.46178439080668
16.445829655082548
16.428292721413357
16.41131548166112
16.39339791371078
16.37797440107564
16.358887069371605
16.339440468085165
16.334178389977815
16.31094294163324
16.288083181909805
16.264081060794197
16.239752480417135
16.215202649981553
16.19049709463024
16.166202088609264
16.14616780238326
16.12265233903201
16.09901936053815
16.086050364501755
16.063920718041647
16.041735244449015
16.019506801081576
15.99725304254276
15.974998457507937
15.95275663667781
15.930543803626028
15.913690326064268
15.886282292181814
15.870284336358873
15.842340700005249
15.828006158485373
15.805913845169192
15.784715723426583
15.76366748097763
15.74278830586122
15.72303114250467
15.701569781081501
15.682289273649124
15.661171684709204
15.641307107885416
15.622938250687087
15.602299062615545
15.583173505737358
15.564316965449697
15.547148998773618
15.527434929353637
15.509426130928935
15.491714848333292
15.474304204206335
15.457208208963609
15.44042508268812
15.423963592167238
15.407828734965003
15.392019751232892
15.378143532557662
15.363033914504946
15.348263464967
15.33402169670684
15.31974535314722
15.306000033271118
15.292598208053292
15.279541653959065
15.266834098848435
15.254673777376478
15.24244345215276
15.230978132844692
15.219636750711416
15.208637710707485
15.197751010815812
15.187417546362653
15.177409172984543
15.167955682615057
15.158602167100193
15.14932815331093
15.140602142286715
15.132420858772901
15.124305273704243
15.116496506511849
15.108974788058271
15.101747014241619
15.094805297655604
15.088138197000152
15.081748235023506
15.075620911182577
15.069756864590952
15.064145282529987
15.05878314267144
15.053663528782813
15.048782470055752
15.044128924491568
15.0397015332916
15.035491404733776
15.03149151718511
15.027703517520145
15.024112056435753
15.020719895726662
15.017516369625346
15.014495581487925
15.01165427788963
15.008990344858304
15.006495760434442
15.004163711576497
15.001984140529306
14.999967532852734
14.998097467861362
14.996372652099907
14.994787586870693
14.99333509876258
14.99201940044639
14.990833959868082
14.989770473467958
14.988831498606453
14.988011355610503
14.987308267466759
14.986719339936696
14.986238188713674
14.985864316275842
14.985597518153412
14.98542777641964
14.985364027640387
14.98539007463396
14.985225732571129
14.985739388357342
14.985755927631564
14.986453156974326
14.98664676937689
14.987222491618477
14.98788787515013
14.988932246253711
14.989766473092294
14.990677574444726
14.991672275131794
14.992745388138056
14.99389997044637
14.995131018323958
14.996441526066384
14.997825953136463
14.998992361013697
15.000829124672574
15.002148759787465
15.003836578153166
15.005606067055588
15.007445461408118
15.009659143990545
15.011355690252083
15.013425021264712
15.015569526802771
15.017789854531342
15.020090613467818
15.022760703722048
15.0252205238468
15.027477299352503
15.030385038089854
15.033096061205804
15.035602682001775
15.038487995913968
15.04146315570104
15.044815545723987
15.047694778204614
15.051242165497952
15.054605319225832
15.057792409367314
15.061653458827685
15.065065610548542
15.069157799107582
15.073090617956575
15.07686937768287
15.081342414444352
15.085387224176888
15.090142373251865
15.094760710948599
15.09925516140221
15.104192182845063
15.109573312931039
15.1145735423347
15.120033782264441
15.125682120427104
15.131808436596458
15.137856627747098
15.144120865314774
15.150603965385528
15.15731648683026
15.164267394895129
15.171463037324711
15.178919618344166
15.186636373098153
15.194356636826605
15.202632262038385
15.211205165483488
15.220079442332958
15.22682264061849
15.239053033454173
15.248620827981103
15.258807615771733
15.269619687023042
15.280251003954126
15.291528230478031
15.303188580399372
15.315516212924944
15.327705244862956
15.34057907623142
15.354148242129506
15.367881852500384
15.381795464986697
15.396436953797492
15.411802809960948
15.427120475143568
15.443190736286246
15.459757709350495
15.476835732828437
15.49443196079478
15.512555067698395
15.531216674019522
15.550689049119958
15.567919208541298
15.590547940886495
15.611472243578524
15.630740514053704
15.652875742244328
15.675618531768038
15.698988471998764
15.722991960847544
15.74982188879802
15.772946744791135
15.798918958478735
15.825568851818867
15.852907064895764
15.880946189082985
15.909695307850509
15.941457976050458
15.971413072994352
16.000321827922054
16.03202266301765
16.064493324124026
16.097743204819043
16.131778097829724
16.166615703640147
16.202266273270457
16.238735176487292
16.276041109933594
16.314187668167943
16.353192848561413
16.39305820523454
16.433804148891866
16.475430971136632
16.517953770426654
16.561381268256714
16.605721129039097
16.650978811836616
16.697172189528683
16.74595495957256
16.792368838682368
16.84138914909526
16.891364433246256
16.94230303481728
16.994199827265913
17.047069952605273
17.100906678157166
17.155712965300822
17.212576486615106
17.268244401073073
17.325961584346437
17.385565591999622
17.444290586296596
17.504894552439495
17.55984209357797
17.629621641158455
17.69298361509452
17.756717056600735
17.821976308330584
17.884461832653596
17.952124815334088
18.02333220271746
18.08223712652008
18.155487451411087
18.227852114921106
18.305934836600873
18.384889085147005
18.449193162492307
18.534274606445404
18.59485224276646
18.673443187308276
18.744807380668917
18.81999271245158
18.897083747344137
18.97400020965482
19.051389699562897
19.129213733224297
19.207430334726638
19.285999803197665
19.3635209234599
19.444023737298853
19.521995254187438
19.60145409129011
19.681048770283855
19.7607291816449
19.840254654702502
19.920161982788144
19.99960526767804
20.079152557568225
20.158551801951297
20.23775126583134
20.31670286113433
20.395362144130143
20.473680806614386
20.55160822556248
20.62909691462528
20.7061058000228
20.782582961042216
20.858491317559817
20.933773865999104
21.00840061240274
21.082315975207894
21.155488654354347
21.227876587223385
21.299437031946397
21.370133603659767
21.43993113642877
21.508794557195532
21.576687366005295
21.643579556626833
21.709443949557805
21.774250401872365
21.837968530229006
21.900574932416543
21.96205016321431
22.022367412776333
22.081506193445687
22.139455885858244
22.19619590264088
22.25170677543948
22.30598266589629
22.35901029805841
22.410784031921597
22.461294523342684
22.510532660519168
22.558500947329552
22.60519368396429
22.650612814898025
22.69475780891748
22.737627917321095
22.77924034102442
22.8195879495149
22.85868295334505
22.89653376992902
22.9331502137838
22.968543667103408
23.002728014830797
23.03571517173793
23.06752024070156
23.09816047606452
23.12764813404032
23.15600599806126
23.183247493927798
23.2093976286758
23.23484192474922
23.258493476617616
23.28148582623363
23.303463521640406
23.32445411677823
23.344481216670534
23.363569014543284
23.381737725571366
23.39901349320528
23.415420877281136
23.430986003997823
23.445735589005558
23.459689651450184
23.472879261990872
23.485330863420877
23.49707151575543
23.50812074361499
23.518518039249447
23.528280644851954
23.537441460404413
23.54602327186922
23.554059323583978
23.56157716006487
23.568604152064626
23.57516925348436
23.5813056473697
23.587127086841143
23.592396454718855
23.597413187435304
23.602602237453947
23.609693924857254
23.610927811168562
23.620786617729053
23.613403512508707
23.613059238763785
23.622508448708036
23.62467652640432
23.626793002134466
23.634865684177445
23.638061676949068
23.641302835518005
23.644625204693188
23.648055722027756
23.65163683315962
23.655395535834042
23.660871032895983
23.66360364382172
23.668116670886786
23.67295096534956
23.680065824387626
23.683712812637737
23.692080702283963
23.698638825957595
23.70568086512748
23.713242580268073
23.721069920988096
23.729745100851044
23.739031420340634
23.748956872102543
23.759551243768996
23.770837742782707
23.783182838277952
23.79560064926786
23.809126999165862
23.82379843519778
23.83894104422423
23.854905895980863
23.871353572797375
23.889418309296268
23.907991987494704
23.927454539596916
23.94743072408335
23.96871457218849
23.99091832826515
24.01405364628225
24.038117921513702
24.063111539234498
24.08904316631065
24.11631818731495
24.144100869609566
24.172792680254908
24.20197868277208
24.232479184761633
24.264287084805513
24.296109331770385
24.32963931918056
24.36357182939921
24.398313300562712
24.43384356864506
24.47013552559596
24.50716453321202
24.544906515235624
24.583325460620348
24.622395631248114
24.662082512841746
24.702355103460683
24.743192002188785
24.78454139396861
24.826366902088562
24.868644629223418
24.911338662042176
24.954398173610105
24.997804746134424
25.041500539490986
25.08546717630593
25.12966413363646
25.174050396946313
25.218587900040554
25.263248846089308
25.307993160517686
25.352789597774077
25.39760079718706
25.4424024138959
25.48715931265949
25.531842245761844
25.57642803346211
25.62087945061052
25.665184262640594
25.70930965247042
25.75323732735049
25.79695102931374
25.840429873917873
25.88365527229066
25.926610944624716
25.96928656277126
26.011667247913156
26.053757686588632
26.095534603281077
26.13699933574253
26.17814355024037
26.21897251080939
26.259477578927616
26.299669733808706
26.339546623610385
26.379114103334974
26.418368639562665
26.45732873706466
26.495996295900003
26.53438621628222
26.572505736140823
26.610365177769086
26.647977739208073
26.68535520803153
26.722513665029364
26.759466946645674
26.79622613152873
26.832806617422317
26.86923321889454
26.905506326294965
26.941649123646286
26.977675943691796
27.013597422288314
27.049430594520086
27.08519005680368
27.12088816517777
27.15652847387042
27.192135231926112
27.227719222751855
27.263281830447873
27.298832067875374
27.334385828699098
27.369944484327544
27.40551440149432
27.441103853810212
27.47671052731221
27.512338666222167
27.54799255411334
27.583668996843905
27.61936869057646
27.65508616509321
27.6908229396425
27.726569505826294
27.762323969802907
27.798078496274876
27.83382251375041
27.86955156071522
27.90524975277313
27.94091585268118
27.976531327991015
28.012086340196436
28.04757258717137
28.082971573372948
28.118270743816918
28.153460013888218
28.18852145358371
28.223438437880528
28.258205867127206
28.29279798098006
28.327207976120626
28.361423877269175
28.395420030853188
28.42919323626557
28.462726544988765
28.496007801670903
28.529023080010987
28.561760549947714
28.594209979995636
28.626360845876814
28.65820277865363
28.689728955709807
28.720927055048545
28.751791612580668
28.782316409933035
28.81249710022115
28.842324706829867
28.871802001953995
28.90092172593085
28.929683256371813
28.958086489768764
28.986131310480904
29.013818997714008
29.041151690949334
29.068131254994473
29.09476625444687
29.121056925280335
29.147011957316305
29.172633274044493
29.197934966303443
29.22292118860393
29.247601963324644
29.271987706194622
29.29608692024798
29.319909815760333
29.343465879642977
29.36677454808962
29.38984039682547
29.412678998405468
29.435305407810546
29.4577258253994
29.479957130169314
29.502019058623475
29.523913660043288
29.545663787740978
29.567281367372306
29.58859626601583
29.610169337583148
29.631464561890123
29.65251665120559
29.672220393133202
29.694779346534098
29.71584558735839
29.73688445676684
29.75791222378352
29.77767213309776
29.79874336857611
29.819841688026024
29.840971019983492
29.862143605916792
29.873910042327868
29.90568565746136
29.926033827450883
29.94748353733581
29.969923306175417
29.990671854796066
30.0124276163197
30.03429893497732
30.05629129430984
30.078416282099987
30.10067388870907
30.11797465241002
30.140958361530846
30.164098804815207
30.187397418745615
30.210863011426508
30.234493963958556
30.247634337691693
30.273783898573896
30.300142765610488
30.323351069578468
30.35174794813099
30.381070545130914
30.410646196969903
30.440373989421236
30.452991675346485
30.477734825194037
30.502609463851893
30.527582280121322
30.552730737262237
30.57800811551806
30.60406091061058
30.629659336124764
30.655362298806107
30.681166558361433
30.707060737770355
30.733031731546685
30.75906866033718
30.78516254225313
30.81129404825635
30.83746046623661
30.862327186256614
30.889801248751038
30.915951767151466
30.94206925661085
30.966334777555502
30.9941239968189
31.020023046872243
31.0458133306759
31.069324944282315
31.094749295225842
31.12233104693904
31.14748248912944
31.169909616923583
31.197125983545416
31.221575805410275
31.2429686201733
31.26961799353608
31.293165987558474
31.3133265898575
31.33920832466188
31.36165877774909
31.383696771065864
31.405308943402794
31.426466924304787
31.447153103748654
31.464078556581505
31.48703351529322
31.506192188398607
31.520919682713334
31.53889303119672
31.560313393149897
31.57718675127301
31.593451978100465
31.60485751086152
31.61980208610387
31.638484800142034
31.65220396889192
31.661221857093775
31.67765808047972
31.68938285377291
31.70043110976348
31.710802151674276
31.715731624989544
31.729513107181603
31.737853037290815
31.745522677221118
31.752520704164137
31.7588573589896
31.759536824697616
31.769574943433497
31.768914978524155
31.773180417780633
31.780905014132255
31.783466206829292
31.78082558305503
31.782222330698215
31.783064732676955
31.78337549793149
31.783172727556032
31.782469456267897
31.781291819078177
31.779654790105635
31.78222168396931
31.77972558441084
31.776828205420177
31.773555620892587
31.769929495102552
31.765970000609787
31.761694676422522
31.757127774719812
31.752288863048776
31.74719684503849
31.741874700364907
31.736338130915765
31.730604574686936
31.719812141500956
31.718628646592627
31.71241729586426
31.701290557664894
31.699616120580856
31.688823459758666
31.68641236621678
31.67968364383182
31.672890212733524
31.666032996714005
31.659120553811764
31.652165282164262
31.645168696643644
31.63813141176081
31.63106022440233
31.623951369527976
31.616810644208165
31.60963588314295
31.60242131420132
31.595165496085464
31.58786877780649
31.58051641352863
31.56951358666866
31.565637535313353
31.558093461622263
31.550467486764337
31.54275049519906
31.534934501396044
31.52325488454311
31.51895274900731
31.5107637441984
31.502432797688034
31.493942619290912
31.485275839398387
31.476427718868017
31.464255714175355
31.458132776062552
31.448662191270937
31.465941972985807
31.429010826012586
31.415840153510338
31.40540465384906
31.397601599581407
31.412171405607573
31.375260596435815
31.36364770553949
31.351727081854854
31.339495324986355
31.326949238116075
31.314081818678186
31.300898796954804
31.287386492945835
31.273553695859334
31.259399406486995
31.24237561442163
31.23014648304679
31.237287062987054
31.221641101419287
31.18124253832513
31.167986631251967
31.172989124775402
31.156232687121282
31.11845833421674
31.101459260228577
31.1045479659845
31.066821470525323
31.04673511893009
31.031446109164722
31.013532236585352
31.014699602533657
30.996356960011898
30.957024442942597
30.940862970108615
30.922562960710014
30.90425359160112
30.904067365630826
30.885677157226148
30.84956388538396
30.83149845825327
30.813561903696943
30.79577309844224
30.77816846850192
30.758608283487575
30.74144847272168
30.72669550921003
30.71006886441109
30.6937502322931
30.677761219585214
30.66212355594568
30.646856025828928
30.63198209472105
30.617517959767124
30.603478042631195
30.589881001137428
30.57469851247304
30.56405856326488
30.551852734051966
30.540121674794488
30.528879095741953
30.518117592146666
30.50783904367574
30.498036280813718
30.488706512883223
30.479838948786284
30.47141791317525
30.463427781500158
30.455846268995277
30.448653655327295
30.441821663827163
30.43250362354741
30.429123909068206
30.423182517340468
30.414378489919937
30.41191081568548
30.406490314269192
30.401141265214278
30.395813521197493
30.386860798399024
30.381280544178793
30.37510277934156
30.36953568785275
30.363228150599696
30.356532961064914
30.348886034998852
30.38542478754582
30.333306931962657
30.323709893445837
30.31381836404358
30.303012844210475
30.291213446263185
30.27831970717845
30.26423453145313
30.248863719671167
30.23208916229452
30.213828750897008
30.19397202864333
30.172420075797138
30.149064207191522
30.123807796746195
30.09654875224325
30.067183554523087
30.03560960859162
30.001738448694184
29.965465410549804
29.92669337839158
29.88533573913913
29.8413011273326
29.794498495376896
29.74485065766103
29.69227412136545
29.636691884714402
29.578032237018025
29.516233680851627
29.45122529069548
29.38295480633756
29.311364780335865
29.23641429638551
29.158054014662007
29.076252683527027
28.990980721473026
28.90221665543782
28.80994138750741
28.71414855019755
28.61482580764548
28.511983081463967
28.405633463605938
28.29578604780113
28.182462422841727
28.065703422048937
27.9455418958364
27.822016105042223
27.69518720230129
27.5651042818804
27.43183956863397
27.295455187082453
27.156033480386565
27.013656697441558
26.868417096679813
26.720404124315237
26.569719032932262
26.416474979148894
26.260774869306516
26.10273606950888
25.942480098180305
25.78013069811902
25.61581519341709
25.44966432972022
25.28181571082087
25.11240688966304
24.941574109901666
24.769465160533592
24.596219768837834
24.421982393648783
24.246907748220618
24.07113168176668
23.894809491291745
23.718085455625886
23.547740332239165
23.364024785422686
23.186978338263422
23.010114081105964
22.833572522603607
22.6574946976425
22.48202282526817
22.312576405487544
22.133416161135578
21.960546401666377
21.788800912488636
21.618303422829456
21.449172716703487
21.285600738985135
21.11545355370811
20.951084023572303
20.788513421512587
20.62783339768048
20.469143212852355
20.33831824436758
20.15806070822081
20.00607800728054
19.87635418519877
19.71042623453721
19.565117211761724
19.420606816848654
19.282037292208315
19.143051448654216
19.018455072561498
18.87604010969132
18.747364783039583
18.62533391412323
18.530942754807395
18.396460381923678
18.26477687740297
18.136189620609958
18.02791219020962
17.901639221410843
17.806500310490648
17.700943285353176
17.598247478670594
17.498398467322982
17.401386815347973
17.316881304714514
17.22650520291868
17.127214152879837
17.05399015186287
16.971800648465635
16.892292816494347
16.800188971924204
16.741189457882985
16.669529070617205
16.60042049180328
16.53382706166639
16.469712250545292
16.408032026237578
16.34875617447003
16.291835049181202
16.23962487080588
16.187344689279183
16.13478071221403
16.086858940373173
16.043677211142874
16.000023840619377
15.955718576088685
15.918791934988414
15.878350592093234
15.84254202412977
15.811408165354088
15.779271725493869
15.749206747484463
15.720194252902232
15.693151696049666
15.668033570173234
15.643806265167632
15.621400000953841
15.600438255245882
15.577901525039419
15.559669801459803
15.545702812964572
15.530004052703887
15.515493214349144
15.502122388834206
15.49017266754467
15.475635347123646
15.468337257078437
15.459020765239982
15.450597835011308
15.443347680852325
15.436240235167073
15.430207701132485
15.424889583795776
15.417354154261476
15.416193916102761
15.413054812454495
15.409820884811518
15.40772090861458
15.405768931441289
15.404242026229172
15.40311524550617
15.402344573356707
15.401912025358609
15.4017839305862
15.401934765886173
15.402344344646805
15.39997947402419
15.403840942162557
15.40489649435243
15.406128649840806
15.40753806208495
15.406162541828257
15.41082018391888
15.412685340385812
15.41469644703505
15.416851358069355
15.418856861679362
15.421303974598118
15.42420427990209
15.426970586619689
15.429915333129578
15.433041356883232
15.436374561080044
15.439642233671073
15.443713703556783
15.447755851542603
15.452077151650354
15.456694389434526
15.461631874844946
15.466915353715788
15.472571260914163
15.478620285053053
15.485098034715017
15.49201668431548
15.499415737007531
15.507309843673404
15.512981791500946
15.524697569964234
15.531516509175283
15.544380293909875
15.55513971683664
15.566542695173156
15.578329915825378
15.591061913487032
15.60475551138675
15.618617755518404
15.633727153749007
15.649295405262812
15.665338758286666
15.68263277387952
15.700402924446992
15.718908767146228
15.737897075662797
15.75786423196684
15.778780060801985
15.79991591906982
15.822208787170002
15.844702741039846
15.86829936681875
15.892063906690279
15.916644598469295
15.942000238846942
15.967666713657918
15.991790645479883
16.02024010516361
16.045523585485604
16.0729711924899
16.100749880018412
16.128812540023755
16.15886787816587
16.18559324739947
16.21421415560308
16.242918798364755
16.271658242692876
16.300377912950644
16.329031242156255
16.35897240508482
16.38590179688603
16.414022238714573
16.441863845529873
16.469371820164962
16.497686024370868
16.524345572571864
16.549440855500734
16.575156280795714
16.60031439199179
16.624873705396947
16.648798724900495
16.67294296759489
16.694612070591205
16.716444624247806
16.737520618820398
16.75849824614714
16.77733409918074
16.796729131092242
16.813926577960242
16.830990512812186
16.847782312365442
16.86264012322476
16.87723062049822
16.891009254430998
16.903987295088882
16.916651232466
16.92761169993788
16.938303736139567
16.948279528649568
16.95757541718479
16.96622410877163
16.974259463767453
16.98172729198308
16.98866306315674
16.995577623246785
17.001144250414377
17.006787176871363
17.012553498841957
17.01754174007487
17.02194691485671
17.02659504619388
17.03155289280618
17.035640479273088
17.040152686095123
17.045195921262064
17.049452492365482
17.05476793798349
17.0595144551174
17.06541937694092
17.070793441423472
17.077031543077865
17.08416408082489
17.090966378926304
17.098761167233505
17.10717219694721
17.11660602234443
17.12600278142206
17.136824372444952
17.147764909605296
17.160094255172655
17.17295104963982
17.186445419064512
17.201041004391843
17.21650844981825
17.23292413641151
17.249455144169335
17.27215677381548
17.29211684445332
17.31490981315723
17.33876330163092
17.349163318747273
17.375105288677844
17.398975405540185
17.423633211587667
17.449043530288836
17.4751626700787
17.494943139587704
17.529323092965384
17.54847556880589
17.574724917703346
17.602444778173552
17.630621736965068
17.658890639824204
17.702794748095368
17.715801670491654
17.74609884959601
17.77460031831871
17.80291284229738
17.830929873635846
17.858559253661074
17.885702793617767
17.912257892535248
17.938115393487898
17.9631735168154
17.987323062958758
18.01045648722955
18.032462006545277
18.053233525566117
18.072657912058848
18.09062507580064
18.107020971817857
18.121743017665793
18.130130513993567
18.145723284371474
18.154770343717548
18.161708027585526
18.166438827054854
18.163420818549973
18.16326039413166
18.160600631768965
18.161316669776884
18.153551382716625
18.13670232403358
18.12963414318414
18.11331815606699
18.08717146366805
18.064612170749587
18.038910858787876
18.010010577972047
17.97785649012714
17.942391995367775
17.903578938885765
17.861367146349025
17.815726795803233
17.765718214312855
17.71404100134754
17.657952540956437
17.59739646305791
17.535214649032355
17.46855358630745
17.398369907130295
17.333593923530927
17.247474947658112
17.165786675203098
17.082669810853325
16.994084051120634
16.903146391586578
16.808870570323897
16.712358020670344
16.611560908226487
16.50758179119909
16.399422385388952
16.28928143866924
16.176164001262507
16.06015523846772
15.941332515989986
15.819781585069753
15.695590556963191
15.568859745692302
15.43967965905847
15.308150820134708
15.174379799947777
15.03847354113875
14.90053517154669
14.760678546912187
14.619016520854565
14.475661697017836
14.330732785290811
14.184352756455878
14.036611768116353
13.887659063270851
13.737600187794278
13.586557164874197
13.43465200933615
13.281994836967398
13.12870832391676
12.974913262525433
12.820715928413863
12.666242762688544
12.511596933715087
12.356906711749781
12.202245672001284
12.047764115910777
11.893530914562007
11.739672827852024
11.58628362446575
11.433453280843995
11.28129341696062
11.12986292322075
10.979287999622134
10.829617727531778
10.680958139602815
10.533376846724924
10.386951176663166
10.241753468641603
10.097840113949292
9.955289048704397
9.814155010662722
9.674483327290567
9.536341408235701
9.399772506466714
9.264822312764679
9.131533307752147
8.99994032456317
8.8700821494197
8.741989301002421
8.615688951555287
8.491207156116648
8.368568455401856
8.247780253818437
8.128875067065499
8.011848645184498
7.896726482204481
7.783502816709588
7.6721916578302105
7.562793096887809
7.455306109299448
7.349729229237681
7.246058460174778
7.144289237020501
7.044406943785251
6.946408630431992
6.8502804436356195
6.756008662733832
6.6635794857644575
6.572978330331572
6.484182932838961
6.397179170889357
6.312105716283444
6.228464964153175
6.146856207546071
6.0668028875436
5.988303761314652
5.911601056330148
5.836651387915679
5.763076509343754
5.691310887305218
5.620890601264449
5.552206050044425
5.484925663065511
5.419037100327346
5.355517681529343
5.291848748923477
5.230996106790641
5.1708049556787525
5.111956082876085
5.054420995760276
4.998171760122516
4.943180319539341
4.88941852984466
4.836858240266169
4.785471479975311
4.735230210625555
4.686106789050364
4.638074210620178
4.594944017220576
4.545171771761515
4.500248267860365
4.455909604090078
4.413326779029694
4.370895132291006
4.330134244574254
4.289874628748995
4.2504740820319595
4.215066271212531
4.1741574520333815
4.137197433884434
4.101007328631703
4.065566632500292
4.030856308125914
3.996494635738155
3.963551942423715
3.9309230416805505
3.8989547353516643
3.867320483029075
3.836941120383818
3.806869053212166
3.7771021643049894
3.7511878269607677
3.720251352520321
3.6951410284202364
3.6654109712388716
3.63883955904464
3.612826551437855
3.5873678622283145
3.5624596091676866
3.5378269279794736
3.5140175120207027
3.490724914122235
3.4680098845851863
3.446137117796635
3.4245204290676647
3.403168430017743
3.3826651966113714
3.3630108565127257
3.3436355234782535
3.32483184269731
3.3066064388269227
3.288676424989043
3.271910633353376
3.2551613819023824
3.239595215914153
3.22434491962879
3.209706568774429
3.195378205714489
3.182286169216816
3.1691925593767185
3.157368160842999
3.145855299048989
3.1346650093244683
3.1275823827186278
3.1151189184881556
3.1061384833555827
3.0977877794594817
3.0900622969123646
3.0829559686058663
3.0764624753120735
3.07057253469049
3.0652769476780968
3.060070687193982
3.055906836184796
3.052829753955733
3.0497777468714053
3.047245448658915
3.0452132843854516
3.0436597790787645
3.0419156729197283
3.041224658035216
3.041632755165929
3.0411020359872105
3.041469492472558
3.0422292273502953
3.043276422385369
3.0445796984840543
3.04619083711535
3.047820094590167
3.049780714605815
3.0516787676393555
3.053847578119298
3.055970734147787
3.058105545343276
3.0601135325137605
3.0622660315486985
3.0641120553387196
3.065932579028441
3.0675873056109104
3.069042921251439
3.0702640519625635
3.071339417891942
3.0720027051922227
3.0722208423956987
3.07220438092918
3.0718081859287953
3.071131430172089
3.0699042042581866
3.068227928120467
3.0660838431421245
3.063454705444373
3.060325033334581
3.0566825197695313
3.0536761876166687
3.0489801421177485
3.0425823265571497
3.0379670529135168
3.030354476037181
3.023491448299234
3.016217959130431
3.00828153799136
2.9998181380770226
2.9908384665327516
2.9813530697120374
2.9712496864184756
2.9609227414967774
2.9500101999529535
2.938656845790022
2.927976371334797
2.9147118706143034
2.903237860931619
2.890329364063466
2.8770939611762376
2.8635577129186185
2.8497477400348763
2.835690511954502
2.8214133412957163
2.8069442261039157
2.792310576876582
2.776553275520027
2.7626589661508296
2.746724280270674
2.7317101852970627
2.717621138949436
2.702561383101098
2.687517662415107
2.6725128327150274
2.6566287479778965
2.641766370348031
2.62793701391791
2.613286133995163
2.598765531297148
2.584389684555811
2.569230720998913
2.5551743113899157
2.5412914736276826
2.528541423300695
2.514073586889429
2.5007454603263444
2.487497859328547
2.474658222124871
2.4618959011584542
2.4503179180415673
2.4369153622454607
2.424683539309067
2.4126135542507297
2.400694574887741
2.3889155768397874
2.3772637793093234
2.3657250609947607
2.3541615630953814
2.342800894468489
2.3315071851060414
2.3202622448872052
2.309047549753152
2.2978462449335715
2.2866374275360184
2.2754013445038797
2.2641222712579316
2.2527807327945935
2.2413539303594514
2.229827024104855
2.218181029780487
2.2063972094760107
2.1944587253888077
2.1823487566283117
2.170051787212664
2.1575524472750742
2.144836623415629
2.131890904535783
2.11870365893279
2.1052631906226225
2.0915599645519043
2.077586391965816
2.0633306069709296
2.0487905523820165
2.0339598167490074
2.01883460878996
2.003411795855261
1.9876905811189716
1.9716702598427904
1.9553521598492287
1.9387384918695942
1.9218324047727746
1.9046383647228367
1.887161884561125
1.8694096845632615
1.8513889440778104
1.8331075702210202
1.8145761298816925
1.795803081435938
1.7768002707915813
1.7575779993696568
1.7381487509763185
1.7185251004978843
1.6987207483273696
1.6787465323517439
1.6586160206924996
1.6383456887131655
1.6179477807869784
1.5974382638618203
1.5768280561146375
1.5561318736996677
1.535366312080863
1.5145444121970757
1.49367859318104
1.4727819516618914
1.4518718031018523
1.4309567288632514
1.4100524077937575
1.3891704281512163
1.3683231645010059
1.3475223434053811
1.326778863222276
1.3061040991536934
1.2855089969335145
1.2650028574923642
1.2445958682272051
1.2242971224927912
1.2041150520451183
1.1840588394158338
1.1641372579565588
1.1443547203039217
1.124721082011402
1.105243235186786
1.0859264483841038
1.0667771042138396
1.047801460192568
1.0290043045859423
1.0103912824109265
0.9919665639763626
0.9737349922892817
0.9557009679145857
0.9378681159321006
0.9202406095270425
0.9028215213797159
0.885614469810117
0.8686224085465108
0.8518481884285125
0.8352944359488972
0.81896395006888
0.802858577900277
0.7869810466198007
0.7713327568101424
0.7559157384739452
0.7407315935114182
0.7257818338189085
0.7110674629480415
0.6965896970479942
0.682349401876099
0.6683470599751135
0.6545832786016111
0.6410583773189508
0.6278141855085072
0.6147655216418987
0.6019551608024494
0.5893824869857138
0.5770467107497047
0.5649108431734753
0.5530811603555297
0.5417482484533658
0.5303375980473672
0.5188747161114343
0.5082023051126254
0.4974729591340806
0.48696550750662226
0.4766771352184797
0.4666046520657794
0.4567447187467932
0.4470938088095766
0.43764817869275524
0.4284039936775042
0.41935717192352373
0.41050363841801185
0.40183904976124524
0.3931659879419251
0.38505929139319767
0.3769351562312197
0.36898219117239545
0.3611958797865947
0.3535716129195072
0.34610494391244884
0.3387914271949608
0.33146774750837155
0.3246064290488425
0.31772654141213097
0.31098295696363937
0.30437180199358227
0.29788945001255174
0.2915322828246061
0.2852970285043303
0.2791805623123241
0.27318007008539563
0.26729278884467295
0.2613909801082107
0.25584854964150516
0.2501675214990052
0.2448314628504153
0.2394789562142956
0.23410424576364455
0.22895840538739903
0.22403172753186681
0.21908348833126107
0.21423485676808882
0.20948565812290854
0.20483588245574416
0.2001819942884801
0.19583524330392565
0.1913873405344122
0.18714071262362808
0.18308676627590176
0.17895134394770648
0.17509536354644076
0.17191492323248772
0.168153135165941
0.16449550448647227
0.1609425293579476
0.15685425615226115
0.1536049026505624
0.1509149177740447
0.1472156783396641
0.1442123554223502
0.1418355461315997
0.13901853328900204
0.13582504335613496
0.13323417753386618
0.13118523244163977
0.12877601878867959
0.12605863811252346
0.12425077184362343
0.1217967211486884
0.12010264167556592
0.11785368789824376
0.11766134054812692
0.11425325482565195
0.11285577794111937
0.11124507612116519
0.1097080965345459
0.1079472793034185
0.10658455770131398
0.10663512163873552
0.10394745213199776
0.10299869087165314
0.10155199439601094
0.10069789032305251
0.09961384310924305
0.0985688625285186
0.09755919250461921
0.09658111390111596
0.09563108412893977
0.0947056837194939
0.09380165367038737
0.09291594077867057
0.09204564684587851
0.09095004963872305
0.09034095462769214
0.08926438198662387
0.08866908148691154
0.087840711413316
0.0870154144950659
0.08619197193814282
0.08513923414810436
0.08454713411915504
0.08372462925817079
0.08290170850118035
0.08207837547066581
0.08125483941529935
0.0804315650386176
0.07960909021941404
0.07859589965447182
0.07778466498234089
0.07697742353628528
0.07615403263485636
0.07553981409857115
0.07457338328053441
0.0738102272413382
0.07317247947179169
0.07228006981256184
0.07265161916202968
0.07174711907859935
0.0709314209100865
0.07018529465686042
0.06939896789516245
0.06862301759900062
0.067865036088618
0.06712573588048544
0.0664057076197638
0.06570525257053783
0.06502450610242785
0.06436327522450622
0.06372122037694954
0.06309766351688356
0.06249174533649977
0.061917168251984185
0.061328081248660404
0.06090046070594306
0.06021858282028139
0.059679571518472765
0.059151433221502736
0.05862244028109303
0.05809961844143343
0.05757734358739822
0.05705305315060486
0.05652417402770434
0.05598810328484859
0.05544542698680699
0.05488426119477951
0.05431159279839289
0.05372452437375361
0.053113470088972436
0.05248402228543918
0.05183198559899919
0.05115594730190795
0.050454734183028996
0.04972750206412987
0.048973701937275814
0.04819317292130497
0.047386043312791996
0.04655282977659889
0.04569441681761457
0.04481207488407936
0.043907384399799826
0.04298234259837382
0.042039248236321804
0.04108076582165065
0.040109837535744514
0.039129713377559355
0.0381438814970397
0.03715566508767374
0.0361701163910735
0.03519011565993249
0.034220794748462846
0.03326448376262858
0.032327197846749436
0.03141246028386989
0.030524273993955475
0.029666489350557376
0.028842734931968983
0.02805635729706764
0.027315701390527167
0.02694700411344017
0.02633047779695168
0.026288883773811896
0.025703065597758822
0.0253963081511049
0.025020007441212414
0.024688367482887982
0.024399072163494493
0.024149049773744397
0.02393455205158792
0.023751076292711046
0.023593447184704987
0.023455748002368153
0.023331404420325066
0.023213141935680782
0.02309311587159458
0.022962839750379868
0.02281331874305034
0.022635076252555737
0.022418196319598623
0.022152414367077038
0.021827210418255943
0.021431864461411588
0.020955546172054577
0.020387405722243016
0.019716712056601506
0.01893291521826602
0.018025749801043187
0.01698535688555734
0.015802423643820816
0.01446825188875156
0.012974865379781732
0.011315169434093155
0.00948246120207731
0.007155172348088269
0.005085977980426925
0.0028272653286640086
0.00037588156019330846
-0.0022699515064767894
-0.005110506749417765
-0.008144433871805424
-0.011368755432715594
-0.014778724585362186
-0.018367806478281443
-0.022127612648596424
-0.02604788435314009
-0.030116450568133248
-0.03431920109380037
-0.038640093499098395
-0.04306123056890903
-0.0475627738942531
-0.05212310622805171
-0.056718779301360614
-0.060969944233039385
-0.0648204460091672
-0.0690347499398941
-0.07333847467019577
-0.07713136506078899
-0.08092943553269528
-0.08482889305714301
-0.08823542841162024
-0.09137469383570342
-0.0942129612395737
-0.0967164816646056
-0.09885174640377614
-0.1005855949521117
-0.10117255527281976
-0.10271963395337994
-0.10220709184939909
-0.10194824571714606
-0.10113468595564262
-0.09974051211354248
-0.09774178163741604
-0.09511660198108746
-0.0918454393050877
-0.08775893189321324
-0.08329966032096084
-0.07799908208837236
-0.07200097007762768
-0.06529984277638252
-0.05789351700040919
-0.04978307535472402
-0.0409730817888985
-0.031471568893887504
-0.021077971129941333
-0.010443843473901992
0.0010485067233805892
0.013387849141237234
0.026129377236436
0.03938856222882699
0.053233652340055344
0.06755221897212944
0.08233052170189407
0.0975263346473981
0.11309423662128439
0.12898699973637626
0.14515352081613947
0.16154130989382703
0.17809557153510433
0.1947597179379895
0.2114754587351659
0.22818332921969106
0.24482279518315217
0.2613325964404086
0.2776509472755005
0.2937161185821669
0.3094663466845973
0.3248405246589221
0.3397782773432048
0.35422028966354707
0.36810201358766376
0.38138753868330433
0.39267701151419626
0.4050932425950789
0.41782379647818385
0.42977501400970236
0.43727957646767146
0.44603797834853975
0.4538659530130166
0.46073000119533103
0.4666006102681919
0.4714522373972233
0.4738844246551327
0.4764816358681808
0.47970194122945703
0.4803084132714973
0.4776036479772326
0.4761575635660033
0.4733955442719724
0.46957583413832277
0.4647137033271853
0.45882874246998095
0.451944773367651
0.44408987972626496
0.4352960175371502
0.4255990119774392
0.4150383350269248
0.40365686906395193
0.3911497424535409
0.3782641663275258
0.36470579855641977
0.35052880413786214
0.33574909573622147
0.3205059519700022
0.30481789143730104
0.28874577245956745
0.27235199900743334
0.25569863710875573
0.23884822621236812
0.22186327692250218
0.20480607959248012
0.18773815556105197
0.17072004935984042
0.1538110715712035
0.1370691393761998
0.12055016142077143
0.10430811435538856
0.08839471119195473
0.07285901900603131
0.057747541772564734
0.043103770108487816
0.02896813923542785
0.0153778901259766
0.002366874836126272
-0.010034514090679599
-0.021788855793652223
-0.032819377487840584
-0.04326421239439184
-0.05263527839865416
-0.060790179390810356
-0.06953273335269826
-0.07854777724720197
-0.08593214404941164
-0.09102114877085492
-0.09691825727331403
-0.10177475275623037
-0.10523607242470182
-0.10859258698120358
-0.1112846216548407
-0.11333203667141233
-0.11475707795997478
-0.11558421967904005
-0.11583993596983053
-0.11538874233659609
-0.11458071102704057
-0.11329142839941266
-0.11155328304832485
-0.10939934293208259
-0.10686351813608909
-0.10398000920486425
-0.100783381121566
-0.09730807346760592
-0.09358843425718825
-0.08965835708932984
-0.0855511084798027
-0.08129932395773258
-0.07693454476909442
-0.07248737543421671
-0.06798697228636488
-0.0634613644189991
-0.05893691989871392
-0.05443849101316638
-0.04998920556318278
-0.045610508349294726
-0.04132196160536799
-0.03714133936483227
-0.033084472481943655
-0.029165326517592374
-0.025395962872523513
-0.02178653375211293
-0.018345384221484587
-0.015078994768711482
-0.011992097697316278
-0.009087702857713344
-0.006367201675282435
-0.0038304336764688456
-0.0014757707959241334
0.0006998032118962212
0.002700519512095599
0.004531773182562786
0.006200108200415038
0.007712785972609249
0.009078023503146244
0.010304675045712704
0.011402122631459122
0.012380264326158219
0.013249271134868675
0.01401952815152793
0.01464391150511233
0.014939508285344736
0.01567504384218672
0.016086495916913163
0.016558107384606037
0.016966828565110986
0.017323372243889162
0.017638049422548204
0.01792067319851717
0.01820577507621585
0.018615245941585142
0.018898360513666845
0.01918783120112791
0.019823953391098662
0.020285898608704788
0.020597438026747482
0.02113569340457477
0.02161610262185701
0.02211438782106473
0.0224656988793516
0.02317333411952997
0.023776205768213772
0.02435971633172041
0.025015529506625556
0.025641311311090265
0.026311241845462012
0.027025873822831625
0.027693131343488
0.028429248253104628
0.029135435588476463
0.029844667577992222
0.030519804787569767
0.031250035676574264
0.031900979585505196
0.03256975545881268
0.032948030759436434
0.03357589809072182
0.03447945480526664
0.03505064800730686
0.035590359237514864
0.03609641203290803
0.0362855789968481
0.036725989551184356
0.03739684940187092
0.03749432510804999
0.038045548571881485
0.0381102844739052
0.03859762157500295
0.038804247742119276
0.03897571996051339
0.03911375718325187
0.03901715331530191
0.039298175576571746
0.03934954215509818
0.03935723213800861
0.03850892573891435
0.03920567492771232
0.039332975030487854
0.03915760600770907
0.039275373485375804
0.0392301555401224
0.039168087222464086
0.038995612821976805
0.038960823804136124
0.039062296419143286
0.038919860688755754
0.03904654458508486
0.03906304623852934
0.03911485759513932
0.039155623170228436
0.039235245458142054
0.03935397221265516
0.039484765022027864
0.03963968183338031
0.039820836088094225
0.040028326166424974
0.040261921280306937
0.04052118391362324
0.04080528826262398
0.041113250867806095
0.04144383277565791
0.04179554425866685
0.042164678243429864
0.04255569882506781
0.04295815846340736
0.04337648385233075
0.04380864340583928
0.04422528277337166
0.0446923079746232
0.04512290898167876
0.04557727354821467
0.046032604215071174
0.04650900847938374
0.04696095280935909
0.047408508597933996
0.04785018164255605
0.0482612685416445
0.04871108448285201
0.049131105298005046
0.049538839786417196
0.04993656321397767
0.05032412672808288
0.0507016863725671
0.05106962553518259
0.051428564011347835
0.0517792982139616
0.052122939180662894
0.0524607361187886
0.05279417642764409
0.05312490445647719
0.05345469162039664
0.053785501095816084
0.05411933755735792
0.054458360890767187
0.05480472279278474
0.05516066346924693
0.05552840138431596
0.05591010929977583
0.05630797475349428
0.056724095059541034
0.05716043954441424
0.05761889689731978
0.058101189071664734
0.05860890733663623
0.05914342699272923
0.05970595857573046
0.060297503789303576
0.06091883552038316
0.061570485179644835
0.06225279078922844
0.06296583776139814
0.0637094603787739
0.0644832458111961
0.06528659590813889
0.06611867307299014
0.06697839766992797
0.06786452433560981
0.06877557660796874
0.06970998933544319
0.07066594783288259
0.07164155197317318
0.07263478977002015
0.0736435209747047
0.07466559227328191
0.07569874207060939
0.0767407532449687
0.07778933397430754
0.07884228205166682
0.07989737442302101
0.08095250493671509
0.08200563682533907
0.08305486244702001
0.08409839047313712
0.08513449913820396
0.0861617526736985
0.08717880216266057
0.0881844946899413
0.08917791656807322
0.0901582401032786
0.09112498948582373
0.09207782565346187
0.09301655603789644
0.09394134395009653
0.09485241622703611
0.09575028144691713
0.09663558158541738
0.09750919723725739
0.09837218336192043
0.09922568772141062
0.10007107732233865
0.10090984796290325
0.10174353829209055
0.10257395278856243
0.10340275831350873
0.10423189666769843
0.10506321211907164
0.10589865664717737
0.10674022281666254
0.1075898499206123
0.10844942933551698
0.10932093655507104
0.11020613539589022
0.11110696789143354
0.11202505425506756
0.11296200580139802
0.1139194493288144
0.11489878874599777
0.11590133699945021
0.11692825907964222
0.11798075430254193
0.11905965557558204
0.12016578044122098
0.1212998984582944
0.12246250206067025
0.12365399322916985
0.12487481013261059
0.12612501444753613
0.12740475063964551
0.12871394060310368
0.1300524643408899
0.13142010688167813
0.13281629745621615
0.13424122069748992
0.13569415052557854
0.1371748753538221
0.1386823623242793
0.14021636072100374
0.1417763357709149
0.14336162852345283
0.1449717564848633
0.14660593741085595
0.14826453536244696
0.14994585713256048
0.15165076143209913
0.15337798325527494
0.15512747733467167
0.15689911437413576
0.158692775717358
0.16050829815895679
0.16234580812164942
0.1642054734879756
0.16608741964429535
0.16799194889578786
0.16988364073487996
0.17183429976921755
0.17384554341915748
0.1758086064084039
0.17787135908367854
0.17992316490530771
0.1816193239997168
0.1841092358439124
0.18624551765799185
0.18841193349709717
0.19020626815841035
0.19283946189133033
0.19510277546698704
0.19740069300928953
0.19973415791691318
0.20167308799904057
0.20407506574076642
0.2069585784724207
0.20899587548779808
0.2119715477159641
0.21453917854693283
0.21714980297785225
0.219754836327204
0.22249893636795703
0.22523886955040634
0.2275304045234279
0.23080093553864525
0.23372424363528738
0.23664168854960077
0.23960347145881883
0.24260951163534675
0.24565937744455094
0.24875279859922056
0.2513449105424065
0.25506793683423823
0.2577310838619574
0.2615498098094401
0.264280884512239
0.26819200266598425
0.27157042745011206
0.2749873705777227
0.2778435888585126
0.2819282798041549
0.2854508467682202
0.28894463455031233
0.292595623994546
0.29621605635090725
0.2998673860620723
0.30348414236832805
0.3072603651151706
0.31100068555176874
0.3147696596245725
0.31856705256029183
0.32239256516116427
0.32624610576786256
0.3301279260236586
0.33396767364866176
0.337905775929806
0.34194475717823575
0.34594242659967606
0.34997057229360745
0.35402992166580816
0.35812067240654605
0.36224605275110866
0.36640494613484875
0.37059937224605266
0.3748304033760765
0.37909935915312293
0.38340673450693175
0.38775618612231905
0.392146640435625
0.3965800768950486
0.4010579031639845
0.40558100834580924
0.4101506452517242
0.41476781186130757
0.41943338810395564
0.4241479156220609
0.42805276731571823
0.43372697148320805
0.4385921711105783
0.4435081088768723
0.4484747662541557
0.4534922420419478
0.45855996025800705
0.4636775769632888
0.46884448389981614
0.47405989968879786
0.479322817418887
0.48463154207500725
0.48998751544122704
0.49538669047439843
0.5008287049111939
0.5063121259283072
0.5118354916079876
0.5173973248233337
0.5229960143277587
0.5286301886621901
0.5342984204711615
0.5399991273245031
0.5457309150310227
0.5514925627448198
0.557282749335364
0.5631007287575043
0.5689450889933088
0.5748153702522494
0.5807106295981499
0.5866306858134894
0.5925747852117402
0.5985428335991742
0.6045350227230579
0.6105511700269005
0.6165915671021418
0.6226567271460021
0.6287469767822237
0.6348630695720265
0.6410059113549454
0.6471758527556055
0.6533738933641912
0.6596013360939802
0.6658583392174325
0.6721461505643468
0.6784655024572276
0.6848168567310445
0.691201153739585
0.6976184154854029
0.7040695628584653
0.7105539655292238
0.7170705389823312
0.7236224002534775
0.7302037479177028
0.7368189213028326
0.7434622132193563
0.7501334824879733
0.7568292628404654
0.7635506594815197
0.7702909510896029
0.7770480503369683
0.7838179161224762
0.7905967044572944
0.7973790003944967
0.8041603695533404
0.8109350392833182
0.8176968176198977
0.8244390863958373
0.8311554159732333
0.8378382630236221
0.8444785779264189
0.8510730649138791
0.8576092190216387
0.8640793999809858
0.8704752159357134
0.8767876752148589
0.8830072044048447
0.8891249339041558
0.8951312644478953
0.9010164662891897
0.9067710101983376
0.9123856275767108
0.9178506242792177
0.9231564733802639
0.9282943962158275
0.9332547402951694
0.9380287502736324
0.942607697546777
0.9469836975802324
0.9511483774792536
0.9550940843383295
0.958814016652832
0.9623012108871918
0.9655494371362835
0.9685527483638177
0.9713061006737201
0.9738044020892308
0.9760442974041538
0.978021740701163
0.9797337678565069
0.9811785441700096
0.9823546290383942
0.9832602986209402
0.983895498219925
0.984260581909939
0.9843551539983297
0.9841857755333876
0.9837491793367276
0.9830503016258743
0.9820927813805285
0.9808786210607704
0.9794177694853379
0.977710271626586
0.9757637697076272
0.9735838591420388
0.9711775793117777
0.9685518412367158
0.9657144770419479
0.9626732623964204
0.9594356322695938
0.9560111235017071
0.9524075923758182
0.9486341249432322
0.9447004807007011
0.9406150476162412
0.9363875667686743
0.9320270773292942
0.9275438185891641
0.9229463152874546
0.9182445304816711
0.9134477139999708
0.9085651080127086
0.9036055753399737
0.8985783114195095
0.8934920755836304
0.8883556069685087
0.8831768248905836
0.8779647785453826
0.8727268324400774
0.8674703231827142
0.8622035855780243
0.8569330615166663
0.8516661150948102
0.8464090289066781
0.8411680111406423
0.8359493676248674
0.8307587615672234
0.8256020205097616
0.8204835003806816
0.8154091589833639
0.8103815360227418
0.8054098842522429
0.8004934150982672
0.7956382417977321
0.7908476262077626
0.7861252147791509
0.781474602943375
0.7768986525684033
0.772400683183093
0.7679827926388312
0.7636486930593963
0.7594004487322399
0.7552402671968801
0.7511710676855935
0.7471947278768258
0.7433132695401847
0.7395291679289788
0.7358444702685819
0.7322612993998245
0.7287817951316269
0.7254073817337342
0.7221410315930418
0.7189830431005835
0.7159398336338598
0.7130080300123163
0.7101955474875502
0.7075003984674926
0.7049268061496332
0.7024769265213305
0.7001532889055139
0.6979595256573742
0.6958978768337822
0.6939717701899825
0.6921841732225009
0.6905373226312751
0.6890386881730484
0.6876874066927785
0.6864896699654336
0.6853148159349154
0.6844358538862683
0.6838546409437959
0.6831789952010696
0.6828102455271724
0.6826207106502257
0.6826156784123257
0.6828000779599277
0.6831793236264054
0.6837588986532751
0.6846683017811565
0.68566528717402
0.6867545765204462
0.6881914832042669
0.6898575663559957
0.6917592433000361
0.6939025430341224
0.6962936931466948
0.6978878400031119
0.7018468139824837
0.7050218091012297
0.7074438691323197
0.7122017857801793
0.716220897171542
0.7195328229011211
0.7252631010496343
0.7290916221809342
0.7353190012574863
0.7409916505379259
0.7458194325274815
0.7530118260603023
0.7595886590012569
0.7666207883615452
0.7738029380900262
0.781453792706001
0.7894760784140838
0.7978761590478844
0.8066602261559377
0.8159334026565539
0.8254041895592243
0.8353759149791299
0.8457538029399084
0.8565430743992414
0.8669138949711653
0.8793733688106581
0.8914216868872903
0.9030900442890355
0.9167998402478834
0.9302215857774746
0.9439871311540372
0.9580980709296669
0.9727282501072818
0.9877898558350358
1.0025428585920468
1.0184703816192628
1.0355389900338166
1.0522985024182236
1.0687739338472104
1.087051499268495
1.1050312880505382
1.1227352081813633
1.1421546346018328
1.1612784606702011
1.1807617949180893
1.199967125567833
1.2208242274664738
1.240632391904738
1.2620857015998224
1.2825041093719294
1.3038484399070913
1.3254396948463587
1.3472567358993237
1.3692790000663735
1.3914832086214457
1.4144232738482023
1.4369086080901925
1.4589489724541487
1.4816371513532178
1.5043805910752384
1.5271519569438614
1.5499224852282196
1.572663610650157
1.5958327250159672
1.6179393353886191
1.6408798972432876
1.6627393069156151
1.6848850862202671
1.7068211106029925
1.728943818848941
1.7503605548142813
1.7710684894788133
1.7918649031209073
1.8123039600371351
1.832356810302631
1.8523744002770122
1.8711975624795965
1.8899336654700127
1.9081814877881942
1.9259176160181397
1.9431208220407614
1.95977081650933
1.9761887276614258
1.9913382864578795
2.006223944463098
2.0204920735166483
2.0344604352549047
2.0471303470116142
2.0597783323838548
2.071511350356233
2.0822249168213354
2.092939983205932
2.1023333712232994
2.111401452105161
2.1201566080862477
2.1275856153900414
2.1347163316940523
2.1415369546377905
2.147428709942969
2.1527552952203934
2.157422737172568
2.1612154669298587
2.164793971467149
2.1682018829224883
2.1707533751645096
2.1728219109205873
2.1740478055040153
2.175217548563042
2.17598311236367
2.176788390339946
2.176414793798448
2.1765780554467016
2.175578199276522
2.175222943967241
2.1741939151390537
2.17248519273543
2.171589055409627
2.1700765035225915
2.167939536362802
2.166787423023472
2.1645191177159626
2.1634141829748366
2.161716303365122
2.1594076290421595
2.15850215690978
2.156346650145282
2.15570990364535
2.153811156311815
2.1528024140109356
2.1527549136299027
2.1521913715461056
2.1510830766893374
2.1510148192782945
2.151971115128061
2.1517495113114036
2.1534436827693324
2.1546336880578094
2.156174929773107
2.158081956443202
2.1603715027254373
2.1630551848453337
2.1661509516353843
2.1695723862408145
2.1735308798396913
2.1779451996192982
2.1828322344426105
2.1883157706435306
2.1940960664992932
2.2006226965850284
2.2075934695383794
2.215140862208723
2.2231758701737556
2.232077730626832
2.24140837117939
2.251560337894394
2.262579916504748
2.2742610897781215
2.2867744795050635
2.3001725307310825
2.314510569888837
2.3298498369927207
2.3462559955480575
2.3638006031832854
2.3825589976739794
2.402612959590004
2.4240493430125496
2.4469605254174924
2.4714446547447277
2.4976047723233004
2.5255498726946257
2.55539290042805
2.587253523145044
2.6212562149588607
2.657528136941548
2.6962022306024482
2.7374155258764037
2.7813079883641754
2.8280221501933718
2.877704235782865
2.9305018327010814
2.9865635106584723
3.0460387578524877
3.1090777912464196
3.1758291229452675
3.246439576651977
3.3210542438990602
3.3998154303930326
3.482859994802215
3.570321282006381
3.6623251678030697
3.758992918710018
3.8604357640590816
3.9667569719542346
4.078051278683557
4.194399159279959
4.315879062087767
4.4425437297914705
4.574441995973753
4.711605117334576
4.8540506590163774
5.001780416346832
5.154779227776487
5.313015760064345
5.476440711230466
5.6449864791834905
5.818566978023577
5.997081513751423
6.1802887248584355
6.36828582897529
6.56078783776923
6.757614211690994
6.957934598191616
7.162899104306764
7.371999051243869
7.58359766592601
7.799006690157668
8.016872614144297
8.237422801229775
8.460140757000397
8.685120506658237
8.910934908720971
9.138963741880792
9.36651000965991
9.595264371306953
9.824007428480563
10.052301267844316
10.279989679810269
10.506563611380372
10.731623936146336
10.954769406271282
11.175604470704373
11.393730825653435
11.608760875633903
11.820308669499948
12.028006539567928
12.231485540118179
12.430395738665261
12.624398561608782
12.813164420730764
12.996389753237484
13.17378458118828
13.345070982986712
13.510004752098563
13.66834866618018
13.819897131042165
13.964462888062783
14.101883187745518
14.232017568023638
14.354755284361666
14.470006039143115
14.577704915298085
14.677811916187993
14.770308681496282
14.855224345640064
14.932570502052052
15.002423293756399
15.06486222832776
15.119993129709068
15.167945836600275
15.208870859900705
15.242935069850502
15.27032827092442
15.291265097435522
15.30595447879786
15.314646952162079
15.317591982656841
15.315052010981143
15.30730493096058
15.294633315091563
15.303025177005171
15.255698225027764
15.232647235286725
15.200639606579372
15.167830434605108
15.131908966664163
15.095296196368412
15.052149596536252
15.008511436618928
14.964866667459882
14.91615913564732
14.86926345281477
14.818369498240017
14.7680932547752
14.717223148375533
14.666930626216162
14.614626616953519
14.5695554010845
14.512275037467461
14.461663797545215
14.414758007666645
14.362614431452043
14.315157176862124
14.268877759419627
14.22020987052667
14.17499533481761
14.131298830464424
14.088751561884319
14.047564757491983
14.007774980397404
13.969397319969124
13.932434559529371
13.896893258886278
13.862752809086881
13.829991351450701
13.798571435457461
13.7684566108441
13.73959423374348
13.711930997459524
13.685404556734571
13.65994855771004
13.635492514421086
13.611965911860171
13.589289519003929
13.567384429206408
13.546176130804806
13.525586090458436
13.505531699313591
13.48593741511039
13.466729127009566
13.447834819467614
13.42917861612433
13.410695530702863
13.392321060323503
13.373991300659235
13.35565473256859
13.337255157417863
13.318746208648484
13.300078451155764
13.281218642790336
13.262125828528806
13.242777220518061
13.22313682187572
13.203193058117396
13.182924568695391
13.162316597143672
13.14136059483229
13.120051147257502
13.098389342743298
13.076372323144987
13.054006876662749
13.03129690528674
13.008249663084376
12.98488455511439
12.961208490238944
12.937242836088602
12.913000922497961
12.888496336379037
12.863752706407373
12.838793970434159
12.813628244828568
12.788286582910205
12.762784439323797
12.737031169660794
12.711380090723706
12.685413258807602
12.65947485841349
12.633574082142555
12.60752604940253
12.580548274090296
12.555365591568188
12.529286272712259
12.502429978687953
12.476442414236079
12.450498404920927
12.425229342893125
12.398805042882456
12.373070565904655
12.347999360943104
12.321889314860575
12.296457739019596
12.271137230467168
12.24635859258753
12.220873624219383
12.195941864097284
12.168630253593266
12.144252310700223
12.120020878523535
12.095930949426906
12.071993201545654
12.048208424290005
12.024579107786105
12.001987319111578
11.974706294356588
11.952335575165414
11.928699651277709
11.906877240553712
11.885360564010966
11.863867361076176
11.842408187340046
11.820969848348975
11.799564844169915
11.778187758127316
11.756841645790363
11.735534979388815
11.714263036702558
11.693035678832128
11.671852905752752
11.650719300807369
11.629638336179001
11.610102886374495
11.588903934361435
11.567099029281266
11.548588519816686
11.528660620750017
11.50888643097128
11.494467794207
11.476001568784465
11.45775991762941
11.439740153168653
11.421942648114028
11.404359602398474
11.387000237364916
11.369857365583524
11.356167964495809
11.339750060674834
11.323980750087644
11.307554827926445
11.291764589626922
11.276780341557211
11.25561666798738
11.240079144949245
11.230565690156785
11.215727413518326
11.201065184601479
11.186568696872076
11.173051529763566
11.158066702791448
11.144935772860658
11.130175646823734
11.117408184834789
11.103855517996879
11.090430423771439
11.077257317655913
11.063969367825278
11.050919539929874
11.036805380952654
11.023955906131757
11.012470797815093
10.999878585226316
10.987396107753668
10.975172637518225
10.961374694484375
10.95060146194474
10.93711063776927
10.926618303677296
10.914965453888904
10.901564467696453
10.891511661575269
10.880051937958877
10.868901972263895
10.857527296503601
10.844818405068562
10.83557100265385
10.824824170062271
10.814243489901536
10.80383315608015
10.791843043513675
10.783576082961197
10.773750991053276
10.762319813355127
10.75496558561759
10.745824939108694
10.73693620929988
10.72621420223167
10.717855306421638
10.711927009179053
10.704187016596176
10.69676709540768
10.68968761474947
10.68076428602601
10.674387805513565
10.670607423703963
10.66278964276416
10.659834861502972
10.652826012250811
10.648489455307661
10.644602768843024
10.641180054830635
10.638227817324871
10.638053871173272
10.636091578657572
10.632327657607066
10.631376106945218
10.633256553953267
10.633362198850461
10.633759811786094
10.63516786025139
10.636880894968089
10.638903909011036
10.639611565323799
10.645281321688207
10.649170800137206
10.651274464751333
10.658553693868349
10.66172555252142
10.667731501777421
10.674251651539723
10.681270873140827
10.691070189813141
10.699045610859141
10.707477133701953
10.714083377279916
10.725644818652961
10.735343575382288
10.7454245437348
10.755641639729848
10.764441712384414
10.777733688457433
10.788894952136307
10.80053773984487
10.812412564732375
10.82471010621965
10.836754656078611
10.849370195669309
10.861891086400632
10.874503734433304
10.887176415471606
10.899872159974247
10.912567411791064
10.925231304613947
10.937645412762382
10.950353683446933
10.96275305077957
10.975005526151847
10.986908294988464
10.99719744012561
11.01047569574625
11.021914066532707
11.033090666540156
11.042479033333915
11.054604945467755
11.063436497134852
11.07489863524501
11.084561422442246
11.093898891576199
11.10150085289589
11.110188904575722
11.11855007730814
11.126591744261995
11.134324960919844
11.141761278828362
11.148922345849217
11.157150228524813
11.16251211451804
11.168997145800331
11.175318886275067
11.181521320509878
11.187641304596951
11.19373154253997
11.199840950427356
11.207512866663034
11.212350447441088
11.218874803016863
11.225665318706458
11.232801794934334
11.240357969831738
11.248411165722835
11.257046605255038
11.2663614134099
11.276431907125897
11.287362230358367
11.299246296756673
11.313829904947491
11.327968072935864
11.343374450759148
11.360153126686514
11.378410345798445
11.398263862138956
11.419819671010929
11.44319314661705
11.468495649150903
11.49584230207253
11.525349961927256
11.557374972984537
11.591548224080524
11.628220813190824
11.667507384488978
11.709512860939986
11.754352296164106
11.802130400583863
11.852956871232767
11.906933043572515
11.964169810144877
12.024753908371395
12.088793411774883
12.156379328683563
12.227611119187916
12.302574337195601
12.381360237002427
12.464055205366648
12.550748002566104
12.641514625603184
12.736440403925826
12.835609593303833
12.93909541840209
13.04697833673021
13.159326615586176
13.276228464712748
13.397754145412362
13.523979833560968
13.654979192111387
13.790837320694472
13.93162461514388
14.077426313575979
14.228323582621995
14.384400039978875
14.545738439085765
14.712436253047782
14.8845768833858
15.062259796106462
15.24558496698019
15.434651163206102
15.629568919940356
15.830439925895982
16.037381287757086
16.25050577462993
16.469932195599885
16.69578727130501
16.928185409502557
17.167259046747102
17.41312555401852
17.665918793546787
17.925762613122437
18.19278287358937
18.467097393254154
18.74883029412184
19.03809556351739
19.334998505258042
19.639643535772294
19.95212047993742
20.272515924012065
20.600894247432333
20.937314657287736
21.281819122324787
21.634432554646317
21.995155834013538
22.363978894009772
22.740854167361714
23.12572008758149
23.518491213404346
23.919040418126553
24.32722369463321
24.742849030336934
25.16570706205792
25.595547519777256
26.032070914616426
26.474958308893772
26.923835354080794
27.3782925250113
27.83787886714224
28.302101332051404
28.770418336432886
29.242248353282047
29.716966765699606
30.193898359581716
30.681371733214057
31.155535506030393
31.631420472498004
32.10895626223352
32.58682012562118
33.06094887037361
33.53143508950964
33.99478767013603
34.45747915999513
34.91096104235743
35.35665759011934
35.78930563547791
36.21565580886269
36.63084852763999
37.03312130712393
37.42316378010613
37.79797617794495
38.163979741207164
38.499122138942575
38.8231685335715
39.127084142153244
39.41259313004039
39.6757893757165
39.91657005381161
40.133920926830804
40.32563915263901
40.49319874133217
40.63457187142107
40.74892601745034
40.83550074053717
40.89360248448642
40.922597410832026
40.921931335434934
40.89112652967568
40.82977403397031
40.73755023302749
40.61422257585303
40.459638928708
40.27373388319308
40.05653414302934
39.80815584856523
39.52881193514469
39.21881571608027
38.87849876961094
38.50840429507317
38.10908240956445
37.68118844050995
37.225473210910536
36.74275152049737
36.23393817144422
35.700021462807186
35.14205154366484
34.56115475362327
33.95853260201309
33.33542840918562
32.69315344062896
32.0330688109172
31.3565705137151
30.665100427583624
29.960135447114563
29.243177876367568
28.515746659629823
27.77937531269476
27.035611886139684
26.28600611620452
25.53209285653267
24.775408670436104
24.017471212402036
23.259766202986157
22.503775207669143
21.750915030906217
21.002583918981497
20.260134696725878
19.524865966239975
18.798026943998835
18.080812733935716
17.37434707002825
16.67971050897378
15.997887605733276
15.32981782874539
14.67636570213411
14.038308597021766
13.416357813797907
12.811154330833563
12.22325625082719
11.653145730868703
11.101236212147967
10.567850198821382
10.053254777288762
9.557631610680017
9.08109939337644
8.623702634421786
8.18542390685083
7.766175579552158
7.365817228905708
6.9841462603619195
6.620907078497126
6.275791923912512
5.948449591895145
5.638481871968046
5.3454532195027396
5.068893413797004
4.80829968048937
4.563142056450958
4.332867872951773
4.116904946292772
3.914664409010787
3.725547320600257
3.548945615151385
3.384246065436316
3.2308355946852316
3.0881026652844605
2.955439999948662
2.8322483483032466
2.7179395907306243
2.6119377129487926
2.5136822984990514
2.422628931542725
2.3382530270283843
2.260049161816893
2.1875343243032366
2.1202473566690965
2.0577510294678643
1.999674364649339
1.9458909656434742
1.8953446029030834
1.8480855117702981
1.8037974149653049
1.7619046248011923
1.7227216830763197
1.6857248806967504
1.650858819228024
1.6175027586928992
1.5857038039803704
1.5550716799363253
1.526147456382681
1.497893010878978
1.4711056813300813
1.4450104966519919
1.419521008314335
1.395026317078212
1.3714750307051735
1.3483498861750625
1.3258444217685872
1.3039265434931515
1.2825706562676507
1.2617565849743626
1.2414691970828668
1.2216973913442393
1.2024319501109086
1.183666431671518
1.165396374679059
1.1476169161424832
1.1300723088800348
1.1135161974677397
1.097186577967976
1.081330326846315
1.0659418140203802
1.0510125491401183
1.0363112259086105
1.0224959682798096
1.0088858703283967
0.9956899827790555
0.9828939221428031
0.970480822431743
0.9582138773938549
0.9464883564849333
0.9353592420971889
0.9242925576353528
0.9135122278221489
0.9027738559206313
0.8927233919235698
0.8824468465288025
0.8725686575943241
0.8631517185119207
0.8534078239438707
0.8440335910975774
0.8347804039239212
0.8258741289305235
0.8168153916925689
0.8078284489393547
0.7988989271847422
0.7900143154261257
0.7811627299814181
0.7720623139662978
0.7632113414736363
0.7544286197892145
0.7459043173302754
0.736796917507155
0.7282715885085586
0.7194396939837956
0.7105949932167451
0.701736799431793
0.692538725936721
0.6836112128204475
0.6747099281165598
0.6661843333279267
0.657276255078999
0.648366005165405
0.6394574023508216
0.6305544057035012
0.6249730330149839
0.6127822402786066
0.6039220050797826
0.5950850484664959
0.5897273632622473
0.5774994607567624
0.5722560687158792
0.5600619702814377
0.5514099143662661
0.5428081356139629
0.5342608694437742
0.5257722576354275
0.5169084264416364
0.508552107560015
0.5006986551964288
0.49205628300430393
0.48434871231621074
0.47587701575482033
0.467915325780251
0.46004374415119054
0.4522658770406154
0.44458542610273005
0.4370059115450482
0.4295308849521725
0.42216376147611057
0.4149080653486981
0.40776707332510015
0.4007441556740941
0.39384282661407954
0.38706516601979324
0.38041498927712464
0.3738948506728951
0.36750724861199846
0.36125453282335185
0.3551387410686696
0.3491617811678493
0.34332501242723146
0.33762968982510455
0.33207667117382555
0.3266817676552408
0.32153776863549355
0.31639929735082634
0.31129014866691046
0.30654747364118057
0.30183151465825797
0.2978659967593978
0.2933348818815976
0.28844371422740855
0.2843174701671495
0.2805519993276988
0.27754816102661456
0.2733849386341621
0.2687987219384274
0.2656930989351063
0.2617253375428504
0.25790644241830774
0.254966508269829
0.25185711819060885
0.24872457602406498
0.2455148630436511
0.24274094915038355
0.23985041499929605
0.23701954298481145
0.23422573200501925
0.23151366808105078
0.22885449840844552
0.22627272820318065
0.22368039502945755
0.22115912349398203
0.21870632965681172
0.21623472404548844
0.2138272139571717
0.21145380798689423
0.2091131735808978
0.20683067675655908
0.20452627738701729
0.20227882513287923
0.20008966516124846
0.1979024519945304
0.19571862215564087
0.19337773002570177
0.19128560167039554
0.18922501665574698
0.1874084446947559
0.18520127542012513
0.1832397148275675
0.1813126945992453
0.17942099917714072
0.1765991801241224
0.17574600187269765
0.17396370932678706
0.17221870172646767
0.17073195423627321
0.16884091113593463
0.16720793829153446
0.1656118841403948
0.16405216851305976
0.16252809636265858
0.1610388024525385
0.15980858332228368
0.15816030927575817
0.1567686463931312
0.15540690391472764
0.15407357221095386
0.1527670994929567
0.15170031444801585
0.15022838499143168
0.14920101463773663
0.14777792737341772
0.1465818924985659
0.14540332469923728
0.14445869508905715
0.1430932282569428
0.14195924319268183
0.14083786832749387
0.13972822913195446
0.13862955784346778
0.13754126827038587
0.1364628456248542
0.13539400255240197
0.13450335131808333
0.13328444880144766
0.13149308018195105
0.13121255456346861
0.12944316843198106
0.1291800116802121
0.1281793328345009
0.12718962406119888
0.12621133062964324
0.12543537533614277
0.1244824208634751
0.12334940043795656
0.1226128062928616
0.1216988287572748
0.12060492223678948
0.11991142719436297
0.11805816831494176
0.11798410732212292
0.11713810595388134
0.11630560992228318
0.1156776652074194
0.11467988073588099
0.1131285909171355
0.11310346675682488
0.11251554196665453
0.1117312464807239
0.11011963172295741
0.11024997856834792
0.10868224194405167
0.10877910367873106
0.10803948155324775
0.10718897759132513
0.1066262784252493
0.10522746707779249
0.10508369680020846
0.1043910843436158
0.10321723488205727
0.10301778196247643
0.10189344086413947
0.10123559258714121
0.10058030995168904
0.09992771855337763
0.09927802573173124
0.0986315503707202
0.09798869360787353
0.0973499942769121
0.09671601494365832
0.09608744773165995
0.09520010086075079
0.09458791951962144
0.09398224315951587
0.09338390525917041
0.09279377908769365
0.09221256945146251
0.09164102335048943
0.09107974704595165
0.09052926896212939
0.08998997931627638
0.08946214490314755
0.08894588318511586
0.08844120031680326
0.0879479193947789
0.08746566658916026
0.08699402241366042
0.08653237443036782
0.08607996384107969
0.08563595992704884
0.08519937905305984
0.08476922828427576
0.08434440088333468
0.08388651553605192
0.08350622957742129
0.08305646740110785
0.08264336178753738
0.0822263955522913
0.0818122062395689
0.08139931088790653
0.08097705152711837
0.08055466952581411
0.08012843091828023
0.07969799802477823
0.07926321653271758
0.07882407130556789
0.07838078612328012
0.07793362767130302
0.07748315059455713
0.07702993650817269
0.07657477435899115
0.07611851706127112
0.07566212473467053
0.07520663304291239
0.07475309660762111
0.07430261635871031
0.07385628596341022
0.07341518957447264
0.07298030624247288
0.07255260775516834
0.07213292416217099
0.07172201347828056
0.07132048486621705
0.07092882549409521
0.07054736442627887
0.07017629425367691
0.06981564167887225
0.0694652722602297
0.06912493543912485
0.0687942169004098
0.06847260188627333
0.06826562342463093
0.067853967811716
0.06755539005807581
0.06726283509528418
0.06697536154466606
0.06669208423607467
0.0664120735119307
0.06613443579109046
0.06585933072032801
0.0655829811553245
0.06530770315834372
0.06503188880040463
0.06475504205800676
0.0644768080712425
0.06419690183469959
0.06391521981149473
0.0636317045518112
0.06334649167325423
0.06306009537238534
0.06277183710617927
0.06248308694897633
0.06219397987219596
0.06190502882698794
0.06161676182680614
0.061329758616977474
0.06104458590376517
0.06076177555459869
0.0604818360951423
0.06020524781367581
0.05993239637089162
0.05966358490389523
0.05939906712237855
0.05913897075839998
0.05888333218187607
0.058632118419939094
0.05839076105275915
0.05814225840281828
0.05790303370635889
0.05766713129468926
0.05743408409660693
0.05720339679246966
0.056974524067165064
0.056746955676518177
0.05652011234187105
0.05629349135460885
0.05606659780534039
0.05583900063218366
0.05561032746186817
0.05538029030424801
0.05514868124377935
0.054915382078917094
0.0546803943177026
0.05444380818437463
0.05420580407397649
0.05396667464101746
0.05372679507885768
0.05348662130028044
0.053246675927741384
0.05300752958645192
0.05276981041424137
0.05253414711252103
0.05230119341166942
0.05207156321425073
0.05184586114208936
0.0516246479892609
0.05140776898588021
0.051197532293695835
0.05099236192128244
0.050793119705461166
0.05059993275960705
0.050412798807697196
0.05023162772683022
0.05005620505535069
0.04988623438060474
0.04972131582900613
0.04956094753017486
0.04940459717912713
0.04925163113922275
0.04910141213932139
0.04895324533072039
0.048806478199749925
0.04866042375255503
0.04851444364849761
0.048367965101252255
0.04821956433746571
0.04807050679500212
0.04792055413082472
0.04776755048098066
0.0476122480351593
0.047454564567725
0.04729454203338618
0.047132293601278887
0.04696807116295467
0.04680216560123547
0.04663496380290551
0.04646691006658442
0.04629849578958511
0.046130237684093786
0.04596267946191661
0.04579634660038916
0.04563173907503685
0.04546855914501991
0.0453095855600576
0.04515282833445563
0.04499936814239624
0.04484940718434753
0.04470307375551042
0.04456039521781797
0.04442131247976524
0.0442856933046357
0.044152482295571
0.04402384470763451
0.043896949778893496
0.04377219949016473
0.04364809110094648
0.043527286897605065
0.043406160536869014
0.04328527784481062
0.04316417273344511
0.04304242158502177
0.04291964325644965
0.04279552498914099
0.042669816897071555
0.042542343265346685
0.04241300880630869
0.04228180213942477
0.042148786508481556
0.042014116162208154
0.04187799726146828
0.0417407035561396
0.04160257497039352
0.04146397308545192
0.04132529413677783
0.041186957303017135
0.041049359585700454
0.040912893497325964
0.040777942743764325
0.0406448157757687
0.040513780339693474
0.04038506165678123
0.040258796873077055
0.04013505616555387
0.04001384179411069
0.039895067993480145
0.03977859814749644
0.03966420966134198
0.03955162338070533
0.039440527810921173
0.03933056338343689
0.03922133735316806
0.039112455302312624
0.039003523136548306
0.03889415638364992
0.038784000164420636
0.03867274095942064
0.03856012074994333
0.03844591428244136
0.03833000089220037
0.03821229135221126
0.03809280606045088
0.03797160125864843
0.03784883147827455
0.03772469898983986
0.037599471264905204
0.037473453209536906
0.03734606969416103
0.037220489367244404
0.03709431246584333
0.03696886566369631
0.03684451739338568
0.03672163473979345
0.03659988119428761
0.03648149855423767
0.036364746339404515
0.03625045004373645
0.03613871962116575
0.03602959066993647
0.035923027220350345
0.03581895456851284
0.03571723565493215
0.035617669205517205
0.035520027264030356
0.03542403892841561
0.03532941824620845
0.03523587319054159
0.03514309870340527
0.03505080591648361
0.03495873585646893
0.034866657867180545
0.03477436938283146
0.03468171878881423
0.03458861297173518
0.034494984095922845
0.034400849642070706
0.03430625806582349
0.03421129772259862
0.034116107340912735
0.034020860120101935
0.033925751235254945
0.03383098901959077
0.03373678426125021
0.033643365440910546
0.0335509189808539
0.033459640282503054
0.03336966596026219
0.03328111491611547
0.03319405884077913
0.03310852341229377
0.033024491835370484
0.03294190298989957
0.03286064285004887
0.03278055857462032
0.03270147429443269
0.03262317908663182
0.032545444180234126
0.03246418773113226
0.03239070716868766
0.032313226234441855
0.0322353858206477
0.03215699266290235
0.03207789024326421
0.03199796331315968
0.031917131041977354
0.03183537818104858
0.03175270856257777
0.03166919208334277
0.03158493115519251
0.031500076583937005
0.031414794096801014
0.03132929212815964
0.031243801078904027
0.031158537876761518
0.0310737336397539
0.03098961864753607
0.030906391831445428
0.030824240975588224
0.03074331113215095
0.030663725431192317
0.030585560296199566
0.030508848735373337
0.030433589882546432
0.030359739536408893
0.030287220560100976
0.030215914500321146
0.03014568276417331
0.030076366605251623
0.030007793858686516
0.02993978764445728
0.029872169628374995
0.029804777352637493
0.029737462847354394
0.029670093411751745
0.029602577776660758
0.0295348367711653
0.02946684118303018
0.029398585572110225
0.029330099453745886
0.029261433457017594
0.029192679317888773
0.0291236772495794
0.029055327523813488
0.02898698014870544
0.02891902771310023
0.02885159167490144
0.02878479443917356
0.02871874127215762
0.028653504100104213
0.02858914586977549
0.02852569150142223
0.028463145446416514
0.02840147955615821
0.02834063973398362
0.02828054697121732
0.028221103287754876
0.028162192206639628
0.028103693831490976
0.028045468194495667
0.027987256077442516
0.027929353126573207
0.027871075550564183
0.027812926521770517
0.02775438016983128
0.027695536135631974
0.027636376352590045
0.027576899986964193
0.02751713487940463
0.027457132425161644
0.027396964460939238
0.027336715770751356
0.027276489716742493
0.02721638619723515
0.0271564160443464
0.027096984693859346
0.027037881835690718
0.026979293539343703
0.0269212755405142
0.026863842969381106
0.026807142045354056
0.02675101639638054
0.026695567680538216
0.026640684217099645
0.02658632156220761
0.026532422967367526
0.026478893435506547
0.02642565118442846
0.02637259808107564
0.026319650015117737
0.026266731844081227
0.02621376654169739
0.0261607071663929
0.026107509222376184
0.026054158516738785
0.026000652363483236
0.025947009534852638
0.025893262136402913
0.025839461586115227
0.025785666142208556
0.025731948326753747
0.02567838463259569
0.0256250453253814
0.025571997694026894
0.025519308239729768
0.02546702811393774
0.025415197695900765
0.025363841870632026
0.02531296813035137
0.025262570930304824
0.025212625515191964
0.025163097913089478
0.0251139422551884
0.025065093480820883
0.025016503051785356
0.024968099223684558
0.024919826714149926
0.024871620078498087
0.024823436897759656
0.02477541564124558
0.024726991282285105
0.024678687628911525
0.02463032769425071
0.024581924058006105
0.02453349634878234
0.02448508621996747
0.024436948228085564
0.02438848400997153
0.02434038930883329
0.024292499746963864
0.024244855083586737
0.02419750407585441
0.02415047178739886
0.024103775448244377
0.02405743190178826
0.024011435820473163
0.02396577867621271
0.023920435278339397
0.023875371154812232
0.023830561586382245
0.023785956246772974
0.023741519247200076
0.023697204790552984
0.023652976272793173
0.02360880524127439
0.02356466106969956
0.02352053509148483
0.023476412641418684
0.023432302866759985
0.02338821112446509
0.023344158577010988
0.023300170613239444
0.023256274658085666
0.02321250873926402
0.023168901302487433
0.02312548039489518
0.023082277783049294
0.023039310223807234
0.022996598771810636
0.022954145665059406
0.022912352464197445
0.022870015128547652
0.022828315566976738
0.02278683484021372
0.0227455450801021
0.022704426107838627
0.022663443749592782
0.02262257650280731
0.022581799608805634
0.022541089429483706
0.022500438187116154
0.022459828894107636
0.02241926754219973
0.02237875382149106
0.022338299368893713
0.022297916576083366
0.02225762665923144
0.02221744623448063
0.022177397199515923
0.022141957362883245
0.022097776909579567
0.02205823393531609
0.02201888439867501
0.021979734249759846
0.021940784130346166
0.021902025447088674
0.021863450485436392
0.021825044470078252
0.02178679273137064
0.021748676779345694
0.021710681131414576
0.021672787528447885
0.021634982569541966
0.021597253367645525
0.02155959299585821
0.0215219993101957
0.021484474455900494
0.02144702385217468
0.02140965217721135
0.021372373824310044
0.02133520271537127
0.021298145029404532
0.02126122089496728
0.021224440668841337
0.021187810217633635
0.02115133752270601
0.021115023729750722
0.02107886844637241
0.02104286664762972
0.0210070132854372
0.0209712974102645
0.02093571070931146
0.020900845887583487
0.020864869627217033
0.020829599299216232
0.02079441423262624
0.020759311959434635
0.020724286098108974
0.02068934312829698