-3.	1.4707410497188182
-2.99	1.584840138967863
-2.98	1.5604518622747954
-2.97	1.4525507514054365
-2.96	1.2398721262768273
-2.95	1.3788431231952543
-2.94	1.4240654629140197
-2.93	1.3053805555282993
-2.92	1.2737152244448116
-2.91	0.9909515768385937
-2.9	1.1059679274880816
-2.89	1.372465459820233
-2.88	1.1738939399446544
-2.87	0.9026364097329768
-2.86	1.0648722474106187
-2.85	1.33387530280035
-2.84	1.1237010662245888
-2.83	1.080263245078078
-2.82	1.546874130821309
-2.81	1.1556377288503379
-2.8	1.397621396985139
-2.79	1.5830066908641258
-2.78	1.6526497524086556
-2.77	1.7791474635051083
-2.76	2.13031408220844
-2.75	2.2028486601158526
-2.74	2.113241850101653
-2.73	2.2222141594893916
-2.7199999999999998	2.513209384971602
-2.71	2.2739238601918026
-2.7	1.7533851783734826
-2.69	1.6512848782542089
-2.68	1.8496161437348893
-2.67	2.021581165224693
-2.66	2.2587750471404044
-2.65	2.5283484934086937
-2.64	2.437188698444601
-2.63	2.234908249546838
-2.62	2.2982333831689816
-2.61	2.284894087089148
-2.6	2.056175462076344
-2.59	1.7878033518327674
-2.58	1.7764685368439344
-2.57	1.9582894413314418
-2.56	2.079715464848053
-2.55	2.242281970071389
-2.54	2.5004644419788953
-2.53	2.285673901712466
-2.52	1.9789378225856478
-2.51	2.0755162357614783
-2.5	1.967951865618693
-2.49	2.1495760366431025
-2.48	1.8316393461878229
-2.4699999999999998	1.7792237027777582
-2.46	1.8976773985091684
-2.45	2.167973434707546
-2.44	1.987978098213526
-2.4299999999999997	2.2695712091967595
-2.42	1.8032758393578394
-2.41	1.7911585337542035
-2.4	1.664793988622542
-2.39	1.8546648677570292
-2.38	1.939454897346809
-2.37	2.137459194769884
-2.36	1.2112243377732008
-2.35	1.5903527273147842
-2.34	1.7471095201890492
-2.33	1.283609069036349
-2.32	1.437896017513842
-2.31	1.18377409644951
-2.3	1.1370020457617642
-2.29	1.2879949793349563
-2.2800000000000002	1.5259047843754758
-2.27	1.926169081463172
-2.26	2.2964722544264196
-2.25	2.298240623109099
-2.24	2.437441423886809
-2.23	2.1268636252057855
-2.2199999999999998	2.189861938546316
-2.21	2.3630106371578954
-2.2	2.3296629781995803
-2.19	2.085321281079034
-2.1799999999999997	2.336709075616887
-2.17	2.5836991791258614
-2.16	2.6246328500134792
-2.15	2.725717153673993
-2.14	3.0313343481464283
-2.13	2.937577942080891
-2.12	2.5736491616819355
-2.11	2.3575734561306283
-2.1	2.4274335759532946
-2.09	2.4811756399854303
-2.08	2.519152481688862
-2.07	2.4704702334302335
-2.06	2.6537783202624747
-2.05	2.775469309270837
-2.04	2.77713836700487
-2.0300000000000002	2.8981196192183103
-2.02	2.884043457607059
-2.01	2.7294241264010033
-2.	2.6388721482438124
-1.99	2.30503638729122
-1.98	2.4010894335240023
-1.97	2.464774866790899
-1.96	2.449276777186757
-1.95	2.5640579087187865
-1.94	2.7042719229246477
-1.93	2.8158863222434056
-1.92	2.60366693100581
-1.91	2.6020742275659945
-1.9	2.7027131796931956
-1.89	2.520675005085571
-1.88	2.48777878063518
-1.8699999999999999	2.0369954729873525
-1.8599999999999999	2.2515608951748094
-1.8499999999999999	2.435441814553111
-1.84	2.381119240879659
-1.83	2.3832282300404386
-1.82	2.2062030752166835
-1.81	2.5044715233772084
-1.8	1.943225647517863
-1.79	2.1200300634306517
-1.78	2.475936480168673
-1.77	1.8323002796886692
-1.76	1.4605864256978314
-1.75	1.3851593533572888
-1.74	1.8193058927181216
-1.73	2.026360248848986
-1.72	1.4771468002316201
-1.71	1.544522918207149
-1.7	1.71340059266726
-1.69	2.3406110020904594
-1.68	2.415078763028046
-1.67	2.65224565562847
-1.66	2.835183258535628
-1.65	2.8960348141861854
-1.64	2.5751941628361426
-1.63	2.605740968860073
-1.6199999999999999	2.744071784854463
-1.6099999999999999	3.0572064143706457
-1.5999999999999999	3.210271557153716
-1.59	3.12738518388032
-1.58	3.0000236293111344
-1.57	2.979245362704146
-1.56	2.9832662166163275
-1.55	3.0867706785416757
-1.54	3.1680027724979904
-1.53	3.2292284841318946
-1.52	3.029540666599059
-1.51	2.9097875645728606
-1.5	2.9039737345745826
-1.49	3.2324298999636953
-1.48	3.343590636373574
-1.47	3.1692651907159544
-1.46	3.1446584495696888
-1.45	3.1282624721308
-1.44	3.089190638992275
-1.43	3.202155897749556
-1.42	3.2930008928268126
-1.41	3.2580098789169285
-1.4	3.041408212562542
-1.39	2.892863763534937
-1.38	2.857795024975382
-1.3699999999999999	3.1300982102800687
-1.3599999999999999	3.2281263186893776
-1.3499999999999999	3.0283115788456336
-1.3399999999999999	3.0728154447459364
-1.33	2.9207351921667466
-1.32	3.077573085198654
-1.31	2.944141983004384
-1.3	3.308727743355604
-1.29	3.071687619878015
-1.28	2.6016936454183193
-1.27	2.250627068780296
-1.26	2.656446775920764
-1.25	2.9706781056314737
-1.24	2.768419543743775
-1.23	2.484642861608395
-1.22	2.6062547180599345
-1.21	1.7473602199643385
-1.2	2.286057138839548
-1.19	2.137085599144082
-1.18	2.7594788273410265
-1.17	1.855544135357835
-1.16	1.171749423312057
-1.15	2.1987637911950606
-1.14	2.9134443632784577
-1.13	3.0264586921407473
-1.1199999999999999	3.0540583960257317
-1.1099999999999999	3.1266287337273377
-1.0999999999999999	3.0394239056938206
-1.0899999999999999	3.1567391637052507
-1.08	3.3765123200401654
-1.07	3.6081726914021606
-1.06	3.4785637238059444
-1.05	3.5125435017565017
-1.04	3.3993467359021894
-1.03	3.524983817207618
-1.02	3.635404445423269
-1.01	3.6172202219898812
-1.	3.587304510607636
-0.9899999999999998	3.5452950567449313
-0.98	3.528289603821004
-0.9699999999999998	3.5929959839623624
-0.96	3.7212433222973775
-0.9500000000000002	3.5866834468207034
-0.94	3.7643278555670516
-0.9300000000000002	3.7720150244944426
-0.9199999999999999	3.6371894527081636
-0.9100000000000001	3.927933665195769
-0.8999999999999999	3.9490649767600123
-0.8900000000000001	3.7216766811261213
-0.8799999999999999	3.600940173827658
-0.8700000000000001	3.547632559093532
-0.8599999999999999	3.558622269969208
-0.8500000000000001	3.374920160929284
-0.8399999999999999	3.652630786235104
-0.8300000000000001	3.6746943626171222
-0.8199999999999998	3.468976155741782
-0.81	3.588166980542551
-0.7999999999999998	3.836085413803447
-0.79	3.7875578495711295
-0.7799999999999998	3.901643884312728
-0.77	3.157228816249003
-0.7599999999999998	2.654429399310402
-0.75	2.742532447025895
-0.7399999999999998	3.157625888924179
-0.73	2.906378275746159
-0.7199999999999998	2.5693579195275063
-0.71	2.1277155027479377
-0.6999999999999997	2.220483732980249
-0.69	2.464897196044526
-0.6800000000000002	2.948555629778361
-0.6699999999999999	2.9375260189494194
-0.6600000000000001	2.636454193638103
-0.6499999999999999	3.1289919114570726
-0.6400000000000001	3.311480073992199
-0.6299999999999999	3.2953699152245504
-0.6200000000000001	3.38863893140562
-0.6099999999999999	3.651593045149646
-0.6000000000000001	3.8657432388954374
-0.5899999999999999	3.867001073585717
-0.5800000000000001	4.025295061912655
-0.5699999999999998	3.94309146640736
-0.56	3.966953885452041
-0.5499999999999998	4.096696713519891
-0.54	4.14100869541958
-0.5299999999999998	4.003239934601285
-0.52	3.9788299830939704
-0.5099999999999998	4.04695652080831
-0.5	4.032152659282945
-0.48999999999999977	3.9921196665364174
-0.48	4.1451327369099795
-0.46999999999999975	4.082369641216498
-0.45999999999999996	4.094066731875518
-0.44999999999999973	4.1360641532844795
-0.43999999999999995	4.485425984240412
-0.43000000000000016	4.350347240037744
-0.41999999999999993	4.032122658454215
-0.41000000000000014	3.904580923085519
-0.3999999999999999	3.8981207945552385
-0.3900000000000001	3.813917975929922
-0.3799999999999999	3.286385687067125
-0.3700000000000001	3.2868427166602676
-0.3599999999999999	3.783475340514246
-0.3500000000000001	3.216646052598422
-0.33999999999999986	2.3377726660332154
-0.33000000000000007	2.6475986865194394
-0.31999999999999984	2.696054554918098
-0.31000000000000005	2.243297245778729
-0.2999999999999998	2.5265438234440003
-0.29000000000000004	2.9851715309340663
-0.2799999999999998	3.0467379566968678
-0.27	3.1233986724415628
-0.2599999999999998	3.3575694603125203
-0.25	3.559801668149304
-0.23999999999999977	3.823406436244328
-0.22999999999999998	3.7372905438448263
-0.21999999999999975	3.990693514324231
-0.20999999999999996	4.077166882390083
-0.19999999999999973	4.088060468556135
-0.18999999999999995	4.191877976747519
-0.18000000000000016	4.553389111316089
-0.16999999999999993	4.261366738192102
-0.16000000000000014	4.0900196494160035
-0.1499999999999999	4.025385191634081
-0.14000000000000012	3.9199998237993205
-0.1299999999999999	3.9073531504643495
-0.1200000000000001	3.7998489703063023
-0.10999999999999988	3.1940865237746703
-0.10000000000000009	3.0394154452490154
-0.08999999999999986	2.869679375672863
-0.08000000000000007	4.126170002688489
-0.06999999999999984	2.7916483767653935
-0.06000000000000005	2.696886816248586
-0.04999999999999982	2.697551891550043
-0.040000000000000036	2.6814937720328795
-0.029999999999999805	2.9301360152405516
-0.020000000000000018	3.1013901455892294
-0.009999999999999787	3.155301058267775
0.	3.3155294769080763
0.010000000000000231	3.068265609641272
0.020000000000000018	2.8127864935329683
0.03000000000000025	2.6530880030195325
0.040000000000000036	2.5040235479083797
0.050000000000000266	2.256627065900228
0.06000000000000005	2.1252205872354595
0.07000000000000028	2.2658260613988563
0.08000000000000007	5.246582135459091
0.08999999999999986	3.074788648358473
0.10000000000000009	2.435863729248334
0.10999999999999988	2.592757729798846
0.1200000000000001	2.8387388420523703
0.1299999999999999	3.10108725481709
0.14000000000000012	3.262859905910235
0.1499999999999999	3.320866275727133
0.16000000000000014	3.449506695747173
0.16999999999999993	3.3989934186685775
0.18000000000000016	3.422851547555213
0.18999999999999995	3.3950623224451015
0.20000000000000018	3.204172745795261
0.20999999999999996	3.126412118975339
0.2200000000000002	3.050092636665262
0.22999999999999998	3.0647952924635584
0.2400000000000002	3.0871265623182125
0.25	2.8595299742207403
0.26000000000000023	2.6917576275393036
0.27	2.7076852800053492
0.28000000000000025	2.559989031244813
0.29000000000000004	2.111336568741374
0.30000000000000027	1.8866732271545081
0.31000000000000005	1.8060368315685968
0.3200000000000003	2.789494009522232
0.33000000000000007	2.1558866494977917
0.33999999999999986	2.085665373935248
0.3500000000000001	2.479121679629805
0.3599999999999999	2.547191692343929
0.3700000000000001	2.619555461768704
0.3799999999999999	2.9782943202761283
0.3900000000000001	3.1493368453987673
0.3999999999999999	3.1710327079370355
0.41000000000000014	3.2687753320794672
0.41999999999999993	3.390205865654352
0.43000000000000016	3.468283225564455
0.43999999999999995	3.3806970686871014
0.4500000000000002	3.353682919191674
0.45999999999999996	3.36246918941308
0.4700000000000002	3.460940510141695
0.48	3.514532736858916
0.4900000000000002	3.499379150422741
0.5	3.469077069899949
0.5100000000000002	3.505347520515562
0.52	3.4732045026092626
0.5300000000000002	3.425618217060943
0.54	3.35815462584279
0.5500000000000003	3.366084176639437
0.56	3.2662630399646955
0.5700000000000003	3.250870965045872
0.5800000000000001	3.2446021915727137
0.5899999999999999	3.139415784277292
0.6000000000000001	3.104328422844845
0.6099999999999999	3.043905858267242
0.6200000000000001	3.0170295841222714
0.6299999999999999	2.8782170188033573
0.6400000000000001	2.60311025317507
0.6499999999999999	2.5112946199918698
0.6600000000000001	2.3646296939537756
0.6699999999999999	2.1320566164856345
0.6800000000000002	1.6889693727108859
0.69	2.6834193844012386
0.7000000000000002	1.8359257093576906
0.71	1.9359364958553806
0.7200000000000002	2.1811494589854155
0.73	2.2115151745503043
0.7400000000000002	2.200361601341835
0.75	2.4871075385018453
0.7600000000000002	2.621687709883495
0.77	2.86967257731311
0.7800000000000002	2.767590645376718
0.79	2.707175422120292
0.8000000000000003	2.7519286267560523
0.81	2.9610429950232513
0.8200000000000003	3.0390654229445837
0.8300000000000001	3.0927566254512477
0.8399999999999999	3.147811702656457
0.8500000000000001	3.1086252838154302
0.8599999999999999	3.1456172921075867
0.8700000000000001	3.2470394902796467
0.8799999999999999	3.227011025268026
0.8900000000000001	3.117702833282127
0.8999999999999999	3.1530209623849275
0.9100000000000001	3.172648793289479
0.9199999999999999	3.141979601258281
0.9300000000000002	3.183314862424079
0.94	3.209972348393184
0.9500000000000002	3.2293750464749618
0.96	3.216959973209027
0.9700000000000002	3.200287954174184
0.98	3.238742604622901
0.9900000000000002	3.194890090943149
1.	3.1361736609196162
1.0099999999999998	3.038640276628179
1.0200000000000005	3.0482282921401396
1.0300000000000002	3.035695982113371
1.04	2.9848474759802452
1.0499999999999998	2.9771748351711826
1.0600000000000005	2.936765423694994
1.0700000000000003	2.822861821103819
1.08	2.7996446674350772
1.0899999999999999	2.863875435921398
1.0999999999999996	2.793973802981456
1.1100000000000003	2.710181684514284
1.12	2.486331872012194
1.13	2.2236979371536654
1.1399999999999997	2.024585959526281
1.1500000000000004	1.9364752298218888
1.1600000000000001	1.594332692577272
1.17	1.6899859465449234
1.1799999999999997	1.6313446855752285
1.1900000000000004	1.5779559251817243
1.2000000000000002	1.7642533004020817
1.21	2.1387487085502626
1.2199999999999998	2.2350735576594554
1.2300000000000004	2.021565591500371
1.2400000000000002	2.030087538016865
1.25	2.0719766580705747
1.2599999999999998	2.356737836725274
1.2700000000000005	2.4350704024519536
1.2800000000000002	2.5612863160659995
1.29	2.561604423781705
1.2999999999999998	2.4154019829152307
1.3100000000000005	2.475647369282208
1.3200000000000003	2.630644222185014
1.33	2.77103358574281
1.3399999999999999	2.706055147234797
1.3500000000000005	2.648072379003188
1.3600000000000003	2.694550408856867
1.37	2.737967632831331
1.38	2.7529071766045456
1.3899999999999997	2.789457333181599
1.4000000000000004	2.815505761112285
1.4100000000000001	2.7884298680788313
1.42	2.728496520157453
1.4299999999999997	2.7741966436104493
1.4400000000000004	2.7980461992537675
1.4500000000000002	2.858675254766587
1.46	2.786804260614874
1.4699999999999998	2.732250159671736
1.4800000000000004	2.7684723573387524
1.4900000000000002	2.7857784071018634
1.5	2.7763693955726065
1.5099999999999998	2.78246026533725
1.5200000000000005	2.8146018924030582
1.5300000000000002	2.779537110228367
1.54	2.6778534498245117
1.5499999999999998	2.6679426149723886
1.5600000000000005	2.73096203106143
1.5700000000000003	2.7447086479739005
1.58	2.652213485602651
1.5899999999999999	2.5733294364210075
1.6000000000000005	2.560768632299623
1.6100000000000003	2.5455572176820196
1.62	2.4762287807706227
1.63	2.4554871063616717
1.6399999999999997	2.4714425361010157
1.6500000000000004	2.458884349835804
1.6600000000000001	2.29540317210672
1.67	2.147055329120287
1.6799999999999997	1.922785610984894
1.6900000000000004	1.861853270192954
1.7000000000000002	1.746163497362265
1.71	1.360281304878019
1.7199999999999998	1.3486550932583186
1.7300000000000004	1.5019135871439715
1.7400000000000002	1.3482505057216398
1.75	1.4649168727111301
1.7599999999999998	1.5957551855008818
1.7700000000000005	1.9777380277735472
1.7800000000000002	1.704279089515249
1.79	1.5935421784613266
1.7999999999999998	1.658350562776765
1.8100000000000005	1.9465243215461647
1.8200000000000003	2.0155348367007515
1.83	1.9359147938200876
1.8399999999999999	2.010815181809213
1.8500000000000005	2.0983944711430125
1.8600000000000003	2.1139745922207416
1.87	2.0838430003895985
1.88	2.1609299083437095
1.8899999999999997	2.2711134914894564
1.9000000000000004	2.1835901239525106
1.9100000000000001	2.157805205565406
1.92	2.225378955817548
1.9299999999999997	2.2738083534660385
1.9400000000000004	2.3020769052580605
1.9500000000000002	2.247122576916864
1.96	2.320368007379408
1.9699999999999998	2.363307965925211
1.9800000000000004	2.362376731273853
1.9900000000000002	2.314865090184411
2.	2.260106780838864
2.01	2.2930581852262546
2.0200000000000005	2.243266096760456
2.0300000000000002	2.2707869644853833
2.04	2.323034047748833
2.05	2.3393711312817578
2.0600000000000005	2.3653824787734297
2.0700000000000003	2.368315565029845
2.08	2.3526213240808094
2.09	2.334938684036914
2.1000000000000005	2.295601633170713
2.1100000000000003	2.218025339593127
2.12	2.2237959420924636
2.13	2.25372339368548
2.1399999999999997	2.209121882693071
2.1500000000000004	2.188923212679267
2.16	2.231650741879441
2.17	2.251138800583879
2.1799999999999997	2.299587796201329
2.1900000000000004	2.2020626779005923
2.2	2.134515923714583
2.21	2.061704134662493
2.2199999999999998	1.9513218317832732
2.2300000000000004	1.8533633949382906
2.24	1.753974195029356
2.25	1.704894128431054
2.26	1.6139755773097126
2.2700000000000005	1.422942232362847
2.2800000000000002	1.1225530233886694
2.29	1.7818266094446393
2.3	1.2985694842950088
2.3100000000000005	1.3151507587253246
2.3200000000000003	1.2735169216124154
2.33	1.2365100058709544
2.34	1.1898986909756
2.3500000000000005	1.2171245453543356
2.3600000000000003	1.2720406226829084
2.37	1.3828291206483287
2.38	1.6180824384537242
2.3899999999999997	1.560336061453929
2.4000000000000004	1.4258475448669645
2.41	1.632930457590502
2.42	1.7023714966333523
2.4299999999999997	1.6415584770993854
2.4400000000000004	1.58799945796819
2.45	1.6154856710571301
2.46	1.6429337203250942
2.4699999999999998	1.7120615553024257
2.4800000000000004	1.737377379312724
2.49	1.7952286211103015
2.5	1.8506974510122252
2.51	1.7588345987158374
2.5200000000000005	1.7670034562588224
2.5300000000000002	1.846717191154123
2.54	1.8081627138015983
2.55	1.8071186834589874
2.5600000000000005	1.8257760460336112
2.5700000000000003	1.790470107242682
2.58	1.8292689867344067
2.59	1.8265536389172807
2.6000000000000005	1.8327995095537326
2.6100000000000003	1.8182511730258197
2.62	1.774044771324513
2.63	1.7902046237733533
2.6399999999999997	1.8323412553783964
2.6500000000000004	1.8839151569419592
2.66	1.870338289381891
2.67	1.8761574810662245
2.6799999999999997	1.8541281256030304
2.6900000000000004	1.8465636032574346
2.7	1.7827757688168118
2.71	1.7067658795234213
2.7199999999999998	1.6463035172760128
2.7300000000000004	1.655572691380052
2.74	1.644422527361157
2.75	1.688944720704353
2.76	1.7315034278729655
2.7700000000000005	1.6994625595963382
2.7800000000000002	1.621478605372902
2.79	1.5656546547063315
2.8	1.3803917083890018
2.8100000000000005	1.1141223318200935
2.8200000000000003	0.9303766673135725
2.83	1.0550580110765302
2.84	1.0502150153057015
2.8500000000000005	1.0438436441933512
2.8600000000000003	1.0275966224440591
2.87	1.0584125368437036
2.88	1.0209095601491527
2.8899999999999997	1.0722957661985248
2.9000000000000004	0.9436317786573082
2.91	0.9913439958850397
2.92	0.9564136892263113
2.9299999999999997	1.1111202495450827
2.9400000000000004	1.0464022359721656
2.95	1.0892136246037967
2.96	1.1532224036153829
2.9699999999999998	1.1886070922569967
2.9800000000000004	1.2156189371450563
2.99	1.203545311317785
3.	1.1804897232302014