-3.	1.4351513108732632
-2.99	1.5441872193109043
-2.98	1.5396306430306101
-2.97	1.4124718034978778
-2.96	1.2261547971416769
-2.95	1.3669403887551232
-2.94	1.4473922611168781
-2.93	1.2866587518374033
-2.92	1.0479324310399123
-2.91	1.0381124883779451
-2.9	1.0128027831061628
-2.89	1.342363618756798
-2.88	1.1738225428323068
-2.87	0.9576733811037588
-2.86	1.0598526663806505
-2.85	1.3479200030504135
-2.84	1.0961718189729206
-2.83	1.0633884154006776
-2.82	1.5357259757504513
-2.81	1.0472937126386364
-2.8	1.4317167311154886
-2.79	1.5496797348183822
-2.78	1.6531507828941157
-2.77	1.756875451188291
-2.76	2.078708829191603
-2.75	2.209452966717793
-2.74	2.1226557903614993
-2.73	2.255524593213259
-2.7199999999999998	2.515751547112871
-2.71	2.2583990709290274
-2.7	1.6995965051396962
-2.69	1.6352637115650763
-2.68	1.8543729578384058
-2.67	2.010922870606053
-2.66	2.2162898234340562
-2.65	2.4943409840967874
-2.64	2.4087218770143544
-2.63	2.269330334274339
-2.62	2.331616450385759
-2.61	2.267782895296715
-2.6	2.057929065659821
-2.59	1.7340790984724566
-2.58	1.725969498398553
-2.57	1.9638032795315594
-2.56	2.0414008304796245
-2.55	2.1970496548730107
-2.54	2.500053218602665
-2.53	2.3001392276577923
-2.52	1.9624957089996709
-2.51	2.093521515198811
-2.5	1.9863240666057962
-2.49	2.170833916732645
-2.48	1.8157550911905525
-2.4699999999999998	1.6708948769091272
-2.46	1.9039519625053591
-2.45	2.143701549488754
-2.44	1.9548984028373253
-2.4299999999999997	2.2390299801741538
-2.42	1.7725578504191215
-2.41	1.812456875235582
-2.4	1.7053160557532738
-2.39	1.8624653095247368
-2.38	1.9716269619221078
-2.37	2.1295565956660694
-2.36	1.1028860449613132
-2.35	1.5063390135702328
-2.34	1.8144215626112292
-2.33	1.2581682155652723
-2.32	1.4056733781201993
-2.31	1.1907099916868784
-2.3	1.1337241197973253
-2.29	1.2869234645233705
-2.2800000000000002	1.515708767172488
-2.27	1.9462352191233998
-2.26	2.3013627179053198
-2.25	2.2800772530785394
-2.24	2.4205709644188835
-2.23	2.061336684165779
-2.2199999999999998	2.2369172330829783
-2.21	2.383504078573158
-2.2	2.329729056309145
-2.19	2.118915280475325
-2.1799999999999997	2.3247273663030628
-2.17	2.591235607610855
-2.16	2.6533858464566302
-2.15	2.7492979977458174
-2.14	3.024664721598799
-2.13	2.9321247304924074
-2.12	2.554179514880862
-2.11	2.283561491309269
-2.1	2.44922123149483
-2.09	2.428303417471217
-2.08	2.471956826748784
-2.07	2.410085415901695
-2.06	2.6415523560664225
-2.05	2.762667187837066
-2.04	2.7889443540105554
-2.0300000000000002	2.9017834346636397
-2.02	2.9066689428794295
-2.01	2.7054715366703936
-2.	2.623638150663587
-1.99	2.2643943296073217
-1.98	2.411766353602919
-1.97	2.4608553982522707
-1.96	2.4522398643233076
-1.95	2.5505665120821277
-1.94	2.701372120797845
-1.93	2.834609128391245
-1.92	2.6331991545406
-1.91	2.636569809349193
-1.9	2.6987378627292395
-1.89	2.5115848548505246
-1.88	2.425953413302458
-1.8699999999999999	2.0152628084126927
-1.8599999999999999	2.2997514852064693
-1.8499999999999999	2.4185837375593837
-1.84	2.3270654830915154
-1.83	2.3420816002449985
-1.82	2.2347874493612716
-1.81	2.5032834633507792
-1.8	1.930395913227635
-1.79	2.187834557990985
-1.78	2.46455895470555
-1.77	1.8028742185351916
-1.76	1.4572148338067406
-1.75	1.3606999137435076
-1.74	1.9062003585599285
-1.73	2.0075389110486106
-1.72	1.4672097101740889
-1.71	1.5670013286467208
-1.7	1.7018969067625656
-1.69	2.3370275138592316
-1.68	2.4096127034243855
-1.67	2.6429590923883595
-1.66	2.801182481007258
-1.65	2.922822626029609
-1.64	2.5781040300439457
-1.63	2.562251602307489
-1.6199999999999999	2.7572154952414096
-1.6099999999999999	3.06542670785366
-1.5999999999999999	3.1828286807163835
-1.59	3.1041425058069163
-1.58	2.9773230152785617
-1.57	2.9799755793088276
-1.56	2.97393604504312
-1.55	3.112723639404893
-1.54	3.176281830690018
-1.53	3.25794191287295
-1.52	3.02528445228858
-1.51	2.8643569209973316
-1.5	2.9319214595441534
-1.49	3.196121373035842
-1.48	3.3357839752156986
-1.47	3.153621823804316
-1.46	3.1217675378723158
-1.45	3.1376695525236484
-1.44	3.101048215814839
-1.43	3.1981504692839473
-1.42	3.299429846713778
-1.41	3.238921830696563
-1.4	2.9812711918893897
-1.39	2.8525992733738104
-1.38	2.8559127109756925
-1.3699999999999999	3.140058233884108
-1.3599999999999999	3.214834847746701
-1.3499999999999999	3.0370560979992116
-1.3399999999999999	3.0986383893479035
-1.33	2.940288314716988
-1.32	3.088696596264417
-1.31	2.9592189719441966
-1.3	3.3002120671799133
-1.29	3.084138673243887
-1.28	2.578706595159148
-1.27	2.287089034178868
-1.26	2.6327700924474082
-1.25	2.9708437240551744
-1.24	2.7395771532209947
-1.23	2.4163401086505134
-1.22	2.560590883479248
-1.21	1.6830389554135314
-1.2	2.1934501968536706
-1.19	2.192220420161421
-1.18	2.684665972747249
-1.17	1.9125164047595717
-1.16	1.2246530740934751
-1.15	2.251384796612457
-1.14	2.872584377324922
-1.13	3.0320024138598964
-1.1199999999999999	3.052333841008903
-1.1099999999999999	3.0975546281455912
-1.0999999999999999	3.0577894105185863
-1.0899999999999999	3.175318327300642
-1.08	3.3853658940798654
-1.07	3.6145672436067864
-1.06	3.423633620915077
-1.05	3.5355431701574735
-1.04	3.3837339320242465
-1.03	3.4957194374711102
-1.02	3.621713368772958
-1.01	3.6389641016665095
-1.	3.582847898345186
-0.9899999999999998	3.5512430456504154
-0.98	3.543952532291132
-0.9699999999999998	3.6047861793548925
-0.96	3.7199037890360316
-0.9500000000000002	3.58986942283646
-0.94	3.7564198763173864
-0.9300000000000002	3.7772788714094094
-0.9199999999999999	3.6725466390014603
-0.9100000000000001	3.9340174649146165
-0.8999999999999999	3.9350751206530625
-0.8900000000000001	3.7084833312854744
-0.8799999999999999	3.5974650975211104
-0.8700000000000001	3.5502394855226664
-0.8599999999999999	3.5339751917285205
-0.8500000000000001	3.379188757926973
-0.8399999999999999	3.67938464390778
-0.8300000000000001	3.6539507618150466
-0.8199999999999998	3.506391959959371
-0.81	3.5320927039832952
-0.7999999999999998	3.791754971691988
-0.79	3.7646211381632098
-0.7799999999999998	3.884395426554758
-0.77	3.1872580983115495
-0.7599999999999998	2.6148308829689006
-0.75	2.7289777709589402
-0.7399999999999998	3.078047144965898
-0.73	2.8519729047285325
-0.7199999999999998	2.5259306142676605
-0.71	2.0376422505969543
-0.6999999999999997	2.1009084811734757
-0.69	2.4276489601880633
-0.6800000000000002	2.903633222910572
-0.6699999999999999	2.939404083874741
-0.6600000000000001	2.6904745169106707
-0.6499999999999999	3.0889605409089045
-0.6400000000000001	3.241364230638086
-0.6299999999999999	3.339954868800555
-0.6200000000000001	3.3699090156742937
-0.6099999999999999	3.6050139139745494
-0.6000000000000001	3.878540119992457
-0.5899999999999999	3.862758988873988
-0.5800000000000001	4.035037662353756
-0.5699999999999998	3.954639444974877
-0.56	4.008141006042716
-0.5499999999999998	4.097950851324039
-0.54	4.161530170499003
-0.5299999999999998	4.011211474243742
-0.52	3.9616813307327643
-0.5099999999999998	4.032563426624846
-0.5	4.045931186173917
-0.48999999999999977	3.981448724691248
-0.48	4.136657413454919
-0.46999999999999975	4.070365297423722
-0.45999999999999996	4.118968496688981
-0.44999999999999973	4.088933582778308
-0.43999999999999995	4.461949908518643
-0.43000000000000016	4.351414653971593
-0.41999999999999993	4.049601465098632
-0.41000000000000014	3.919626318450012
-0.3999999999999999	3.894135558442424
-0.3900000000000001	3.7258998353543733
-0.3799999999999999	3.3945010466645806
-0.3700000000000001	3.2750392335850735
-0.3599999999999999	3.7075927876367523
-0.3500000000000001	3.135023164716416
-0.33999999999999986	2.3333519681710606
-0.33000000000000007	2.690468794750623
-0.31999999999999984	2.6026219824257466
-0.31000000000000005	2.2018156312085244
-0.2999999999999998	2.5119898229343427
-0.29000000000000004	2.9253115809578394
-0.2799999999999998	3.1474609618262157
-0.27	3.156366241640205
-0.2599999999999998	3.376524987594277
-0.25	3.6115708444148313
-0.23999999999999977	3.859438672473103
-0.22999999999999998	3.7872902357736087
-0.21999999999999975	3.931476873738389
-0.20999999999999996	4.107938325732692
-0.19999999999999973	4.137356380297183
-0.18999999999999995	4.220804701146358
-0.18000000000000016	4.626795832858359
-0.16999999999999993	4.280448307047217
-0.16000000000000014	4.031917673827148
-0.1499999999999999	4.096807998110331
-0.14000000000000012	3.9198651384147185
-0.1299999999999999	3.9204838679098044
-0.1200000000000001	3.7446505031522093
-0.10999999999999988	3.2248037580940965
-0.10000000000000009	3.098421722022936
-0.08999999999999986	2.8154317113427454
-0.08000000000000007	4.195823014944608
-0.06999999999999984	2.650491850435918
-0.06000000000000005	2.7407482553489717
-0.04999999999999982	2.724959386515472
-0.040000000000000036	2.685045208193582
-0.029999999999999805	2.990927757073275
-0.020000000000000018	3.0486537422552535
-0.009999999999999787	3.19864367195394
0.	3.2967210022078084
0.010000000000000231	3.1259867225279003
0.020000000000000018	2.942705239170375
0.03000000000000025	2.7667683769594755
0.040000000000000036	2.550739352935488
0.050000000000000266	2.374072388128712
0.06000000000000005	2.1722632189455036
0.07000000000000028	2.30178651367261
0.08000000000000007	4.98300408507383
0.08999999999999986	2.6009611605628344
0.10000000000000009	2.3295181312434026
0.10999999999999988	2.7103946991448975
0.1200000000000001	3.012727559577663
0.1299999999999999	3.261440538938657
0.14000000000000012	3.3455720919522522
0.1499999999999999	3.521913231753917
0.16000000000000014	3.481761412313942
0.16999999999999993	3.5623786383992604
0.18000000000000016	3.5637973330870234
0.18999999999999995	3.476906209212297
0.20000000000000018	3.302085170870454
0.20999999999999996	3.202196153444586
0.2200000000000002	3.1467072883352065
0.22999999999999998	3.0685041828661705
0.2400000000000002	3.095219575113333
0.25	2.945305461220053
0.26000000000000023	2.7062986537913543
0.27	2.7357194816322403
0.28000000000000025	2.5833161961491884
0.29000000000000004	2.276638512210333
0.30000000000000027	1.8726508954285608
0.31000000000000005	1.745689932407685
0.3200000000000003	2.6499641221961343
0.33000000000000007	2.1828586856543684
0.33999999999999986	2.239971150913671
0.3500000000000001	2.52942983008635
0.3599999999999999	2.6236993759945473
0.3700000000000001	2.659773546896476
0.3799999999999999	2.9550530354564684
0.3900000000000001	3.2537507060056488
0.3999999999999999	3.2307931151900715
0.41000000000000014	3.2619707410512553
0.41999999999999993	3.44065270182494
0.43000000000000016	3.485052007060771
0.43999999999999995	3.4154890747338325
0.4500000000000002	3.4107097123076877
0.45999999999999996	3.414868514823732
0.4700000000000002	3.4609383640727147
0.48	3.548822918673898
0.4900000000000002	3.534914722040421
0.5	3.549463977950742
0.5100000000000002	3.579088436315928
0.52	3.5125626829416343
0.5300000000000002	3.4560242278694973
0.54	3.38797279787715
0.5500000000000003	3.3526981506945606
0.56	3.2963892504817056
0.5700000000000003	3.2589122204444902
0.5800000000000001	3.223718567134756
0.5899999999999999	3.1768726225030917
0.6000000000000001	3.113186462518421
0.6099999999999999	3.1307651112087873
0.6200000000000001	3.0510865939612217
0.6299999999999999	2.8206408194220676
0.6400000000000001	2.6575196739273985
0.6499999999999999	2.5624293121797743
0.6600000000000001	2.4629565139038987
0.6699999999999999	2.2434985935260454
0.6800000000000002	1.741136497452424
0.69	2.473205685190519
0.7000000000000002	1.7990708002007496
0.71	2.0639476754266166
0.7200000000000002	2.1713236520755124
0.73	2.1630304628056556
0.7400000000000002	2.226741326035789
0.75	2.5340523432655346
0.7600000000000002	2.6682565179444957
0.77	2.9397434493221475
0.7800000000000002	2.7925997340210817
0.79	2.7298300686424786
0.8000000000000003	2.867166448521472
0.81	2.9950255500560847
0.8200000000000003	3.0788648406805637
0.8300000000000001	3.1828223075470605
0.8399999999999999	3.18401739076318
0.8500000000000001	3.1449897308013903
0.8599999999999999	3.2011591497820038
0.8700000000000001	3.319961295971256
0.8799999999999999	3.2692237562455335
0.8900000000000001	3.1626866836360867
0.8999999999999999	3.1451567703653556
0.9100000000000001	3.203549406918242
0.9199999999999999	3.2010979555215933
0.9300000000000002	3.2268161535839095
0.94	3.215667847905663
0.9500000000000002	3.25302104309689
0.96	3.1979463589282453
0.9700000000000002	3.2243369573754053
0.98	3.251022192968363
0.9900000000000002	3.2294779235674795
1.	3.128424971383426
1.0099999999999998	3.034540297262269
1.0200000000000005	3.0256154852795953
1.0300000000000002	3.0354356262099333
1.04	3.0538715958795324
1.0499999999999998	3.004780695948663
1.0600000000000005	2.958070661270154
1.0700000000000003	2.8666591997214046
1.08	2.859728715260961
1.0899999999999999	2.845462252176138
1.0999999999999996	2.8111697977011056
1.1100000000000003	2.75437579800222
1.12	2.506494100988289
1.13	2.1874734555820154
1.1399999999999997	2.068770197338075
1.1500000000000004	1.9562956512002334
1.1600000000000001	1.6536922248679193
1.17	1.6624927102315996
1.1799999999999997	1.6496893594849724
1.1900000000000004	1.572504481167061
1.2000000000000002	1.782528729878822
1.21	2.1512432260519847
1.2199999999999998	2.184945643178434
1.2300000000000004	2.102430459060974
1.2400000000000002	2.0494195911633426
1.25	2.101405529221649
1.2599999999999998	2.3729057194686503
1.2700000000000005	2.4466313199528473
1.2800000000000002	2.554346548258515
1.29	2.576349877804035
1.2999999999999998	2.472439477663464
1.3100000000000005	2.5379516500777974
1.3200000000000003	2.63699637035792
1.33	2.807812547707767
1.3399999999999999	2.727732488460693
1.3500000000000005	2.6826898487305897
1.3600000000000003	2.728235052123104
1.37	2.7569975906597666
1.38	2.831298770274424
1.3899999999999997	2.832316430062237
1.4000000000000004	2.8426761210780693
1.4100000000000001	2.814695010343426
1.42	2.758158343605524
1.4299999999999997	2.7623207481930008
1.4400000000000004	2.8103873327818563
1.4500000000000002	2.8539783517163664
1.46	2.7934793496149743
1.4699999999999998	2.7460913562151
1.4800000000000004	2.760310308447234
1.4900000000000002	2.8227325999179764
1.5	2.8036077926044376
1.5099999999999998	2.803656528364741
1.5200000000000005	2.839792773912778
1.5300000000000002	2.791581453897887
1.54	2.694208235524024
1.5499999999999998	2.688436733531907
1.5600000000000005	2.726761897732087
1.5700000000000003	2.7728830522130825
1.58	2.6924569663158997
1.5899999999999999	2.6030977537591062
1.6000000000000005	2.571749181192283
1.6100000000000003	2.593398259761819
1.62	2.558715642766166
1.63	2.4942904151504055
1.6399999999999997	2.4919677227302093
1.6500000000000004	2.506260636033832
1.6600000000000001	2.3031513209641483
1.67	2.074541416470921
1.6799999999999997	1.9703722907363759
1.6900000000000004	1.9391746757964896
1.7000000000000002	1.7872395191857293
1.71	1.3510580526012745
1.7199999999999998	1.4206067825933473
1.7300000000000004	1.5202957093561171
1.7400000000000002	1.4553839441765457
1.75	1.4264543237768381
1.7599999999999998	1.6615363043405211
1.7700000000000005	2.020504767413809
1.7800000000000002	1.7808097864661565
1.79	1.6052138439148107
1.7999999999999998	1.7317356127073638
1.8100000000000005	1.952802678919073
1.8200000000000003	2.0677867180218277
1.83	1.9032305313069926
1.8399999999999999	2.0118990902167377
1.8500000000000005	2.155273034306927
1.8600000000000003	2.1205966947341603
1.87	2.0763752554378176
1.88	2.179569511359903
1.8899999999999997	2.3072164679089573
1.9000000000000004	2.2149342172988313
1.9100000000000001	2.168586457321512
1.92	2.2227934375682845
1.9299999999999997	2.296210376495626
1.9400000000000004	2.3290381463834113
1.9500000000000002	2.313287637405291
1.96	2.3412971205709585
1.9699999999999998	2.3782156208016714
1.9800000000000004	2.38854464738539
1.9900000000000002	2.286462025110956
2.	2.3025826283843056
2.01	2.3246174013873855
2.0200000000000005	2.301129123016183
2.0300000000000002	2.271263338800757
2.04	2.3356851219113963
2.05	2.391063720604676
2.0600000000000005	2.3793633635016436
2.0700000000000003	2.3753340903924336
2.08	2.3644837896121977
2.09	2.368957091392822
2.1000000000000005	2.328335410581734
2.1100000000000003	2.2309426513489305
2.12	2.225288121184538
2.13	2.2771227557646743
2.1399999999999997	2.240115327613128
2.1500000000000004	2.22186457103094
2.16	2.235316388976526
2.17	2.2553197992202514
2.1799999999999997	2.2676719123906834
2.1900000000000004	2.2134722451349425
2.2	2.1311616483489404
2.21	2.0897409148526607
2.2199999999999998	1.936107679886011
2.2300000000000004	1.8063061501237467
2.24	1.7710422190578772
2.25	1.742486230024993
2.26	1.6492824282523602
2.2700000000000005	1.4851998808496176
2.2800000000000002	1.1593619405694924
2.29	1.5189672861569823
2.3	1.298363145693705
2.3100000000000005	1.3269656483932346
2.3200000000000003	1.2632737243477956
2.33	1.2593754605198326
2.34	1.2041408608592281
2.3500000000000005	1.2277838807208845
2.3600000000000003	1.244907441068514
2.37	1.430405321854514
2.38	1.6495115181706024
2.3899999999999997	1.6082304541086754
2.4000000000000004	1.456874002364515
2.41	1.6232648326825896
2.42	1.6964316038220855
2.4299999999999997	1.6924808767537096
2.4400000000000004	1.6521953130847171
2.45	1.6256167366778331
2.46	1.6277413519293558
2.4699999999999998	1.6771467717716417
2.4800000000000004	1.7576287198604195
2.49	1.8702440646244323
2.5	1.8611001733985018
2.51	1.7538734829354046
2.5200000000000005	1.7468819839758014
2.5300000000000002	1.8569274126627455
2.54	1.827679287287268
2.55	1.819955146023482
2.5600000000000005	1.8248542290359757
2.5700000000000003	1.8567985409823753
2.58	1.8828901025533333
2.59	1.823830487220796
2.6000000000000005	1.8611088670381033
2.6100000000000003	1.8410697991442715
2.62	1.7737818069626994
2.63	1.785810679283601
2.6399999999999997	1.8738453183627692
2.6500000000000004	1.8871507622306076
2.66	1.8842883953722227
2.67	1.8704494849110402
2.6799999999999997	1.8776364822680385
2.6900000000000004	1.8476521187839932
2.7	1.7389575576059328
2.71	1.7296188949978126
2.7199999999999998	1.6853170721402186
2.7300000000000004	1.6467027258771734
2.74	1.698196171358621
2.75	1.6901060912292463
2.76	1.7764256462469543
2.7700000000000005	1.7162442292962465
2.7800000000000002	1.6436403488436242
2.79	1.5710848237985686
2.8	1.3890805918774378
2.8100000000000005	1.0844694969640503
2.8200000000000003	0.9032321994224414
2.83	0.9499716182638251
2.84	1.0266501975686895
2.8500000000000005	1.033045662243517
2.8600000000000003	0.9835140187125535
2.87	1.0141237047318528
2.88	1.0448977637912473
2.8899999999999997	1.0488720440454673
2.9000000000000004	0.9901967002345682
2.91	0.9809713751525578
2.92	0.9843587234604674
2.9299999999999997	1.1135232916748776
2.9400000000000004	1.0785809971920268
2.95	1.1076800314144748
2.96	1.1665854425337996
2.9699999999999998	1.2204424919103225
2.9800000000000004	1.2393164673035155
2.99	1.2197959683890867
3.	1.1884990215692677