-2.	0.0022276968100137934
-1.99	0.014169781649766441
-1.98	0.0218414404921735
-1.97	0.026678008846287685
-1.96	0.027546396741344535
-1.95	0.0310306491874721
-1.94	0.03273952756151918
-1.93	0.036567433038558465
-1.92	0.03417324588246241
-1.91	0.03757263439502158
-1.9	0.042967036279476
-1.89	0.04498471903717197
-1.88	0.05099704498395894
-1.87	0.055354735023094966
-1.8599999999999999	0.05948032659187141
-1.85	0.06917824098078215
-1.84	0.07453913806550062
-1.83	0.08157991685750367
-1.82	0.08715035058643275
-1.81	0.09756683219386086
-1.8	0.10713417788500858
-1.79	0.10847213272732802
-1.78	0.12367524521624813
-1.77	0.12390248248273733
-1.76	0.13163496728738788
-1.75	0.14413086614127152
-1.74	0.14679679755403657
-1.73	0.16423920581883872
-1.72	0.164466365750786
-1.71	0.1760151697545354
-1.7	0.17749572728850518
-1.69	0.19346091523583805
-1.68	0.19571548206111328
-1.67	0.19242524773395872
-1.66	0.21463044374510315
-1.65	0.21990105352294867
-1.6400000000000001	0.22090728999829298
-1.63	0.23037589832298
-1.62	0.22705771639367517
-1.6099999999999999	0.24784823805344178
-1.6	0.2560602706965725
-1.5899999999999999	0.25552516126543595
-1.58	0.26094819260442575
-1.57	0.27521891163854467
-1.56	0.2747075587889069
-1.55	0.2872355627175275
-1.54	0.28245788400998884
-1.53	0.30103931196363515
-1.52	0.2968116154536481
-1.51	0.3113682221613792
-1.5	0.3022645180870868
-1.49	0.3060697129936419
-1.48	0.31454998285873365
-1.47	0.31579934173743707
-1.46	0.33069443271021
-1.45	0.33521109446455327
-1.44	0.341690009415649
-1.43	0.33677423930216654
-1.42	0.33711212834228077
-1.4100000000000001	0.35248076004043377
-1.4	0.3555350217452267
-1.3900000000000001	0.35265171983555976
-1.38	0.3530577351012966
-1.37	0.36695995116288455
-1.3599999999999999	0.3687439024275345
-1.35	0.3798660615930121
-1.3399999999999999	0.3727757726757169
-1.33	0.3901303861201686
-1.3199999999999998	0.38637914797004913
-1.31	0.38871547652115385
-1.2999999999999998	0.38512582030836384
-1.29	0.3837908873746225
-1.28	0.4025243667073484
-1.27	0.3986139681694181
-1.26	0.4058573638298667
-1.25	0.4169654333503943
-1.24	0.41642608291431255
-1.23	0.4213553108102138
-1.22	0.4120097381442622
-1.21	0.4287290927692931
-1.2	0.43495324848342554
-1.19	0.419222625025096
-1.18	0.4286731463094429
-1.17	0.4378318378409219
-1.1600000000000001	0.43416437979632344
-1.15	0.44697710276935104
-1.1400000000000001	0.44031130641117344
-1.13	0.44907240104029733
-1.12	0.4430042613833548
-1.1099999999999999	0.4537082169548106
-1.1	0.45533422561930004
-1.0899999999999999	0.4564087593723234
-1.08	0.4524969283684082
-1.0699999999999998	0.45948743728219016
-1.06	0.46337050587882733
-1.0499999999999998	0.45658532644672667
-1.04	0.47116081301280094
-1.03	0.46841427854846424
-1.02	0.4807133979304981
-1.01	0.47143579644545086
-1.	0.46048455401156396
-0.99	0.4827018667482051
-0.98	0.481371758438017
-0.97	0.4727014282098592
-0.96	0.48161324093284863
-0.95	0.48398596132015026
-0.94	0.49086991846951766
-0.9299999999999999	0.4939566022861298
-0.9199999999999999	0.4918740308323854
-0.9099999999999999	0.4945157963760337
-0.8999999999999999	0.5056952000680635
-0.8899999999999999	0.48668308783430847
-0.8799999999999999	0.5028327386901535
-0.8699999999999999	0.49925174010593437
-0.8599999999999999	0.5027191216293914
-0.8499999999999999	0.5046666307458056
-0.8400000000000001	0.5061072884484894
-0.8300000000000001	0.5179601578710835
-0.8200000000000001	0.5075918883509459
-0.81	0.5108822502946972
-0.8	0.5110169469456395
-0.79	0.5132089743896097
-0.78	0.5145871330177157
-0.77	0.506486104635553
-0.76	0.5153885858090748
-0.75	0.5168618447660066
-0.74	0.5144511900534459
-0.73	0.5150349822307431
-0.72	0.5235774166394789
-0.71	0.5189138782383644
-0.7	0.5256660238588649
-0.69	0.5204626069634155
-0.6799999999999999	0.5240604924501772
-0.6699999999999999	0.5208534834126541
-0.6599999999999999	0.5219851919694745
-0.6499999999999999	0.5200492865714194
-0.6399999999999999	0.5236942762373343
-0.6299999999999999	0.5296478437363146
-0.6199999999999999	0.542289527008677
-0.6099999999999999	0.5350133843845061
-0.5999999999999999	0.5465963135763307
-0.5900000000000001	0.5398074600311785
-0.5800000000000001	0.5406869646471614
-0.5700000000000001	0.5412060998326533
-0.56	0.5446784340087737
-0.55	0.5348944336303298
-0.54	0.5423436538375941
-0.53	0.5432732239478237
-0.52	0.5342527433952817
-0.51	0.5518528237457502
-0.5	0.5502678850152479
-0.49	0.5469356742171589
-0.48	0.5407497761630793
-0.47	0.5509384022691254
-0.45999999999999996	0.55292069111714
-0.44999999999999996	0.5446741273774449
-0.43999999999999995	0.5500863133719235
-0.42999999999999994	0.5544224499340583
-0.41999999999999993	0.5511752106584953
-0.4099999999999999	0.5574649372441622
-0.3999999999999999	0.5574325710330595
-0.3899999999999999	0.5450726658145657
-0.3799999999999999	0.5480353250281322
-0.3699999999999999	0.5443625398426541
-0.3599999999999999	0.5492439737428823
-0.34999999999999987	0.539407444693897
-0.33999999999999986	0.562159039190281
-0.33000000000000007	0.5503483571578163
-0.32000000000000006	0.5412940866504893
-0.31000000000000005	0.550451237763226
-0.30000000000000004	0.5551968445711888
-0.29000000000000004	0.5596462563829686
-0.28	0.5540529705451444
-0.27	0.5639806373447664
-0.26	0.5613264259530318
-0.25	0.5585573414551558
-0.24	0.5558122589306983
-0.22999999999999998	0.5695110184250126
-0.21999999999999997	0.5608838800604627
-0.20999999999999996	0.5599435514147494
-0.19999999999999996	0.5513521564727168
-0.18999999999999995	0.5561851851991559
-0.17999999999999994	0.556819484284363
-0.16999999999999993	0.5571058011655994
-0.15999999999999992	0.562129225582868
-0.1499999999999999	0.5576525673642371
-0.1399999999999999	0.5647567839671943
-0.1299999999999999	0.5598652023584788
-0.11999999999999988	0.5626651624216
-0.10999999999999988	0.5641657663061346
-0.09999999999999987	0.5623161673747948
-0.08999999999999986	0.5617654252259484
-0.08000000000000007	0.570247264986852
-0.07000000000000006	0.5595859158702725
-0.06000000000000005	0.5685324984577519
-0.050000000000000044	0.5544041344782888
-0.040000000000000036	0.5569197177456761
-0.030000000000000027	0.5643198613395248
-0.020000000000000018	0.5645390339423709
-0.010000000000000009	0.5729358602253523
0.	0.5641061279643241
0.010000000000000231	0.5685661123463517
0.020000000000000018	0.5739400172399599
0.03000000000000025	0.5832859956000542
0.040000000000000036	0.5882410067284524
0.04999999999999982	0.6041734212511237
0.06000000000000005	0.5997378199912584
0.06999999999999984	0.6140594032609664
0.08000000000000007	0.5984936857842991
0.08999999999999986	0.5843925206424126
0.10000000000000009	0.5927027785369532
0.10999999999999988	0.5832723844585316
0.1200000000000001	0.5830412330853487
0.1299999999999999	0.5872760882472101
0.14000000000000012	0.5937453959372563
0.1499999999999999	0.5740658704929241
0.16000000000000014	0.5733249908055569
0.16999999999999993	0.5831039016998135
0.18000000000000016	0.5802736226707697
0.18999999999999995	0.5789372414690831
0.20000000000000018	0.5778216395484446
0.20999999999999996	0.5704327772308427
0.2200000000000002	0.5752376240415173
0.22999999999999998	0.5725010912215014
0.2400000000000002	0.5680153222852168
0.25	0.5650271019176182
0.26000000000000023	0.5646138752540967
0.27	0.5701959355174118
0.28000000000000025	0.5704573619086543
0.29000000000000004	0.5621447422703199
0.30000000000000027	0.5691209383443847
0.31000000000000005	0.5700461738736842
0.31999999999999984	0.5684677987419413
0.33000000000000007	0.5743481493989592
0.33999999999999986	0.5751977299657783
0.3500000000000001	0.5669800597557864
0.3599999999999999	0.5727125473057637
0.3700000000000001	0.5634406141259459
0.3799999999999999	0.5620487440839781
0.3900000000000001	0.5642095859740694
0.3999999999999999	0.5644890171694469
0.41000000000000014	0.5639499003590831
0.41999999999999993	0.5647749752554093
0.43000000000000016	0.5534516078631027
0.43999999999999995	0.5705771639374608
0.4500000000000002	0.5530976902403
0.45999999999999996	0.5539772865934804
0.4700000000000002	0.5627201917506188
0.48	0.5579557862585569
0.4900000000000002	0.56241479791546
0.5	0.5591391462523763
0.5100000000000002	0.5485283967209408
0.52	0.5542804971948164
0.5300000000000002	0.5561134203112702
0.54	0.5586803429728828
0.5500000000000003	0.5612641078945134
0.56	0.5595301055178579
0.5699999999999998	0.5508526206006992
0.5800000000000001	0.5562830177741191
0.5899999999999999	0.5521197648767177
0.6000000000000001	0.5550250848012418
0.6099999999999999	0.542679050622834
0.6200000000000001	0.5344693470610953
0.6299999999999999	0.5514988751130564
0.6400000000000001	0.5515294002359582
0.6499999999999999	0.5542268491829396
0.6600000000000001	0.5473199206908784
0.6699999999999999	0.5452472762801192
0.6800000000000002	0.5437340715315391
0.69	0.5358672210835389
0.7000000000000002	0.5365788180945992
0.71	0.5502215862166745
0.7200000000000002	0.5412678309454906
0.73	0.5376698012368396
0.7400000000000002	0.5357455274463773
0.75	0.5430342527985161
0.7600000000000002	0.5407176753423338
0.77	0.5287368792550534
0.7800000000000002	0.5319134809121655
0.79	0.5338710686172607
0.8000000000000003	0.5311856777185224
0.81	0.533274330351869
0.8199999999999998	0.5292468784680419
0.8300000000000001	0.5296648927641061
0.8399999999999999	0.5376420078366747
0.8500000000000001	0.5377302415117862
0.8599999999999999	0.5155613472995654
0.8700000000000001	0.522705729540658
0.8799999999999999	0.5255459284569622
0.8900000000000001	0.522798424201496
0.8999999999999999	0.5244749736354732
0.9100000000000001	0.5064100455561191
0.9199999999999999	0.513676957355909
0.9300000000000002	0.5090354569967007
0.94	0.5101835855984438
0.9500000000000002	0.5056433022883775
0.96	0.5090639712799261
0.9700000000000002	0.5037318500452842
0.98	0.5048936115295107
0.9900000000000002	0.497424895139416
1.	0.49983675592543697
1.0100000000000002	0.4980982325610462
1.02	0.4976560063140929
1.0300000000000002	0.4893683583400324
1.04	0.4954967008952216
1.0500000000000003	0.4935113277717829
1.06	0.47401544505327564
1.0700000000000003	0.4944869159527232
1.08	0.49228812522692933
1.0899999999999999	0.4757628720159826
1.1	0.48188538179281915
1.1099999999999999	0.4773010679361555
1.12	0.4846591993393571
1.13	0.47446242563674385
1.1400000000000001	0.4755934159999175
1.15	0.4709340605318054
1.1600000000000001	0.47260369194614704
1.17	0.47647056572954244
1.1800000000000002	0.4539923340073279
1.19	0.46610916174542844
1.2000000000000002	0.46152393568981315
1.21	0.45525702963533604
1.2200000000000002	0.453785348327459
1.23	0.4534922729192252
1.2400000000000002	0.4472785512437681
1.25	0.4482920237556244
1.2600000000000002	0.4425289229109677
1.27	0.4374192932574677
1.2800000000000002	0.43788202828621553
1.29	0.4373182685150054
1.3000000000000003	0.43198931689414305
1.31	0.41990189691828
1.3200000000000003	0.4211559523881704
1.33	0.42014405498254925
1.3399999999999999	0.4289644452791501
1.35	0.4198720508347971
1.3599999999999999	0.4171062507365557
1.37	0.40609779530485085
1.38	0.40581595234728357
1.3900000000000001	0.4098718291781666
1.4	0.40205796583125464
1.4100000000000001	0.3876315172449158
1.42	0.3895403156891618
1.4300000000000002	0.39170648036924055
1.44	0.3860333657255158
1.4500000000000002	0.38661903585277857
1.46	0.3731386048673954
1.4700000000000002	0.3686648567981805
1.48	0.37296999274503106
1.4900000000000002	0.3662363520173186
1.5	0.3527422929247644
1.5100000000000002	0.36143053097570904
1.52	0.348829172998409
1.5300000000000002	0.3545645298278719
1.54	0.3465354535033988
1.5500000000000003	0.3291744388462024
1.56	0.3252484690166676
1.5700000000000003	0.3328473898083235
1.58	0.32356529882210433
1.5899999999999999	0.3198047825870827
1.6	0.30617352702110673
1.6099999999999999	0.3076171943480029
1.62	0.3061533223193355
1.63	0.29404013735210777
1.6400000000000001	0.28446704076411816
1.65	0.28298687599988676
1.6600000000000001	0.27703395022426286
1.67	0.2763885676423342
1.6800000000000002	0.27098217937246893
1.69	0.26311096744073614
1.7000000000000002	0.25820038611512375
1.71	0.25533596512366913
1.7200000000000002	0.23899630847450962
1.73	0.2381973716168307
1.7400000000000002	0.2220864212691684
1.75	0.21983907169004693
1.7600000000000002	0.21146208594427995
1.77	0.21025003453752844
1.7800000000000002	0.19049409503344467
1.79	0.18891157429404173
1.8000000000000003	0.18871577621025903
1.81	0.17654263694867117
1.8200000000000003	0.1640642705356908
1.83	0.1620577165553196
1.8399999999999999	0.1558884927170037
1.85	0.13963195124381858
1.8599999999999999	0.1277384010710237
1.87	0.12191368188069268
1.88	0.11457190184433666
1.8900000000000001	0.10393061018009962
1.9	0.09576022580270478
1.9100000000000001	0.08980661712129973
1.92	0.07535228048095072
1.9300000000000002	0.06883514098994621
1.94	0.06372503281476835
1.9500000000000002	0.05419347090932099
1.96	0.04766515682495553
1.9700000000000002	0.038503377523757085
1.98	0.029421693365250474
1.9900000000000002	0.022088876042995108
2.	0.00909703564622943