-2.	0.0008388104669163642
-1.99	0.004673152289787879
-1.98	0.008066807092015313
-1.97	0.009927814129998404
-1.96	0.013080516878964011
-1.95	0.014361772146591262
-1.94	0.016128646007959248
-1.93	0.019254030548872415
-1.92	0.018131741708353008
-1.91	0.02101434183764962
-1.9	0.02488682007826822
-1.89	0.023625207919265433
-1.88	0.022922830505497118
-1.87	0.026722732798899262
-1.8599999999999999	0.02719220105262845
-1.85	0.03020314238263519
-1.84	0.0324040543141306
-1.83	0.03617501756402345
-1.82	0.03569771549115823
-1.81	0.03939254945619155
-1.8	0.04590431254792269
-1.79	0.047406619369213136
-1.78	0.05542115884001375
-1.77	0.057781828151404854
-1.76	0.055053322869394836
-1.75	0.060179031360793916
-1.74	0.06642765250224647
-1.73	0.07255261665894448
-1.72	0.07702310949757457
-1.71	0.08305283126081812
-1.7	0.08129744303589245
-1.69	0.09019314656811671
-1.68	0.09528948266098593
-1.67	0.10761244820976786
-1.66	0.10880511640524164
-1.65	0.11124127271513377
-1.6400000000000001	0.11880740506404233
-1.63	0.11764207294213802
-1.62	0.13013874921886082
-1.6099999999999999	0.13325291649727597
-1.6	0.13598833370595917
-1.5899999999999999	0.14421985518543537
-1.58	0.1451803505561677
-1.57	0.15496344429784617
-1.56	0.1630957596536692
-1.55	0.1579512750609419
-1.54	0.16209866268073136
-1.53	0.16844301277670065
-1.52	0.1881027074670979
-1.51	0.17639345359133926
-1.5	0.18450017645760558
-1.49	0.19179631990408133
-1.48	0.19417181671362224
-1.47	0.19283534949495662
-1.46	0.20011355057526062
-1.45	0.21288305618975523
-1.44	0.2067715820233215
-1.43	0.2124291471858392
-1.42	0.21415160490080512
-1.4100000000000001	0.2312157008932111
-1.4	0.23412156807749748
-1.3900000000000001	0.23567985596011987
-1.38	0.2421603539511404
-1.37	0.23375539736814416
-1.3599999999999999	0.24694892874632066
-1.35	0.2464539242056067
-1.3399999999999999	0.252372830085777
-1.33	0.25506323567139033
-1.3199999999999998	0.2556409086648892
-1.31	0.24990943895027495
-1.2999999999999998	0.26573258530232086
-1.29	0.2750807062014032
-1.28	0.27314996997068497
-1.27	0.283975812958768
-1.26	0.2855881662478291
-1.25	0.2893185947122851
-1.24	0.29177826582890914
-1.23	0.29003820610176856
-1.22	0.29654389872074804
-1.21	0.30181451591619796
-1.2	0.2978218515098445
-1.19	0.3063614522816012
-1.18	0.3012836868545554
-1.17	0.29768928924398275
-1.1600000000000001	0.31148263311686075
-1.15	0.3166953873293922
-1.1400000000000001	0.3132020093360264
-1.13	0.31752844620249027
-1.12	0.3294594477474933
-1.1099999999999999	0.32018657393319455
-1.1	0.3272928384132508
-1.0899999999999999	0.33362808659240434
-1.08	0.32951604332525475
-1.0699999999999998	0.3359985252512689
-1.06	0.336857529581534
-1.0499999999999998	0.34228393729213363
-1.04	0.34117637140495033
-1.03	0.34612426819775977
-1.02	0.34152947593577293
-1.01	0.345021415425197
-1.	0.35648293317701946
-0.99	0.3535753185107301
-0.98	0.3495819207231372
-0.97	0.36473345119167616
-0.96	0.3566854924739486
-0.95	0.3561723531636982
-0.94	0.3587366187999356
-0.9299999999999999	0.3616096620770725
-0.9199999999999999	0.3699628585619077
-0.9099999999999999	0.3612961273701526
-0.8999999999999999	0.37789252553604635
-0.8899999999999999	0.38737570637120217
-0.8799999999999999	0.364671685941503
-0.8699999999999999	0.37746196416085187
-0.8599999999999999	0.38429719115948524
-0.8499999999999999	0.384080007365552
-0.8400000000000001	0.39112473467966064
-0.8300000000000001	0.37908215599472306
-0.8200000000000001	0.3898244472592292
-0.81	0.3958950712289404
-0.8	0.39539576853085195
-0.79	0.39200969958397164
-0.78	0.39980929409291455
-0.77	0.3831799767743172
-0.76	0.39248391476659406
-0.75	0.3951756925947795
-0.74	0.399746195044999
-0.73	0.4032218834720637
-0.72	0.40485301975748833
-0.71	0.4051376446974962
-0.7	0.41031419961207755
-0.69	0.40772584016665897
-0.6799999999999999	0.40820223552930723
-0.6699999999999999	0.40221104676045655
-0.6599999999999999	0.41217285006397686
-0.6499999999999999	0.4000168202350767
-0.6399999999999999	0.4138748717669664
-0.6299999999999999	0.41483631861259274
-0.6199999999999999	0.4181019548970948
-0.6099999999999999	0.41594499202716745
-0.5999999999999999	0.419660001859785
-0.5900000000000001	0.41523977117041794
-0.5800000000000001	0.41971341671817036
-0.5700000000000001	0.422672118285103
-0.56	0.42043535317631514
-0.55	0.4248200593112388
-0.54	0.4202405498220267
-0.53	0.4341467150339393
-0.52	0.43233661445193755
-0.51	0.4252209815235381
-0.5	0.4282986921024547
-0.49	0.43244372392388297
-0.48	0.4367776164811392
-0.47	0.43141102188112807
-0.45999999999999996	0.4359069527209424
-0.44999999999999996	0.4314249827515795
-0.43999999999999995	0.4288007125998518
-0.42999999999999994	0.4337914117276825
-0.41999999999999993	0.4409110971862142
-0.4099999999999999	0.4337484850570224
-0.3999999999999999	0.43178745037466015
-0.3899999999999999	0.4404142833740648
-0.3799999999999999	0.4322429193923283
-0.3699999999999999	0.4332885532345677
-0.3599999999999999	0.4393575407907483
-0.34999999999999987	0.43968510100433816
-0.33999999999999986	0.4360878159317916
-0.33000000000000007	0.4367738853311286
-0.32000000000000006	0.44051483670968317
-0.31000000000000005	0.4461183371905703
-0.30000000000000004	0.44172868077168576
-0.29000000000000004	0.4417887912610852
-0.28	0.431290124614339
-0.27	0.4429546159444004
-0.26	0.44227164169316185
-0.25	0.4457148841632259
-0.24	0.44505853912626825
-0.22999999999999998	0.4522252205883321
-0.21999999999999997	0.45863888545897097
-0.20999999999999996	0.4485947989415503
-0.19999999999999996	0.4390387405040092
-0.18999999999999995	0.44932383610732013
-0.17999999999999994	0.44579567347232185
-0.16999999999999993	0.451260160503683
-0.15999999999999992	0.4455519011986785
-0.1499999999999999	0.4480119847527316
-0.1399999999999999	0.45036777040204706
-0.1299999999999999	0.44307441473079834
-0.11999999999999988	0.44431740296798333
-0.10999999999999988	0.45559547347969476
-0.09999999999999987	0.4616903988172578
-0.08999999999999986	0.4479355996766088
-0.08000000000000007	0.44893095864617283
-0.07000000000000006	0.4512015488541899
-0.06000000000000005	0.4431885517654784
-0.050000000000000044	0.4402175488476967
-0.040000000000000036	0.45293541413457733
-0.030000000000000027	0.44942223677892673
-0.020000000000000018	0.46381442955624963
-0.010000000000000009	0.45301080650687436
0.	0.4544446427921331
0.010000000000000231	0.4535268038358203
0.020000000000000018	0.460638067686189
0.03000000000000025	0.45996890602170043
0.040000000000000036	0.47319537632426106
0.04999999999999982	0.4671689904203089
0.06000000000000005	0.47389322623856645
0.06999999999999984	0.4838115394958477
0.08000000000000007	0.4959756806651072
0.08999999999999986	0.4991719996177404
0.10000000000000009	0.5044017805277282
0.10999999999999988	0.4852660319647008
0.1200000000000001	0.49944548804717215
0.1299999999999999	0.4872273708164459
0.14000000000000012	0.4893396210071331
0.1499999999999999	0.49002179858074413
0.16000000000000014	0.4863210829737687
0.16999999999999993	0.4808715581432195
0.18000000000000016	0.4775704877828389
0.18999999999999995	0.4601747729293964
0.20000000000000018	0.4675192655943342
0.20999999999999996	0.4621191296197666
0.2200000000000002	0.46577167405289865
0.22999999999999998	0.469848959093153
0.2400000000000002	0.46516826630872704
0.25	0.46323143523708893
0.26000000000000023	0.46777197027811945
0.27	0.4633921727044909
0.28000000000000025	0.4668182968370131
0.29000000000000004	0.45829939275573794
0.30000000000000027	0.45833107209239315
0.31000000000000005	0.4658984579642736
0.31999999999999984	0.4639445831550419
0.33000000000000007	0.45723091206708716
0.33999999999999986	0.4553846965616967
0.3500000000000001	0.45841905836249336
0.3599999999999999	0.45304772146512934
0.3700000000000001	0.464594764774256
0.3799999999999999	0.4583499829962104
0.3900000000000001	0.4523495097507608
0.3999999999999999	0.45900991876287545
0.41000000000000014	0.4552782508747378
0.41999999999999993	0.4441975342999149
0.43000000000000016	0.46217369837432115
0.43999999999999995	0.4556817759044003
0.4500000000000002	0.4567764796373618
0.45999999999999996	0.4481030194818213
0.4700000000000002	0.44891375476368905
0.48	0.4467499510367143
0.4900000000000002	0.44592013741533476
0.5	0.44619746114526515
0.5100000000000002	0.4547492810480384
0.52	0.45163461295445456
0.5300000000000002	0.44768913869449206
0.54	0.4449311808985794
0.5500000000000003	0.44766229076854125
0.56	0.452859645020263
0.5699999999999998	0.4617574599137044
0.5800000000000001	0.45201775133216354
0.5899999999999999	0.44885248662329186
0.6000000000000001	0.45175974504218575
0.6099999999999999	0.43667456566787477
0.6200000000000001	0.434897073455638
0.6299999999999999	0.4444319422323579
0.6400000000000001	0.43381628613182693
0.6499999999999999	0.43724260835235773
0.6600000000000001	0.4410271395189251
0.6699999999999999	0.4341883894949253
0.6800000000000002	0.4427766610692714
0.69	0.42763118870917244
0.7000000000000002	0.4385871378470613
0.71	0.4344266335385701
0.7200000000000002	0.42322091604568685
0.73	0.4304984158333519
0.7400000000000002	0.42353356561292665
0.75	0.4287476693608418
0.7600000000000002	0.4300807035350959
0.77	0.4189423484457986
0.7800000000000002	0.43220810245477026
0.79	0.4179207095519718
0.8000000000000003	0.41694219339195476
0.81	0.42595953940005277
0.8199999999999998	0.4311795423337575
0.8300000000000001	0.4098945122315941
0.8399999999999999	0.4218334384318776
0.8500000000000001	0.41764075372145226
0.8599999999999999	0.4160201930688967
0.8700000000000001	0.40901043411060367
0.8799999999999999	0.4124332072892039
0.8900000000000001	0.40724587073455254
0.8999999999999999	0.405571798454212
0.9100000000000001	0.40520321718319335
0.9199999999999999	0.40456977142401446
0.9300000000000002	0.40682937167950683
0.94	0.4111133827554222
0.9500000000000002	0.39044102545689985
0.96	0.3935916412685405
0.9700000000000002	0.4016461605152498
0.98	0.3983289984125968
0.9900000000000002	0.39798078266697867
1.	0.3914277224901287
1.0100000000000002	0.3946905552323359
1.02	0.3852050561578271
1.0300000000000002	0.3711598333511166
1.04	0.3762639671251854
1.0500000000000003	0.3836518714230614
1.06	0.3849813051616305
1.0700000000000003	0.37645992678382534
1.08	0.3705365667585327
1.0899999999999999	0.37252361517927857
1.1	0.37747955124646787
1.1099999999999999	0.37824769303653777
1.12	0.3741617500897926
1.13	0.37504268091964427
1.1400000000000001	0.35631712869024973
1.15	0.375710749663001
1.1600000000000001	0.36604821005298616
1.17	0.3641109620378643
1.1800000000000002	0.3630546381248432
1.19	0.35156160459037755
1.2000000000000002	0.3607078950524373
1.21	0.3483789896157011
1.2200000000000002	0.34524439766897674
1.23	0.3447653675328774
1.2400000000000002	0.3412362473010828
1.25	0.34400010927902847
1.2600000000000002	0.33904112199495523
1.27	0.35042949404488977
1.2800000000000002	0.3313565219689649
1.29	0.3262896887792535
1.3000000000000003	0.3341741015174951
1.31	0.3200863168919505
1.3200000000000003	0.329828152471266
1.33	0.31903644673923964
1.3399999999999999	0.31597639114591974
1.35	0.3059052453509892
1.3599999999999999	0.31520105707390683
1.37	0.31601391196236867
1.38	0.3108098743399577
1.3900000000000001	0.2996762432759015
1.4	0.29987958288194677
1.4100000000000001	0.2890250016786528
1.42	0.2967887315636175
1.4300000000000002	0.28611253425548516
1.44	0.2836208250332178
1.4500000000000002	0.28247674536151085
1.46	0.2801578961262206
1.4700000000000002	0.2772442253339477
1.48	0.2683728868034943
1.4900000000000002	0.2750378817550778
1.5	0.27757495881843236
1.5100000000000002	0.25716675671991013
1.52	0.24873847041530944
1.5300000000000002	0.25716679138098514
1.54	0.25736599147694117
1.5500000000000003	0.2436793002830253
1.56	0.24717667598125923
1.5700000000000003	0.23643202425469295
1.58	0.2338278751498631
1.5899999999999999	0.22687786342710362
1.6	0.2300635789936316
1.6099999999999999	0.21384035275309807
1.62	0.2137101380511943
1.63	0.20435954121908811
1.6400000000000001	0.19774259260141017
1.65	0.20318189629350808
1.6600000000000001	0.19975887419006508
1.67	0.1869833898219842
1.6800000000000002	0.18913736514146948
1.69	0.1792412397202792
1.7000000000000002	0.17818706854917096
1.71	0.16884509092109184
1.7200000000000002	0.16656457729034674
1.73	0.15781241148843955
1.7400000000000002	0.1539655772943573
1.75	0.15036119506132659
1.7600000000000002	0.1475895634670615
1.77	0.13341042627141073
1.7800000000000002	0.12875510886430183
1.79	0.13038763386633845
1.8000000000000003	0.12292057085920191
1.81	0.11093429773796022
1.8200000000000003	0.11476666243745147
1.83	0.10114068659123182
1.8399999999999999	0.0964539245989526
1.85	0.09868728839559814
1.8599999999999999	0.08787746593900844
1.87	0.0760823836458649
1.88	0.07700843801694877
1.8900000000000001	0.06871055539492678
1.9	0.07100327373410661
1.9100000000000001	0.057793726554719614
1.92	0.05477228388066851
1.9300000000000002	0.04672337888386438
1.94	0.041447559019616255
1.9500000000000002	0.03833199832127671
1.96	0.03151827093941196
1.9700000000000002	0.029508889018486972
1.98	0.025373632359922085
1.9900000000000002	0.02013652750363191
2.	0.009669214049500684