-2.	0.0007350850836267816
-1.99	0.004354264326912104
-1.98	0.0071408748352181205
-1.97	0.009793621341266871
-1.96	0.012014593826865908
-1.95	0.013122603253196686
-1.94	0.01493445749853504
-1.93	0.016921011226448485
-1.92	0.019051797996999124
-1.91	0.020265909747031925
-1.9	0.02246539768540304
-1.89	0.024292139737419883
-1.88	0.02222388027738862
-1.87	0.023961583558272534
-1.8599999999999999	0.02824195438010736
-1.85	0.026093422312063626
-1.84	0.029803235553998025
-1.83	0.030520495318940983
-1.82	0.031028322522554923
-1.81	0.03538736347510476
-1.8	0.0371047497673037
-1.79	0.04403400870332769
-1.78	0.04315381461270021
-1.77	0.051945251712597056
-1.76	0.050622999382268385
-1.75	0.059788016604753656
-1.74	0.06521301303678897
-1.73	0.06317995160333853
-1.72	0.06767149385045702
-1.71	0.07145061912107883
-1.7	0.07748286192971056
-1.69	0.08425512821132836
-1.68	0.09322924857443411
-1.67	0.09088459567120127
-1.66	0.09187160921438858
-1.65	0.09902866589202572
-1.6400000000000001	0.10960203938791475
-1.63	0.11144009628853437
-1.62	0.11826453918120647
-1.6099999999999999	0.11496598675493248
-1.6	0.12464974938132486
-1.5899999999999999	0.13200373746732644
-1.58	0.1385859028987364
-1.57	0.14302178179958058
-1.56	0.14701559753204935
-1.55	0.1506080744975205
-1.54	0.16007529791398278
-1.53	0.16650015555012518
-1.52	0.17288805687880157
-1.51	0.16981488603793132
-1.5	0.1717196480242926
-1.49	0.17608092909340017
-1.48	0.18297775763011812
-1.47	0.1883536709187205
-1.46	0.19475120887347622
-1.45	0.19795522070469784
-1.44	0.19626975308596906
-1.43	0.20752034105954273
-1.42	0.21032338649777957
-1.4100000000000001	0.22454010268796418
-1.4	0.2185963235754034
-1.3900000000000001	0.22306352123443127
-1.38	0.22289902752303728
-1.37	0.24015081248097053
-1.3599999999999999	0.22874087237904095
-1.35	0.23247284174238403
-1.3399999999999999	0.238258581854337
-1.33	0.24614962126743936
-1.3199999999999998	0.2611891140683918
-1.31	0.25761713835437694
-1.2999999999999998	0.25219632590916374
-1.29	0.2646222300284182
-1.28	0.2591244006522511
-1.27	0.27553465035659125
-1.26	0.2716777631898012
-1.25	0.2714491655647289
-1.24	0.2811819575703158
-1.23	0.2782839495859507
-1.22	0.2834833460054699
-1.21	0.28564492000791425
-1.2	0.29391736209691005
-1.19	0.29342206810936616
-1.18	0.2815074612559619
-1.17	0.2940913975299076
-1.1600000000000001	0.29016164927552673
-1.15	0.2982186180223729
-1.1400000000000001	0.30099641687885015
-1.13	0.3100323209001169
-1.12	0.3127383831383898
-1.1099999999999999	0.3146531909443505
-1.1	0.3142924771241935
-1.0899999999999999	0.313623798653615
-1.08	0.30931843790021096
-1.0699999999999998	0.3193846930589887
-1.06	0.3190900779349343
-1.0499999999999998	0.32144294688958663
-1.04	0.3375725361152774
-1.03	0.3191999168013541
-1.02	0.3325820858449476
-1.01	0.3392419653664472
-1.	0.3376281736341121
-0.99	0.3416974991553945
-0.98	0.36253307255319633
-0.97	0.34932507418906833
-0.96	0.34411595102176706
-0.95	0.3437750260528145
-0.94	0.34774987549505676
-0.9299999999999999	0.35004804021971203
-0.9199999999999999	0.35301502401283213
-0.9099999999999999	0.35885570369134423
-0.8999999999999999	0.3680563629041727
-0.8899999999999999	0.36250314288310864
-0.8799999999999999	0.36674185512053814
-0.8699999999999999	0.3676790017764522
-0.8599999999999999	0.3705427178508176
-0.8499999999999999	0.3693126008508542
-0.8400000000000001	0.3698383244420688
-0.8300000000000001	0.3715001158824289
-0.8200000000000001	0.37018988821175963
-0.81	0.3824281601269539
-0.8	0.37578946109079936
-0.79	0.37303861516138986
-0.78	0.376535366126211
-0.77	0.37890781779024785
-0.76	0.3866989875392711
-0.75	0.38949265301181574
-0.74	0.3877003557642822
-0.73	0.3876440653200711
-0.72	0.3893566350062497
-0.71	0.38366176464022284
-0.7	0.3955931259377233
-0.69	0.39108114956430745
-0.6799999999999999	0.3970366550707589
-0.6699999999999999	0.39118421590529723
-0.6599999999999999	0.39523290379362125
-0.6499999999999999	0.4160285121621382
-0.6399999999999999	0.39773692455528115
-0.6299999999999999	0.403685806686002
-0.6199999999999999	0.4055642207673439
-0.6099999999999999	0.4095918225272555
-0.5999999999999999	0.4029117335506073
-0.5900000000000001	0.40550318761976206
-0.5800000000000001	0.41653368900006515
-0.5700000000000001	0.41744738439163637
-0.56	0.4186404357765882
-0.55	0.4131317138929201
-0.54	0.41823619487549124
-0.53	0.41439120873273366
-0.52	0.4142274962704778
-0.51	0.42163216340943827
-0.5	0.4306433390428275
-0.49	0.4110710889740721
-0.48	0.42419124905193584
-0.47	0.4226875057699719
-0.45999999999999996	0.42124354006132736
-0.44999999999999996	0.4254321896383897
-0.43999999999999995	0.416960717966978
-0.42999999999999994	0.4188994718023559
-0.41999999999999993	0.4200291633808394
-0.4099999999999999	0.4246869298471935
-0.3999999999999999	0.42961944821654285
-0.3899999999999999	0.4131440760889619
-0.3799999999999999	0.42877737204694166
-0.3699999999999999	0.42812078841186624
-0.3599999999999999	0.42935446178096737
-0.34999999999999987	0.4355913504382661
-0.33999999999999986	0.425042993829853
-0.33000000000000007	0.4305285083295036
-0.32000000000000006	0.42928821081660834
-0.31000000000000005	0.430675993302771
-0.30000000000000004	0.4290168506390175
-0.29000000000000004	0.431807049978963
-0.28	0.4331525426648426
-0.27	0.4358764645819287
-0.26	0.4367073527642012
-0.25	0.4428077164110213
-0.24	0.4252630987053509
-0.22999999999999998	0.4313540598492664
-0.21999999999999997	0.4417299036141616
-0.20999999999999996	0.43578978071575875
-0.19999999999999996	0.4286050581308189
-0.18999999999999995	0.4248090522573824
-0.17999999999999994	0.43850380827949537
-0.16999999999999993	0.444775792917905
-0.15999999999999992	0.4376873057829163
-0.1499999999999999	0.4343052494462665
-0.1399999999999999	0.4391008982170495
-0.1299999999999999	0.44136972052463425
-0.11999999999999988	0.43892478007825464
-0.10999999999999988	0.4402162421873759
-0.09999999999999987	0.4363499823513648
-0.08999999999999986	0.44820475632440265
-0.08000000000000007	0.43853527945084425
-0.07000000000000006	0.4554296067976188
-0.06000000000000005	0.43241027261520076
-0.050000000000000044	0.4383546319838415
-0.040000000000000036	0.43997458729800837
-0.030000000000000027	0.446215394226203
-0.020000000000000018	0.4502144858192002
-0.010000000000000009	0.44260224659135144
0.	0.4473692325267284
0.010000000000000231	0.44976660950487396
0.020000000000000018	0.44906496096663234
0.03000000000000025	0.44863276637451893
0.040000000000000036	0.4479237237317492
0.04999999999999982	0.4649651498850857
0.06000000000000005	0.4633416416139201
0.06999999999999984	0.4758690810465414
0.08000000000000007	0.47644091309565945
0.08999999999999986	0.47924063148299356
0.10000000000000009	0.4877427465311166
0.10999999999999988	0.4911958651454108
0.1200000000000001	0.4843194722863056
0.1299999999999999	0.47827031511449786
0.14000000000000012	0.47418185696738985
0.1499999999999999	0.4750593080440731
0.16000000000000014	0.4700871350643851
0.16999999999999993	0.463314806510055
0.18000000000000016	0.4666636406445816
0.18999999999999995	0.4723779690374145
0.20000000000000018	0.479241150089061
0.20999999999999996	0.4586036366440406
0.2200000000000002	0.4695399015982788
0.22999999999999998	0.4599813915537296
0.2400000000000002	0.45157617064844924
0.25	0.45703683640410225
0.26000000000000023	0.45381844086239453
0.27	0.459557129292412
0.28000000000000025	0.4582860874984492
0.29000000000000004	0.4439578844506041
0.30000000000000027	0.44962857133578144
0.31000000000000005	0.4538888984038957
0.31999999999999984	0.45594691220332306
0.33000000000000007	0.4581719942179855
0.33999999999999986	0.45770563136104764
0.3500000000000001	0.4456985258127099
0.3599999999999999	0.4401873346331181
0.3700000000000001	0.43866892783027206
0.3799999999999999	0.4489035634324356
0.3900000000000001	0.45139048620184896
0.3999999999999999	0.4502230787978626
0.41000000000000014	0.4437943788569901
0.41999999999999993	0.4389572368496825
0.43000000000000016	0.4471137119192803
0.43999999999999995	0.4399774455128991
0.4500000000000002	0.44139677789765647
0.45999999999999996	0.4425725008098501
0.4700000000000002	0.4430111923631096
0.48	0.43651650289731314
0.4900000000000002	0.4353805371069044
0.5	0.4292098305920213
0.5100000000000002	0.438343505956659
0.52	0.43911234688179945
0.5300000000000002	0.440452034408244
0.54	0.43498640069977335
0.5500000000000003	0.4274288779890542
0.56	0.43724656105199156
0.5699999999999998	0.44225075843782263
0.5800000000000001	0.4299415984252326
0.5899999999999999	0.429728857896931
0.6000000000000001	0.4325553732959136
0.6099999999999999	0.43566675402786087
0.6200000000000001	0.427010274755992
0.6299999999999999	0.41997696714182875
0.6400000000000001	0.43099892265861234
0.6499999999999999	0.4282459580841449
0.6600000000000001	0.426529948666567
0.6699999999999999	0.4310226119254303
0.6800000000000002	0.4232978869162217
0.69	0.4219832960755197
0.7000000000000002	0.42685873563623433
0.71	0.42917944331111213
0.7200000000000002	0.4107539181332709
0.73	0.4262371466687662
0.7400000000000002	0.4217291948714164
0.75	0.42390665257677657
0.7600000000000002	0.4149817743035987
0.77	0.4091952431432566
0.7800000000000002	0.4186242543325607
0.79	0.4127626692985565
0.8000000000000003	0.42084709374024554
0.81	0.4121265382239755
0.8199999999999998	0.40583639082650924
0.8300000000000001	0.4127831882368123
0.8399999999999999	0.4107293473199269
0.8500000000000001	0.4060893343168461
0.8599999999999999	0.39409437283249016
0.8700000000000001	0.3960134428237845
0.8799999999999999	0.4033519386415469
0.8900000000000001	0.403560145466889
0.8999999999999999	0.40228816565507003
0.9100000000000001	0.39314082199337336
0.9199999999999999	0.3940022297230653
0.9300000000000002	0.39202187970900093
0.94	0.38957020982162033
0.9500000000000002	0.3888611204712434
0.96	0.39311849550516315
0.9700000000000002	0.3896698943586979
0.98	0.38051991945880187
0.9900000000000002	0.37919298966265713
1.	0.38695204031604685
1.0100000000000002	0.3891492161246506
1.02	0.38171012457295184
1.0300000000000002	0.3751262118301086
1.04	0.38008415550408636
1.0500000000000003	0.3774719625758365
1.06	0.368972299971993
1.0700000000000003	0.3705685870512814
1.08	0.3754463910228306
1.0899999999999999	0.3669567069079246
1.1	0.3797771394043169
1.1099999999999999	0.3586707429451999
1.12	0.35480519079193373
1.13	0.35377674483009003
1.1400000000000001	0.3516533813372702
1.15	0.3529901355216738
1.1600000000000001	0.36451126872577516
1.17	0.356334657681877
1.1800000000000002	0.3392736753600623
1.19	0.34434793646656753
1.2000000000000002	0.34109048424603017
1.21	0.3369342727655993
1.2200000000000002	0.3424732521722975
1.23	0.33825761041421476
1.2400000000000002	0.3431928235000228
1.25	0.3263965729268215
1.2600000000000002	0.3318554001389836
1.27	0.32618943853880306
1.2800000000000002	0.31876876318045433
1.29	0.3084394612465567
1.3000000000000003	0.3195830809664957
1.31	0.311180738147041
1.3200000000000003	0.31602553774776904
1.33	0.3073930559128636
1.3399999999999999	0.3189998942597735
1.35	0.30496116996062794
1.3599999999999999	0.3048322257359001
1.37	0.296741256670565
1.38	0.2944517549394877
1.3900000000000001	0.29198807503881
1.4	0.2819352927301248
1.4100000000000001	0.28868082818994517
1.42	0.2909039530630259
1.4300000000000002	0.27573074551724946
1.44	0.2836473326192104
1.4500000000000002	0.2655392147216463
1.46	0.27267988894823464
1.4700000000000002	0.266853540297271
1.48	0.2638835883403159
1.4900000000000002	0.2608232300767638
1.5	0.259297205287661
1.5100000000000002	0.24985218797115366
1.52	0.24223072513340713
1.5300000000000002	0.2498720831438388
1.54	0.24758955168447438
1.5500000000000003	0.2394533073704467
1.56	0.23189168716785688
1.5700000000000003	0.23080321474315443
1.58	0.21873525267937838
1.5899999999999999	0.21659656908082897
1.6	0.21905992212382153
1.6099999999999999	0.21162146148883076
1.62	0.20998747535750673
1.63	0.20049643993663663
1.6400000000000001	0.20476817286672327
1.65	0.19008988484211578
1.6600000000000001	0.18990606749003583
1.67	0.18770382528399654
1.6800000000000002	0.18571451713055367
1.69	0.1839803330226992
1.7000000000000002	0.16752272788950573
1.71	0.1714074757233992
1.7200000000000002	0.1649453599801221
1.73	0.1494843702027207
1.7400000000000002	0.15183858163436303
1.75	0.153227319818551
1.7600000000000002	0.14664354150578673
1.77	0.13450882018794647
1.7800000000000002	0.13033696025457783
1.79	0.11957258820242946
1.8000000000000003	0.1218555262331512
1.81	0.11279968591840746
1.8200000000000003	0.10537723992853278
1.83	0.10605082273845501
1.8399999999999999	0.09200801299824729
1.85	0.08711009485101127
1.8599999999999999	0.0822717529987337
1.87	0.07995747133409316
1.88	0.0739118420487873
1.8900000000000001	0.07072657129369557
1.9	0.06084493841484364
1.9100000000000001	0.05834472171256737
1.92	0.050430246366921574
1.9300000000000002	0.049474374707700594
1.94	0.04490715813697366
1.9500000000000002	0.032893021537170115
1.96	0.03144448127912632
1.9700000000000002	0.028385614599120847
1.98	0.024914328006011958
1.9900000000000002	0.02192552558997825
2.	0.013189198672279906