-2.	0.0005806342263721339
-1.99	0.003077337557354869
-1.98	0.004754427315918734
-1.97	0.007573700565009498
-1.96	0.009729821432719487
-1.95	0.009195479003558727
-1.94	0.01310857699917472
-1.93	0.014671750079171549
-1.92	0.014822699301779436
-1.91	0.018347022370868455
-1.9	0.019097298969323242
-1.89	0.021461211510342148
-1.88	0.01888082567407297
-1.87	0.022665406866346483
-1.8599999999999999	0.0221311028862153
-1.85	0.0231691619872429
-1.84	0.022550886276491468
-1.83	0.026116602196847038
-1.82	0.026976519035813426
-1.81	0.03134909989894765
-1.8	0.03011068368043126
-1.79	0.03351201218487909
-1.78	0.037139895292341074
-1.77	0.03890060529352998
-1.76	0.040315748835162785
-1.75	0.041001414526321604
-1.74	0.04966687598780339
-1.73	0.05223741304259072
-1.72	0.05137081331588649
-1.71	0.05274013617275697
-1.7	0.059550340544155526
-1.69	0.06738512681320799
-1.68	0.06571016448177529
-1.67	0.07741290050052255
-1.66	0.0720086449079919
-1.65	0.07714295400915189
-1.6400000000000001	0.08520535311567046
-1.63	0.09017714318795955
-1.62	0.09252623126386665
-1.6099999999999999	0.0902281563021407
-1.6	0.10523727204641654
-1.5899999999999999	0.10627513329078594
-1.58	0.11207598003037665
-1.57	0.11719784130762323
-1.56	0.1173772499768419
-1.55	0.12129924740209362
-1.54	0.1320458333226055
-1.53	0.1361715556476919
-1.52	0.14142529680083032
-1.51	0.14086256834799052
-1.5	0.14569815121855165
-1.49	0.14516711476032515
-1.48	0.15344755968564383
-1.47	0.1612189430028674
-1.46	0.16224637750537518
-1.45	0.16427549545015643
-1.44	0.1712421248330299
-1.43	0.17539047218490142
-1.42	0.17733979187712012
-1.4100000000000001	0.17817361883796717
-1.4	0.18542011027666813
-1.3900000000000001	0.18960895108376116
-1.38	0.18948551077324055
-1.37	0.19978910644854997
-1.3599999999999999	0.20351197114649777
-1.35	0.21032500994563752
-1.3399999999999999	0.21518414470213792
-1.33	0.21539635363812168
-1.3199999999999998	0.22384076247245602
-1.31	0.21391007384468438
-1.2999999999999998	0.22700771662236807
-1.29	0.2252298593970415
-1.28	0.2215169608798062
-1.27	0.23034495650818584
-1.26	0.23555653943058624
-1.25	0.24843310868806828
-1.24	0.24784367762149878
-1.23	0.2437709499542777
-1.22	0.2556694657101316
-1.21	0.2511586912473106
-1.2	0.25520028256315497
-1.19	0.26216707009738693
-1.18	0.2585460876076386
-1.17	0.26263467795584045
-1.1600000000000001	0.2632051288052647
-1.15	0.26481565679688635
-1.1400000000000001	0.2668905473034806
-1.13	0.2780817778310375
-1.12	0.27772056133634343
-1.1099999999999999	0.2855133439572528
-1.1	0.28106136561145456
-1.0899999999999999	0.28728385416329094
-1.08	0.29034507929832404
-1.0699999999999998	0.2966783703673834
-1.06	0.29001070385749483
-1.0499999999999998	0.30596287548457024
-1.04	0.3008207374355582
-1.03	0.2970649498715111
-1.02	0.3055771628713566
-1.01	0.31362875300490817
-1.	0.3222098235769372
-0.99	0.31327223899515877
-0.98	0.3173598164669871
-0.97	0.3107851328320829
-0.96	0.32240438414848316
-0.95	0.3258848061636143
-0.94	0.3230639827470207
-0.9299999999999999	0.3224389339974483
-0.9199999999999999	0.3264161193932079
-0.9099999999999999	0.3246342571926557
-0.8999999999999999	0.3334763103128687
-0.8899999999999999	0.33863689783792617
-0.8799999999999999	0.3407058589460596
-0.8699999999999999	0.3308388915586736
-0.8599999999999999	0.33217551020228964
-0.8499999999999999	0.33980671205792057
-0.8400000000000001	0.35239525646673653
-0.8300000000000001	0.3416903852122617
-0.8200000000000001	0.3323078733273412
-0.81	0.33809429863826596
-0.8	0.35705379595568565
-0.79	0.3467239941976305
-0.78	0.3487352983442801
-0.77	0.35017732094084153
-0.76	0.3601737831431539
-0.75	0.3466177734102962
-0.74	0.3631958316293921
-0.73	0.3592029500696206
-0.72	0.37265306211748495
-0.71	0.35811220913004943
-0.7	0.35702277685307765
-0.69	0.36470450265830895
-0.6799999999999999	0.3576915237404621
-0.6699999999999999	0.36292798988624014
-0.6599999999999999	0.3680966849401342
-0.6499999999999999	0.3748831756894807
-0.6399999999999999	0.3694790442928625
-0.6299999999999999	0.3735483719470271
-0.6199999999999999	0.37355953894812693
-0.6099999999999999	0.3760204542310983
-0.5999999999999999	0.38243393919431945
-0.5900000000000001	0.378803815813665
-0.5800000000000001	0.38664021104662505
-0.5700000000000001	0.36608126827256127
-0.56	0.3857891804245505
-0.55	0.38682884235911486
-0.54	0.38082255345086335
-0.53	0.3945045960341938
-0.52	0.38555689609735777
-0.51	0.3992379656139792
-0.5	0.3851421704988486
-0.49	0.39378830502441253
-0.48	0.38731496187110837
-0.47	0.3920587831773405
-0.45999999999999996	0.39222800504364563
-0.44999999999999996	0.39978851326799003
-0.43999999999999995	0.3890047284500466
-0.42999999999999994	0.3960779548857555
-0.41999999999999993	0.38806053957705766
-0.4099999999999999	0.3981867707732688
-0.3999999999999999	0.3920258121884047
-0.3899999999999999	0.40259486958317375
-0.3799999999999999	0.38827180404776007
-0.3699999999999999	0.40368868664050284
-0.3599999999999999	0.4037002624594603
-0.34999999999999987	0.39264750078548377
-0.33999999999999986	0.40282858777533426
-0.33000000000000007	0.4121475998214935
-0.32000000000000006	0.40806821444819563
-0.31000000000000005	0.39820606646200385
-0.30000000000000004	0.40112777834612934
-0.29000000000000004	0.39752495008707506
-0.28	0.4084632063114582
-0.27	0.3995768327395497
-0.26	0.40438931949504014
-0.25	0.4105492624864437
-0.24	0.41123262704564534
-0.22999999999999998	0.40988608044077146
-0.21999999999999997	0.4175103887222369
-0.20999999999999996	0.4085543902627742
-0.19999999999999996	0.4164690697617974
-0.18999999999999995	0.41058734451530354
-0.17999999999999994	0.4079132104958687
-0.16999999999999993	0.4064882658961159
-0.15999999999999992	0.41120686182504734
-0.1499999999999999	0.4097383120201879
-0.1399999999999999	0.41046802222996615
-0.1299999999999999	0.4124248960540428
-0.11999999999999988	0.42309184290375906
-0.10999999999999988	0.4106192005045921
-0.09999999999999987	0.40341011038441155
-0.08999999999999986	0.41711304772897057
-0.08000000000000007	0.4180875614309165
-0.07000000000000006	0.4104817172134834
-0.06000000000000005	0.4037391481914771
-0.050000000000000044	0.4212740204404096
-0.040000000000000036	0.4121157653471997
-0.030000000000000027	0.4185008077732565
-0.020000000000000018	0.4161722317583338
-0.010000000000000009	0.4265487636066535
0.	0.4209677482290595
0.010000000000000231	0.4348881880716977
0.020000000000000018	0.4263751584369051
0.03000000000000025	0.4322696433759764
0.040000000000000036	0.43220674413890464
0.04999999999999982	0.4292706400877666
0.06000000000000005	0.42874554732754294
0.06999999999999984	0.4329870535724232
0.08000000000000007	0.454232364612192
0.08999999999999986	0.44533671199818553
0.10000000000000009	0.4467266196355311
0.10999999999999988	0.45616803492832586
0.1200000000000001	0.4638861015813824
0.1299999999999999	0.46309544142616615
0.14000000000000012	0.4570652994366814
0.1499999999999999	0.45190540761579406
0.16000000000000014	0.45273831961374705
0.16999999999999993	0.44520656014657545
0.18000000000000016	0.4510822789229151
0.18999999999999995	0.4405016728312539
0.20000000000000018	0.4390605418886345
0.20999999999999996	0.4483925920852395
0.2200000000000002	0.44975162773931954
0.22999999999999998	0.4351935172503686
0.2400000000000002	0.4476801192106544
0.25	0.434598774493386
0.26000000000000023	0.4371272659374824
0.27	0.4315301279953921
0.28000000000000025	0.4194352090417802
0.29000000000000004	0.41843313827465173
0.30000000000000027	0.4263690470383053
0.31000000000000005	0.43148598673957733
0.31999999999999984	0.434355738605667
0.33000000000000007	0.4313727662258689
0.33999999999999986	0.43262933465136155
0.3500000000000001	0.42062790738316336
0.3599999999999999	0.4176609311773911
0.3700000000000001	0.4198441366356934
0.3799999999999999	0.4211755184127568
0.3900000000000001	0.42505368662602433
0.3999999999999999	0.41038139975283155
0.41000000000000014	0.41880346521507117
0.41999999999999993	0.41952271076637027
0.43000000000000016	0.41875571015652585
0.43999999999999995	0.4173442130110554
0.4500000000000002	0.41780786890252236
0.45999999999999996	0.4108732960836267
0.4700000000000002	0.4206365989423405
0.48	0.41116387723725584
0.4900000000000002	0.4191400714463686
0.5	0.40925775938436243
0.5100000000000002	0.4225603435658104
0.52	0.4100284656022662
0.5300000000000002	0.408111939742108
0.54	0.3981932834579348
0.5500000000000003	0.4119603613891557
0.56	0.41272468481231533
0.5699999999999998	0.4034974776731173
0.5800000000000001	0.4030386076919408
0.5899999999999999	0.40556431806363624
0.6000000000000001	0.40026694766195464
0.6099999999999999	0.40349407794252884
0.6200000000000001	0.4037641097850225
0.6299999999999999	0.3951548854502205
0.6400000000000001	0.4025607545537267
0.6499999999999999	0.40371265280854984
0.6600000000000001	0.4093596972005827
0.6699999999999999	0.40865903533744224
0.6800000000000002	0.39077604973645985
0.69	0.3957739918600483
0.7000000000000002	0.4022291660508567
0.71	0.40601588472801703
0.7200000000000002	0.3967957375382921
0.73	0.4008835079350823
0.7400000000000002	0.3939158487954546
0.75	0.395384003358453
0.7600000000000002	0.39538113283525833
0.77	0.3926654104155707
0.7800000000000002	0.37782733961421544
0.79	0.39306592700838355
0.8000000000000003	0.38654160694921585
0.81	0.384864441880114
0.8199999999999998	0.3921020170546105
0.8300000000000001	0.37958511873866535
0.8399999999999999	0.37343146066208527
0.8500000000000001	0.38680974630775755
0.8599999999999999	0.3879549143144696
0.8700000000000001	0.36917570968267566
0.8799999999999999	0.3731959174038255
0.8900000000000001	0.3874707250663548
0.8999999999999999	0.3829908309730662
0.9100000000000001	0.37818948804132124
0.9199999999999999	0.36398391026407423
0.9300000000000002	0.37421117080875427
0.94	0.3542882038530843
0.9500000000000002	0.3583958581506532
0.96	0.37007800846767996
0.9700000000000002	0.36052916532924917
0.98	0.3634219489786155
0.9900000000000002	0.3642063929972612
1.	0.3522011057666918
1.0100000000000002	0.36543487508776396
1.02	0.3467510171110425
1.0300000000000002	0.35407054955694306
1.04	0.3494463281847944
1.0500000000000003	0.3563962698168951
1.06	0.3447841841517081
1.0700000000000003	0.3397108180885702
1.08	0.3454629696183643
1.0899999999999999	0.34430610990094157
1.1	0.3414039408813395
1.1099999999999999	0.33882904512621415
1.12	0.3483493354837429
1.13	0.3361962597002286
1.1400000000000001	0.3356188080105176
1.15	0.3266792612793987
1.1600000000000001	0.3260234380831547
1.17	0.32862247343665196
1.1800000000000002	0.32296076026676634
1.19	0.3259484883811329
1.2000000000000002	0.31772343204504766
1.21	0.32598351812266846
1.2200000000000002	0.3117760370451968
1.23	0.3128278936990809
1.2400000000000002	0.3099939330188127
1.25	0.29740881567663
1.2600000000000002	0.30184791501478603
1.27	0.29912359865896243
1.2800000000000002	0.29677470163252223
1.29	0.3071422969670478
1.3000000000000003	0.29060695250941754
1.31	0.30244314710529313
1.3200000000000003	0.30191864525929757
1.33	0.29156912772091265
1.3399999999999999	0.29191099233796747
1.35	0.2910620694629641
1.3599999999999999	0.28393339576012244
1.37	0.27066334589456076
1.38	0.2665956123562819
1.3900000000000001	0.27137513063716984
1.4	0.26356025468199035
1.4100000000000001	0.265410740444272
1.42	0.2622252922170796
1.4300000000000002	0.2630668008599691
1.44	0.2653185250101603
1.4500000000000002	0.24419123508569146
1.46	0.25795868761480806
1.4700000000000002	0.24466560330434892
1.48	0.24432430536941957
1.4900000000000002	0.24048104460644698
1.5	0.2406367157269112
1.5100000000000002	0.23163203335030286
1.52	0.23549488584377132
1.5300000000000002	0.2297765805443827
1.54	0.21930487264711454
1.5500000000000003	0.22015800529148946
1.56	0.21622514369735263
1.5700000000000003	0.21311457546947385
1.58	0.2050634451423507
1.5899999999999999	0.20478622673164704
1.6	0.2011319058367864
1.6099999999999999	0.19123518230227596
1.62	0.1906436051613033
1.63	0.19011793737241234
1.6400000000000001	0.18054654547644236
1.65	0.17835135402906618
1.6600000000000001	0.1704049318728333
1.67	0.17452634699567815
1.6800000000000002	0.16565709000502904
1.69	0.16068297159733808
1.7000000000000002	0.1614748906677401
1.71	0.15936646386846337
1.7200000000000002	0.14589893040026278
1.73	0.14485759446846372
1.7400000000000002	0.12785691446117717
1.75	0.13090674028920005
1.7600000000000002	0.12596530035931364
1.77	0.1292116296778177
1.7800000000000002	0.1254212597767917
1.79	0.10997202957831063
1.8000000000000003	0.11049798697748656
1.81	0.1015529661718535
1.8200000000000003	0.1007738567211605
1.83	0.09063362083211518
1.8399999999999999	0.09057998014337076
1.85	0.08508573281329931
1.8599999999999999	0.07952798554318354
1.87	0.07681855341361764
1.88	0.06950813949011975
1.8900000000000001	0.06203637355320645
1.9	0.0628101974684981
1.9100000000000001	0.054100686689763026
1.92	0.05118026250172316
1.9300000000000002	0.0443230533951416
1.94	0.04157137275115618
1.9500000000000002	0.036463590418211914
1.96	0.03586620382232154
1.9700000000000002	0.02991298446322869
1.98	0.024984613017380586
1.9900000000000002	0.02014264907236392
2.	0.012405058396804657