0.	0.667664799716722
0.01	0.6608961940811025
0.02	0.7522748497354085
0.03	0.8575471445127205
0.04	0.9360271542213066
0.05	1.0201258437036076
0.06	1.0585539631600815
0.07	1.0718021139522433
0.08	1.0826383701294895
0.09	1.0726576653253534
0.1	1.0668201610603973
0.11	1.0391740097682105
0.12	1.004945440559098
0.13	0.979342354070305
0.14	0.9676556745818755
0.15	0.932148379605108
0.16	0.9104212337270026
0.17	0.855800721939642
0.18	0.8256279816471856
0.19	0.7788995900027152
0.2	0.7392362319753213
0.21	0.7095379903790614
0.22	0.6734641457896139
0.23	0.6851953292551187
0.24	0.7312646680551793
0.25	0.7855578067251923
0.26	0.8082782369787423
0.27	0.7849707985463665
0.28	0.7856413519666859
0.29	0.780975871527735
0.3	0.8015940770083821
0.31	0.7809565265748399
0.32	0.766171704299891
0.33	0.7433924518385482
0.34	0.7401629704353248
0.35000000000000003	0.7561545803131057
0.36	0.784502329355753
0.37	0.8159114777619034
0.38	0.8350447852009558
0.39	0.8660041361405736
0.4	0.8890033588326359
0.41000000000000003	0.9339519903862087
0.42	0.9937033987499099
0.43	1.029433718498402
0.44	1.0757209085185855
0.45	1.0799022345887703
0.46	1.080980999731777
0.47000000000000003	1.0711252436240302
0.48	1.0555494853305527
0.49	1.041268964321942
0.5	1.000494442425996
0.51	0.9723449840640178
0.52	0.9476771230957556
0.53	0.9286702949006825
0.54	0.9324160442428387
0.55	0.9464372232025762
0.56	0.9671032780408891
0.5700000000000001	0.9922650723984142
0.58	0.9908341180092778
0.59	0.9855139170077745
0.6	0.9649129794472432
0.61	0.9561168643950343
0.62	0.955404550018864
0.63	0.9157654402486268
0.64	0.9018019374086261
0.65	0.8934429201701817
0.66	0.8678204997715707
0.67	0.8519485084174668
0.68	0.8500623079470188
0.6900000000000001	0.8451964962931995
0.7000000000000001	0.834786271409233
0.71	0.8219684027133253
0.72	0.786081829090229
0.73	0.7611969990868777
0.74	0.7336908489840148
0.75	0.727084963197166
0.76	0.7102224695951208
0.77	0.7331197766546643
0.78	0.7324075628189551
0.79	0.736707884345713
0.8	0.736670471846531
0.81	0.7360895637174011
0.8200000000000001	0.731912826158132
0.8300000000000001	0.7305056468729756
0.84	0.7426554974484145
0.85	0.7521736936608318
0.86	0.7855550722338233
0.87	0.8083664087623488
0.88	0.8745645932655643
0.89	0.9574440914984527
0.9	1.05554906807302
0.91	1.1559267005568996
0.92	1.228108132405051
0.93	1.2454349471435644
0.9400000000000001	1.2107552765139014
0.9500000000000001	1.1652164530690774
0.96	1.102164700312598
0.97	1.0256788650914692
0.98	0.9365921162276393
0.99	0.8268828746989197
1.	0.6344398284482654
1.01	0.5962234930075103
1.02	0.5966435745821096
1.03	0.567827552459476
1.04	0.5620483722941029
1.05	0.566387834544653
1.06	0.565868247999513
1.07	0.5695773607320281
1.08	0.5402000838107447
1.09	0.536294353676265
1.1	0.5458032590119113
1.11	0.5413174274910293
1.12	0.5705729178963113
1.1300000000000001	0.6199399227013259
1.1400000000000001	0.6474110328594815
1.1500000000000001	0.6691348197578523
1.16	0.6786716289407465
1.17	0.6849002216480843
1.18	0.6687842247130135
1.19	0.6752249037700555
1.2	0.6795725790077768
1.21	0.676487967461738
1.22	0.6993672798891991
1.23	0.7195319424070403
1.24	0.7412950917640933
1.25	0.731891523113851
1.26	0.7363426270980359
1.27	0.7107330469702086
1.28	0.6983226184913315
1.29	0.6910913028618254
1.3	0.6977275213224411
1.31	0.7229127872458102
1.32	0.7530766258386863
1.33	0.7750245857651916
1.34	0.800739864387699
1.35	0.8188570387273966
1.36	0.8387958907205756
1.37	0.8529398258417368
1.3800000000000001	0.8492120605656307
1.3900000000000001	0.8443172873416186
1.4000000000000001	0.8228724235635375
1.41	0.7566938605562504
1.42	0.6929941790002433
1.43	0.6670165137234921
1.44	0.6441196491259431
1.45	0.6404196703669768
1.46	0.6126195742325068
1.47	0.6133017099875687
1.48	0.6088782587683719
1.49	0.6142358513275681
1.5	0.6110283363617759
1.51	0.6268875150933539
1.52	0.6326991759389118
1.53	0.6254847121225764
1.54	0.6210901992070424
1.55	0.6222674092139486
1.56	0.6353031345138703
1.57	0.639252803255752
1.58	0.6692791193635916
1.59	0.6871226921505913
1.6	0.7004483037575646
1.61	0.724595743608531
1.62	0.7303873518766321
1.6300000000000001	0.7417304568075033
1.6400000000000001	0.7514782046442658
1.6500000000000001	0.7538104421408359
1.6600000000000001	0.751173470919438
1.67	0.7551991752884943
1.68	0.7529731675854723
1.69	0.7325691156600408
1.7	0.7086124831167924
1.71	0.6743181863670336
1.72	0.6489906650037093
1.73	0.6345425530876776
1.74	0.6191193812255028
1.75	0.621569984003783
1.76	0.6037569880184239
1.77	0.6163205843865808
1.78	0.5993532269367526
1.79	0.5915116932075069
1.8	0.5903878024398287
1.81	0.5927792716819654
1.82	0.6107421090682679
1.83	0.6336521644102343
1.84	0.6705804175434454
1.85	0.6971087213406563
1.86	0.7123760863644512
1.87	0.7052154516709359
1.8800000000000001	0.6642983326276705
1.8900000000000001	0.5784372049335653
1.9000000000000001	0.48761144352031793
1.9100000000000001	0.419042276392975
1.92	0.3890179639407445
1.93	0.39811641407258674
1.94	0.4225230579408795
1.95	0.4251229061268363
1.96	0.40591013720816566
1.97	0.3966401864560145
1.98	0.36488805920300327
1.99	0.32042128998541775
2.	0.07951299930433807
2.0100000000000002	0.04243949396997932
2.02	0.037500748221698785
2.0300000000000002	0.04136182054134848
2.04	0.04244710164742506
2.05	0.05215614999974297
2.06	0.04146343441659093
2.07	0.033181349333419256
2.08	0.027210220477375688
2.09	0.025600348084012473
2.1	0.0323408915925444
2.11	0.053172419117706426
2.12	0.06590140328072207
2.13	0.06685760927611384
2.14	0.07086389203653662
2.15	0.052548312706766145
2.16	0.04049846745589889
2.17	0.030230229476434032
2.18	0.014999543270383834
2.19	0.009912558489276755
2.2	0.005683710263971726
2.21	0.0036714233631973724
2.22	0.002043742477117438
2.23	0.0021407142827902584
2.24	0.006153237900905703
2.25	0.02035392631947192
2.2600000000000002	0.0374391799595834
2.27	0.043262708205118454
2.2800000000000002	0.02996218150101087
2.29	0.03528241217299353
2.3000000000000003	0.0383748096426265
2.31	0.04345966456537039
2.32	0.04180523621473222
2.33	0.03410278338134969
2.34	0.029947537383745775
2.35	0.03504993310299826
2.36	0.03580877427411244
2.37	0.036906117131873514
2.38	0.03551552908813055
2.39	0.032101478757704055
2.4	0.04088843439517183
2.41	0.049561760247679366
2.42	0.07226693876867747
2.43	0.07073549118824791
2.44	0.07135389719550549
2.45	0.0573644977964251
2.46	0.04186680875772838
2.47	0.029545482976583066
2.48	0.017313915732996125
2.49	0.010232352588722734
2.5	0.012467859413858334
2.5100000000000002	0.022539720088435185
2.52	0.03747500562826595
2.5300000000000002	0.06169784140685459
2.54	0.06493508313170943
2.5500000000000003	0.06847623286638137
2.56	0.06142205278455203
2.57	0.03790136048367596
2.58	0.025643138294613607
2.59	0.012697316818727973
2.6	0.007091525919805543
2.61	0.0069349459017464124
2.62	0.008169709330453337
2.63	0.015540224010525072
2.64	0.016865622609108687
2.65	0.019702472987678264
2.66	0.01692917652496137
2.67	0.01472733922744324
2.68	0.011299683135176711
2.69	0.005466981001165869
2.7	0.004642719161774911
2.71	0.0027254688512986305
2.72	0.0017887293939216104
2.73	0.0038702056406346827
2.74	0.009510242219321927
2.75	0.017921179247764634
2.7600000000000002	0.025453296348618353
2.77	0.0322264312554305
2.7800000000000002	0.028123800312475224
2.79	0.03031367593981199
2.8000000000000003	0.035618762960049066
2.81	0.03720003151169719
2.82	0.03609767951096346
2.83	0.026428757433024447
2.84	0.023875165769581343
2.85	0.020952702023163114
2.86	0.021484345836236672
2.87	0.019627780337722108
2.88	0.019358029963939268
2.89	0.017311010021402118
2.9	0.010433921948081992
2.91	0.008284728274590585
2.92	0.0033366873765371943
2.93	0.0038617450648303566
2.94	0.0013309193894973322
2.95	0.0007464798628685556
2.96	0.0006709055401400058
2.97	0.002608645479753715
2.98	0.00784665730336595
2.99	0.016265045818010665
3.	0.015072407533092051