0.	0.7130959026441686
0.01	0.6783587857152017
0.02	0.7581105068057487
0.03	0.8802198308680301
0.04	0.957249831547865
0.05	1.0242463955545478
0.06	1.0655413995758003
0.07	1.0744437879985365
0.08	1.0909521369101056
0.09	1.0795003322764287
0.1	1.0733572558495434
0.11	1.044267277297014
0.12	1.0351426600786413
0.13	1.0075661180719584
0.14	0.9811836835396047
0.15	0.9451458866180258
0.16	0.9174283031110475
0.17	0.8747533664458442
0.18	0.833836666933923
0.19	0.7951616322489531
0.2	0.7508928955141388
0.21	0.7025770571141738
0.22	0.6874318393957726
0.23	0.693321489028677
0.24	0.7412372970410206
0.25	0.7822219937394994
0.26	0.8226061404538225
0.27	0.8028077701158947
0.28	0.8048397078046721
0.29	0.8188211575969192
0.3	0.8329824499808889
0.31	0.8225531033133798
0.32	0.793799150803533
0.33	0.779958270632671
0.34	0.7647795513328464
0.35000000000000003	0.7835249470508665
0.36	0.8068152152488839
0.37	0.8277016175122268
0.38	0.8541875309631454
0.39	0.8727186093709707
0.4	0.8989017933017635
0.41000000000000003	0.9542971304672686
0.42	1.0119595945344555
0.43	1.0425918078852816
0.44	1.0817953431296778
0.45	1.0979887161124702
0.46	1.089320279310453
0.47000000000000003	1.0880720744663972
0.48	1.0675259397189965
0.49	1.0423710056715927
0.5	1.0115192131889286
0.51	0.9866231217960524
0.52	0.9646028290810291
0.53	0.9520323048911099
0.54	0.9495307497728429
0.55	0.9699648375624068
0.56	0.9849936433600857
0.5700000000000001	1.0021242997755662
0.58	0.9956799161256101
0.59	0.987867110071797
0.6	0.9673327138945035
0.61	0.9580221888978717
0.62	0.9424678051273846
0.63	0.9227640764445814
0.64	0.9105687157753721
0.65	0.8845124435129647
0.66	0.8737355041687817
0.67	0.8539875310707064
0.68	0.8609073713114263
0.6900000000000001	0.8529396569522711
0.7000000000000001	0.8396416044045726
0.71	0.8250933604342654
0.72	0.7965252862553613
0.73	0.7713823856169892
0.74	0.7550048090180039
0.75	0.7509387713769404
0.76	0.7531733124246374
0.77	0.7559973743953069
0.78	0.7664416201451829
0.79	0.7732207373454678
0.8	0.7644238279510649
0.81	0.7527922793410472
0.8200000000000001	0.753128392190223
0.8300000000000001	0.7505988884445703
0.84	0.7600757798111996
0.85	0.7845337136709989
0.86	0.8049663362551542
0.87	0.8424190283487973
0.88	0.9042518792284543
0.89	0.9923545674504992
0.9	1.0885055163980897
0.91	1.1945452888139856
0.92	1.260325749817393
0.93	1.2676158900042334
0.9400000000000001	1.2405840699489403
0.9500000000000001	1.1850288632427133
0.96	1.1175874833690433
0.97	1.0482945595647217
0.98	0.9484912552493479
0.99	0.8484833719889644
1.	0.6542182502168427
1.01	0.6108043634452639
1.02	0.59078817850619
1.03	0.5699918012945708
1.04	0.5754626330257956
1.05	0.5665824679296482
1.06	0.5665814921596193
1.07	0.5589259995758307
1.08	0.552738312798244
1.09	0.5442448788544498
1.1	0.5510073080152839
1.11	0.5577065006144153
1.12	0.585694107933613
1.1300000000000001	0.6365641391622869
1.1400000000000001	0.6822685899764092
1.1500000000000001	0.7044514039963037
1.16	0.7075644258351961
1.17	0.6932466655374265
1.18	0.6794758746544853
1.19	0.6738149821095113
1.2	0.6764146628333545
1.21	0.6878536669282643
1.22	0.7171667941211818
1.23	0.7439561937516831
1.24	0.7541741036239963
1.25	0.7486321057337889
1.26	0.7354536351682548
1.27	0.7190522070718461
1.28	0.7102733840424589
1.29	0.7032046984920733
1.3	0.7287615290824508
1.31	0.7484544711046289
1.32	0.7800475334596215
1.33	0.8100401435190042
1.34	0.8283007089216455
1.35	0.8468368338641815
1.36	0.8645858710858382
1.37	0.8682362626564175
1.3800000000000001	0.8778318764900094
1.3900000000000001	0.8642559600272667
1.4000000000000001	0.8501778330360651
1.41	0.7880023929898015
1.42	0.7068712123773245
1.43	0.6777667778692638
1.44	0.6578091290017373
1.45	0.6487405751303607
1.46	0.637216058459126
1.47	0.6336491163246114
1.48	0.6110636184269559
1.49	0.6118070559793217
1.5	0.6279937371275489
1.51	0.6301090895695922
1.52	0.6433335709941908
1.53	0.632263670954259
1.54	0.6391537472510778
1.55	0.6343572506014401
1.56	0.6401556000846085
1.57	0.6384506139489489
1.58	0.6620323446282373
1.59	0.6769603903276242
1.6	0.7002102106281656
1.61	0.7258596469116533
1.62	0.7303044179207181
1.6300000000000001	0.7382892715226371
1.6400000000000001	0.7464930289608568
1.6500000000000001	0.7482186548756221
1.6600000000000001	0.7444301587226755
1.67	0.7620682371459748
1.68	0.7530787588329793
1.69	0.7384224434255695
1.7	0.7113844385291955
1.71	0.6855086759412758
1.72	0.6560755846486569
1.73	0.6141242382454006
1.74	0.6003256820076097
1.75	0.5892584688307964
1.76	0.5826572479765914
1.77	0.5826519080966531
1.78	0.574180641873461
1.79	0.5744620612921149
1.8	0.5897604563348656
1.81	0.5971601582360752
1.82	0.6104475050498527
1.83	0.6468255150733758
1.84	0.680052088273939
1.85	0.701731292144606
1.86	0.713063427830705
1.87	0.7101583717481462
1.8800000000000001	0.6659067108422748
1.8900000000000001	0.5938538439580535
1.9000000000000001	0.49040694427141773
1.9100000000000001	0.42338775662019873
1.92	0.41193195022565443
1.93	0.4240993530404249
1.94	0.4213773053836498
1.95	0.4276186027028932
1.96	0.4181056586401702
1.97	0.4011013870992565
1.98	0.3787169042232329
1.99	0.3181000391967037
2.	0.0774167623507371
2.0100000000000002	0.03756244073466338
2.02	0.03145911334170151
2.0300000000000002	0.04417285264052505
2.04	0.053366509213806465
2.05	0.049366602735071326
2.06	0.04480890030790478
2.07	0.03961689911417139
2.08	0.03815969410286752
2.09	0.025592103081962577
2.1	0.03297356994085804
2.11	0.05108513191046461
2.12	0.05849598844397177
2.13	0.0648867115973176
2.14	0.06297944903541036
2.15	0.0564628129293164
2.16	0.04159693269296258
2.17	0.028550360325456905
2.18	0.01644657227468104
2.19	0.013179590000033273
2.2	0.006571090895649652
2.21	0.004888485595915971
2.22	0.0027708879828166615
2.23	0.0024600742264913045
2.24	0.005534816920463467
2.25	0.0231942791878781
2.2600000000000002	0.0343565200861337
2.27	0.044388204237049846
2.2800000000000002	0.04363387762224692
2.29	0.044154360122180124
2.3000000000000003	0.04452683121395287
2.31	0.049048407223791994
2.32	0.042742758916310374
2.33	0.03615232864106224
2.34	0.0373522782255508
2.35	0.04219557840281267
2.36	0.04535247431798151
2.37	0.04408860254101203
2.38	0.040009910804543726
2.39	0.031937497467969075
2.4	0.04073907217849822
2.41	0.05113654949433712
2.42	0.06261411576864248
2.43	0.06943496113743595
2.44	0.07232037991210151
2.45	0.05154074765699491
2.46	0.04530010497572931
2.47	0.023043298397869366
2.48	0.01650120376769838
2.49	0.01125999851803505
2.5	0.012160170331251021
2.5100000000000002	0.015325764238562684
2.52	0.0306815200764109
2.5300000000000002	0.052484553446273584
2.54	0.06851867010545509
2.5500000000000003	0.07024611765636596
2.56	0.061725095825293
2.57	0.048381264348966266
2.58	0.030191177468974786
2.59	0.01934299115509075
2.6	0.010896084152621728
2.61	0.010590797000053633
2.62	0.007984343310158723
2.63	0.015450953591343684
2.64	0.01983026965169066
2.65	0.02266292428756135
2.66	0.018433885445414005
2.67	0.019855910614316963
2.68	0.012260775930598839
2.69	0.009117558854967157
2.7	0.003761538460829691
2.71	0.0036186104608559133
2.72	0.0026046413916916374
2.73	0.0046494214091642085
2.74	0.009987331963759408
2.75	0.02240868051548237
2.7600000000000002	0.03160211407403617
2.77	0.03006418327179128
2.7800000000000002	0.03150857379137875
2.79	0.028946704137188334
2.8000000000000003	0.0360960875869513
2.81	0.037698720921930065
2.82	0.03695394573261338
2.83	0.03632395954673184
2.84	0.02349952285322094
2.85	0.02158616341531689
2.86	0.02014936973938887
2.87	0.023633171678639923
2.88	0.018271204551261286
2.89	0.013643926359056195
2.9	0.010993281748427055
2.91	0.00734054607949769
2.92	0.002928640749620799
2.93	0.0032416326658656664
2.94	0.0017133173729004703
2.95	0.000879413530437887
2.96	0.0008512448908639576
2.97	0.0024086080687873244
2.98	0.003290248798874689
2.99	0.00932144697589268
3.	0.00978608994292221