0.	0.7653115106266464
0.01	0.7910726424517078
0.02	0.8372687733965857
0.03	0.9129266962228155
0.04	0.9760324157890535
0.05	1.0362786588896173
0.06	1.082440096532139
0.07	1.1120062881469985
0.08	1.1181099388043902
0.09	1.1369411020688962
0.1	1.1372494575107006
0.11	1.1444746519004345
0.12	1.1333416065609736
0.13	1.120160820809611
0.14	1.1089352939203414
0.15	1.0919705004415374
0.16	1.0706904132845263
0.17	1.0487713391986717
0.18	1.019175442872824
0.19	0.997674780076706
0.2	0.9723046470356146
0.21	0.9353108446961924
0.22	0.9089256657375314
0.23	0.870675028091679
0.24	0.8463429954770102
0.25	0.8235242461059457
0.26	0.7975939496850033
0.27	0.7918389426540762
0.28	0.7978555193029925
0.29	0.8224720286259493
0.3	0.8441151853027794
0.31	0.842670745144459
0.32	0.8502952221754406
0.33	0.8575206107812071
0.34	0.8619774695396192
0.35000000000000003	0.8509461762045873
0.36	0.8487732920001886
0.37	0.8567362946086161
0.38	0.8739060106440663
0.39	0.8884548677402752
0.4	0.900528273586541
0.41000000000000003	0.9300273847701982
0.42	0.9491805990872669
0.43	0.960882640594365
0.44	1.0020679332850442
0.45	1.0168773637096729
0.46	1.0347553141232302
0.47000000000000003	1.056264774405808
0.48	1.0660272461683957
0.49	1.0625548998767262
0.5	1.065626985637591
0.51	1.0776439804647753
0.52	1.0475971584588872
0.53	1.0367724629738981
0.54	1.0290287219264616
0.55	1.0072816381624106
0.56	0.9893467106103819
0.5700000000000001	0.9880268729561951
0.58	0.971584249487297
0.59	0.9637193670250601
0.6	0.9500277857685927
0.61	0.9449049233051994
0.62	0.9535404927255704
0.63	0.9402378220013541
0.64	0.9393390478245528
0.65	0.9394943884313277
0.66	0.9269654528180911
0.67	0.9096710177922386
0.68	0.9060231299381459
0.6900000000000001	0.8964408495660655
0.7000000000000001	0.8865582434112512
0.71	0.8720925872220835
0.72	0.8651694044649646
0.73	0.8566223729090896
0.74	0.8482520748499702
0.75	0.8297116849060758
0.76	0.7995973408416945
0.77	0.7796448457331077
0.78	0.7519236985321224
0.79	0.7433559921120432
0.8	0.7347258506185909
0.81	0.7449222614979366
0.8200000000000001	0.7389843871003472
0.8300000000000001	0.7449827846803179
0.84	0.7455223681481454
0.85	0.7460990610217277
0.86	0.7548139026854653
0.87	0.7428062137603804
0.88	0.7540712576202463
0.89	0.7700186847582752
0.9	0.7930658114348755
0.91	0.8367893371191307
0.92	0.8878564646726267
0.93	0.9411468604490463
0.9400000000000001	0.9843218317341086
0.9500000000000001	1.0172449191657775
0.96	1.017447339426251
0.97	1.0005176721055336
0.98	0.9578896668890415
0.99	0.8787574252703645
1.	0.707646640601741
1.01	0.6734441276228678
1.02	0.6617701184708933
1.03	0.6292618076491794
1.04	0.6230737539915038
1.05	0.6156981098622673
1.06	0.6059041958749466
1.07	0.5977220417477297
1.08	0.5824243636172128
1.09	0.5777684805189217
1.1	0.580047000556215
1.11	0.5741596183749269
1.12	0.5645093154788317
1.1300000000000001	0.5628493341541714
1.1400000000000001	0.5579148317864672
1.1500000000000001	0.5529716327341421
1.16	0.5674850265924098
1.17	0.5810867950927051
1.18	0.6004618204870327
1.19	0.6206782979760594
1.2	0.6208695521345803
1.21	0.6333889504261435
1.22	0.6227740568270306
1.23	0.6055477533159648
1.24	0.6113757850715499
1.25	0.6250485041064494
1.26	0.6337530935998753
1.27	0.6515044190740411
1.28	0.649791160042135
1.29	0.6545993368121527
1.3	0.6421003945030992
1.31	0.6405536818627632
1.32	0.6303169495370544
1.33	0.6404286925139779
1.34	0.6442293519594267
1.35	0.6598419384796858
1.36	0.6790312953697435
1.37	0.6988085469384154
1.3800000000000001	0.7212488101422923
1.3900000000000001	0.7336209949686575
1.4000000000000001	0.7431378471904623
1.41	0.7459709374510773
1.42	0.7264399190922145
1.43	0.6904433788884189
1.44	0.6706311442456397
1.45	0.6439530100173495
1.46	0.6306130359289781
1.47	0.6148195913678068
1.48	0.6005710177799167
1.49	0.5994750157242236
1.5	0.5890408954590963
1.51	0.584624332443163
1.52	0.5778695577742342
1.53	0.5722231933816386
1.54	0.564724028061641
1.55	0.5618909758383911
1.56	0.5665442962590999
1.57	0.5652867170502865
1.58	0.5567745702047316
1.59	0.5667161408607092
1.6	0.5580516981944774
1.61	0.5695180665427476
1.62	0.5856398656751548
1.6300000000000001	0.5980938199755256
1.6400000000000001	0.6218393914153245
1.6500000000000001	0.6330669852104547
1.6600000000000001	0.6472178364108642
1.67	0.6613330358254564
1.68	0.6642116551801022
1.69	0.6785554959887473
1.7	0.6737460389477059
1.71	0.6634923784837041
1.72	0.6495442538984608
1.73	0.6425964659689867
1.74	0.6271589714135097
1.75	0.6126130989251328
1.76	0.5963515555278907
1.77	0.5716959900917146
1.78	0.5680179162376603
1.79	0.5663668062925287
1.8	0.5521010933317662
1.81	0.5509609012922781
1.82	0.5318626855727167
1.83	0.5066994601832061
1.84	0.5045523899848994
1.85	0.48379166543135776
1.86	0.49988827913764344
1.87	0.5259772105514843
1.8800000000000001	0.5413988617490629
1.8900000000000001	0.5533971782005414
1.9000000000000001	0.556579134008694
1.9100000000000001	0.5418777360489551
1.92	0.5009006960796335
1.93	0.4528525518371708
1.94	0.4108146848150848
1.95	0.3661239364981432
1.96	0.3438497977817381
1.97	0.33719932526113705
1.98	0.3115016529134349
1.99	0.2722655543986828
2.	0.08046404538860291
2.0100000000000002	0.06251530952855966
2.02	0.06557038486869957
2.0300000000000002	0.06597787138666397
2.04	0.05735421104389704
2.05	0.044131750435430946
2.06	0.04313419060400031
2.07	0.049387742612575315
2.08	0.050128927992138125
2.09	0.0533977188332328
2.1	0.051923428758567494
2.11	0.040330189168993
2.12	0.03296206586267829
2.13	0.03204638456643356
2.14	0.031056360358806358
2.15	0.036163312613334955
2.16	0.04787236325365207
2.17	0.055178525737682234
2.18	0.06090050774499363
2.19	0.05642778789659719
2.2	0.053061057432126454
2.21	0.03525789542556996
2.22	0.023363349554902376
2.23	0.015761813718500505
2.24	0.008440418657203944
2.25	0.0071243535449014355
2.2600000000000002	0.0067369823488323665
2.27	0.010621624801473124
2.2800000000000002	0.01347059741444575
2.29	0.02218341499865508
2.3000000000000003	0.03156476597662449
2.31	0.03519584407903277
2.32	0.0307695736435684
2.33	0.03497780548899608
2.34	0.029831222244999494
2.35	0.035020015184263724
2.36	0.03185497024354534
2.37	0.030732142237422187
2.38	0.030465916317565588
2.39	0.027712642613271988
2.4	0.032782907513619404
2.41	0.033915337891227665
2.42	0.03372328618117555
2.43	0.036725155218076906
2.44	0.03871928387158688
2.45	0.042502206899351705
2.46	0.04548410687718229
2.47	0.05440976150547993
2.48	0.06189522556624569
2.49	0.06269748923541228
2.5	0.04918168789502359
2.5100000000000002	0.0394913556817528
2.52	0.02899112196161962
2.5300000000000002	0.019878213581749748
2.54	0.018125210673610843
2.5500000000000003	0.019824277343582778
2.56	0.031580683236080896
2.57	0.04418829418385574
2.58	0.0559510835399989
2.59	0.06183467879239913
2.6	0.04934877053229596
2.61	0.0376480733992057
2.62	0.033518764132885265
2.63	0.023889679447607164
2.64	0.015207905424248797
2.65	0.008371964651626956
2.66	0.01077673148814853
2.67	0.012046448369383577
2.68	0.016990697628317442
2.69	0.014870204915765049
2.7	0.013959867968728407
2.71	0.01598595780044947
2.72	0.015810760099757452
2.73	0.010920775941848202
2.74	0.00798009686311728
2.75	0.004309999686155869
2.7600000000000002	0.005914639151000268
2.77	0.005707034422623591
2.7800000000000002	0.011186370604738989
2.79	0.01982127332549935
2.8000000000000003	0.02102909647383515
2.81	0.02046489709895218
2.82	0.022277134074255307
2.83	0.021347963420841692
2.84	0.025687577695641985
2.85	0.029164435670489517
2.86	0.026872308459952088
2.87	0.03340236528791561
2.88	0.02771321435041154
2.89	0.02138935645273346
2.9	0.019353212052614113
2.91	0.02134643345077106
2.92	0.019556880466210704
2.93	0.018910621238813555
2.94	0.014709120998655295
2.95	0.0107304804206504
2.96	0.00783967914004307
2.97	0.004836064238927804
2.98	0.004744148040070852
2.99	0.0019772806736676183
3.	0.0009524636917746182