0.	0.8278317828933157
0.01	0.8362616290665228
0.02	0.8650679617579117
0.03	0.919778074429288
0.04	0.9859351051528261
0.05	1.0450822937227564
0.06	1.079276433082242
0.07	1.1032891689851816
0.08	1.1420011880412586
0.09	1.1519006267585943
0.1	1.1589249709228566
0.11	1.1494910145919746
0.12	1.1384200560041853
0.13	1.1222420709073135
0.14	1.1261137871099898
0.15	1.098791156411078
0.16	1.0800794047325413
0.17	1.0563053747429405
0.18	1.0316079163576273
0.19	1.014005156413094
0.2	0.9791395204084543
0.21	0.9559018188312954
0.22	0.9161413026555176
0.23	0.8783235447689597
0.24	0.8531532189270215
0.25	0.8237452064371565
0.26	0.8109152954217679
0.27	0.7826641882510335
0.28	0.8245400703051939
0.29	0.8493081139290363
0.3	0.8768560256081323
0.31	0.8810441825798958
0.32	0.886731919520102
0.33	0.9031709878050754
0.34	0.908285262336733
0.35000000000000003	0.8863146348393405
0.36	0.8862335633987736
0.37	0.8972451551035763
0.38	0.8992634331061791
0.39	0.903342441142464
0.4	0.9236566850193738
0.41000000000000003	0.9445690907274407
0.42	0.9764653004173536
0.43	0.9893571573916036
0.44	1.016328158464616
0.45	1.038078210453017
0.46	1.0491060485450008
0.47000000000000003	1.0625820032276707
0.48	1.0739732303823977
0.49	1.0857750130795631
0.5	1.0786325852924843
0.51	1.0607849998389955
0.52	1.055877723018069
0.53	1.0407873036179236
0.54	1.0339026315795727
0.55	1.0089748289041525
0.56	0.9926980522123606
0.5700000000000001	0.9892818362658067
0.58	0.9804267602520204
0.59	0.9781503580079346
0.6	0.9754906411231714
0.61	0.9657931615736811
0.62	0.9650762009210044
0.63	0.9539624893838144
0.64	0.9407441586918905
0.65	0.9293446812609937
0.66	0.9174906910939672
0.67	0.9207828379233354
0.68	0.9078577638946419
0.6900000000000001	0.9093772820526942
0.7000000000000001	0.8882651775339121
0.71	0.8811674269732884
0.72	0.8699190002192749
0.73	0.8503132762377045
0.74	0.8530512504155906
0.75	0.8277367431100054
0.76	0.8162169301654046
0.77	0.7873577628410993
0.78	0.7748746202393311
0.79	0.7738862396840472
0.8	0.7749055668249166
0.81	0.7827681355730363
0.8200000000000001	0.7817299080037082
0.8300000000000001	0.7793364845968254
0.84	0.7839670253297729
0.85	0.7850954820833472
0.86	0.7830155137842659
0.87	0.7759796199119376
0.88	0.7884673987408285
0.89	0.807252358203787
0.9	0.8408456235077393
0.91	0.8826183918994995
0.92	0.9452552407145486
0.93	0.9834329046438078
0.9400000000000001	1.0273305827410355
0.9500000000000001	1.053762009714485
0.96	1.0551620661314995
0.97	1.0363667962120033
0.98	0.9801360168803326
0.99	0.9253206891343541
1.	0.7366195465059218
1.01	0.6883170256380229
1.02	0.6790635146164207
1.03	0.6600955841071245
1.04	0.6565226940186903
1.05	0.6497488440359462
1.06	0.630259708980678
1.07	0.6197085114229801
1.08	0.6003462978590807
1.09	0.5873767505495254
1.1	0.5907183406358305
1.11	0.5806691230425024
1.12	0.5668810987213744
1.1300000000000001	0.5731189957543581
1.1400000000000001	0.5667839250537684
1.1500000000000001	0.5711408479783058
1.16	0.58640304696156
1.17	0.6009212064992184
1.18	0.6116349257149758
1.19	0.654553370083816
1.2	0.6556112736445427
1.21	0.6398156310125591
1.22	0.6399811740601699
1.23	0.6335126927921809
1.24	0.6237415618457679
1.25	0.6404721749739629
1.26	0.6415969681174399
1.27	0.6621336215920988
1.28	0.6561886685892808
1.29	0.6625261032026944
1.3	0.6612082063766812
1.31	0.6415662504100588
1.32	0.6372927528529614
1.33	0.6489617696848708
1.34	0.6472351197273318
1.35	0.665246197859514
1.36	0.6929364971178665
1.37	0.7109548216027624
1.3800000000000001	0.7305944538202519
1.3900000000000001	0.7572578604200176
1.4000000000000001	0.7612379234831387
1.41	0.7631059017153067
1.42	0.7439109515523807
1.43	0.7146210225618368
1.44	0.6791268541562822
1.45	0.6523933231141378
1.46	0.6344211980498378
1.47	0.622234833552508
1.48	0.632467307783542
1.49	0.6193284850752062
1.5	0.6020255059361153
1.51	0.6087522649381901
1.52	0.5922666764285093
1.53	0.5912466167449024
1.54	0.5851237736871344
1.55	0.5847671905646464
1.56	0.5882865410216398
1.57	0.5856752755782335
1.58	0.583639322503654
1.59	0.5845461154189286
1.6	0.5791275263400223
1.61	0.5931911238714525
1.62	0.5862833792210497
1.6300000000000001	0.6084662010828129
1.6400000000000001	0.6120487304126998
1.6500000000000001	0.6312363952837701
1.6600000000000001	0.641645505944715
1.67	0.6605327257484549
1.68	0.6563165255146468
1.69	0.66269379395153
1.7	0.661970857676101
1.71	0.6517313962596534
1.72	0.6470763001816341
1.73	0.6382882060243895
1.74	0.6248312357409066
1.75	0.5904294714373052
1.76	0.5808541794877446
1.77	0.5563522420048203
1.78	0.5463970246170798
1.79	0.5338707392321173
1.8	0.5162733335099374
1.81	0.5072558073952943
1.82	0.5012656409390891
1.83	0.4939691339170045
1.84	0.48658540822000884
1.85	0.49185360148364693
1.86	0.5004316938019551
1.87	0.5098269708704689
1.8800000000000001	0.5368503336928842
1.8900000000000001	0.5472929412883628
1.9000000000000001	0.5636430214790874
1.9100000000000001	0.5568075346508133
1.92	0.5172651575333717
1.93	0.4532180902241017
1.94	0.4353413910104067
1.95	0.38837248128513907
1.96	0.355693042496257
1.97	0.3595530050203055
1.98	0.3290259337779927
1.99	0.27740390270938026
2.	0.07722557210407095
2.0100000000000002	0.06819915601430776
2.02	0.06248907540296834
2.0300000000000002	0.06440509077463845
2.04	0.056593889299166
2.05	0.050684750188806214
2.06	0.04161977600132525
2.07	0.04908607013740758
2.08	0.04931105120316555
2.09	0.053987849021101826
2.1	0.05159634750191
2.11	0.04558929464426812
2.12	0.040145775932910674
2.13	0.03987947171971537
2.14	0.036470030530637194
2.15	0.04279776104051064
2.16	0.04493569586711614
2.17	0.05235579244816644
2.18	0.057430336123547414
2.19	0.056113696770685124
2.2	0.04989213812913578
2.21	0.037981332115086607
2.22	0.028590092182783983
2.23	0.017552514674841622
2.24	0.014892543127074791
2.25	0.008507669642750041
2.2600000000000002	0.007368280178824879
2.27	0.012784402329293268
2.2800000000000002	0.017368674559610903
2.29	0.028084791671374305
2.3000000000000003	0.03690465053137921
2.31	0.04227098658414514
2.32	0.03832703015875195
2.33	0.0389238974259496
2.34	0.038351322074257184
2.35	0.046361963230428696
2.36	0.047551470375181835
2.37	0.04250284899545075
2.38	0.04138547865464135
2.39	0.034129839580874274
2.4	0.04482853433510979
2.41	0.046767466205949244
2.42	0.03963023093389244
2.43	0.041900893935544296
2.44	0.04037934211163339
2.45	0.044161650312924426
2.46	0.049138551608721076
2.47	0.05689886911636627
2.48	0.05915885130770767
2.49	0.06406235540466065
2.5	0.0512462515684296
2.5100000000000002	0.04276209370972394
2.52	0.027970774878794742
2.5300000000000002	0.023665278927949677
2.54	0.01554468787953638
2.5500000000000003	0.01874407402129109
2.56	0.02746069035921394
2.57	0.038948390019222984
2.58	0.05313760815726658
2.59	0.05661311880107691
2.6	0.051106598155824814
2.61	0.044351831257987244
2.62	0.03418708406746086
2.63	0.025104854127235596
2.64	0.016985328143022546
2.65	0.012533496441696459
2.66	0.010662624282487832
2.67	0.012789414862888059
2.68	0.016936517422732646
2.69	0.019822797406194005
2.7	0.02134132298199211
2.71	0.02030781364552846
2.72	0.01871000576152234
2.73	0.017943129516457462
2.74	0.00951772465540088
2.75	0.00660210866774043
2.7600000000000002	0.006079837165162364
2.77	0.009906625918848583
2.7800000000000002	0.01583773125725268
2.79	0.02726251752975933
2.8000000000000003	0.025350334767542643
2.81	0.028649269073665943
2.82	0.03035755792944305
2.83	0.024401837297114197
2.84	0.02656042871115195
2.85	0.02896125162113544
2.86	0.02664390139017054
2.87	0.03243605254957885
2.88	0.02543398808876614
2.89	0.024166671153947814
2.9	0.025533645467015458
2.91	0.01785436776613157
2.92	0.019569416095649623
2.93	0.01613070164590132
2.94	0.01641562958594119
2.95	0.014104631754053507
2.96	0.012153117987646365
2.97	0.005675113512534292
2.98	0.004577292756551344
2.99	0.0011206952715837727
3.	0.0009089928387335554