0.0050000000000000001	1.69191292365145086e-10
0.0150000000000000012	2.2923509000738473e-10
0.0250000000000000014	2.11794314068092236e-7
0.0350000000000000033	5.56286199909772356e-9
0.0450000000000000053	1.68537393053780337e-7
0.0550000000000000003	0.0000308829138928334867
0.0650000000000000022	0.000119738748959257173
0.0749999999999999972	0.00958555148769050895
0.0850000000000000061	0.703893265025690162
0.0950000000000000011	0.785082674541044967
0.10500000000000001	0.805452597681432958
0.115000000000000005	0.811746493093669419
0.125	0.810900150476954851
0.135000000000000009	0.79501187188318001
0.145000000000000018	0.7954566864331718
0.154999999999999999	0.779171447984408627
0.165000000000000008	0.779518311495776328
0.175000000000000017	0.785532965711317921
0.184999999999999998	0.773800543190445778
0.195000000000000007	0.764097088655689705
0.205000000000000016	0.749841526385862434
0.214999999999999997	0.759284460466915334
0.225000000000000006	0.762369505392853197
0.235000000000000014	0.730269133264428105
0.245000000000000023	0.726699483506381472
0.255000000000000004	0.714164750287309302
0.265000000000000013	0.730073171313852076
0.275000000000000022	0.725416357307694826
0.285000000000000031	0.765149796362966317
0.29500000000000004	0.805331428293138751
0.304999999999999993	0.836181223373860138
0.315000000000000002	1.64584146648645402
0.325000000000000011	1.80266557008028028
0.33500000000000002	1.90398737818002695
0.345000000000000029	1.97062318205833442
0.355000000000000038	2.00777274549007423
0.364999999999999991	2.03298885285854336
0.375	2.0339425432682039
0.385000000000000009	2.05505896329879745
0.395000000000000018	2.05758435368537906
0.405000000000000027	2.09814300835132617
0.415000000000000036	2.10483513951301582
0.425000000000000044	2.11513261377811412
0.434999999999999998	2.13106196880340582
0.445000000000000007	2.13216532111167911
0.455000000000000016	2.1163269895315171
0.465000000000000024	2.10331144571304307
0.475000000000000033	2.10086090028285977
0.485000000000000042	2.11569976031780227
0.494999999999999996	2.1585391411185264
0.505000000000000004	2.26121135175228138
0.515000000000000013	2.35903880357742324
0.525000000000000022	3.02826759755611441
0.535000000000000031	3.1300849962234496
0.54500000000000004	3.19222077906131752
0.555000000000000049	3.24769778668880482
0.565000000000000058	3.27598131835460649
0.575000000000000067	3.29143106579780564
0.585000000000000076	3.31084145069122293
0.594999999999999973	3.31920845866203296
0.604999999999999982	3.32275316953659061
0.614999999999999991	3.34681082725524881
0.625	3.36670115351676946
0.635000000000000009	3.36215340256690976
0.645000000000000018	3.31329706668853774
0.655000000000000027	3.26338024258613579
0.665000000000000036	3.25753827691078168
0.675000000000000044	3.2924554324150086
0.685000000000000053	3.34596810102462783
0.695000000000000062	3.40556264162063593
0.705000000000000071	3.51452485084533706
0.71500000000000008	3.63890692710876484
0.724999999999999978	4.13332251429557829
0.734999999999999987	4.24282891392707828
0.744999999999999996	4.31415363788604722
0.755000000000000004	4.35466833114624041
0.765000000000000013	4.38452548027038613
0.775000000000000022	4.41918175816535985
0.785000000000000031	4.42869729757308939
0.79500000000000004	4.43117910981178298
0.805000000000000049	4.43221254110336282
0.815000000000000058	4.43459101915359533
0.825000000000000067	4.42383862495422342
0.835000000000000076	4.41737888574600213
0.845000000000000084	4.39765348553657542
0.855000000000000093	4.4183367419242856
0.864999999999999991	4.43484352707862861
0.875	4.48479925036430327
0.885000000000000009	4.52901211619377175
0.895000000000000018	4.63603476405143766
0.905000000000000027	4.77030671119689931
0.915000000000000036	4.87437180519104008
0.925000000000000044	5.2516309833526611
0.935000000000000053	5.35244295835494999
0.945000000000000062	5.42703683376312274
0.955000000000000071	5.48296806812286341
0.96500000000000008	5.50435120344161977
0.975000000000000089	5.49381957054138148
0.985000000000000098	5.50649052858352661
0.994999999999999996	5.5255400371551513
1.00500000000000012	5.55169532775878949
1.01500000000000012	5.54618027925491308
1.02500000000000013	5.5230492901802064
1.03500000000000014	5.51620174646377581
1.04500000000000015	5.53383350610733071
1.05499999999999994	5.57700043201446505
1.06499999999999995	5.62735170841217069
1.07499999999999996	5.64199190378189108
1.08499999999999996	5.69140736818313631
1.09499999999999997	5.80813615798950167
1.10499999999999998	5.92666017532348644
1.11499999999999999	6.32467859268188448
1.125	6.38698281526565559
1.13500000000000001	6.47112200021743789
1.14500000000000002	6.5362949848175047
1.15500000000000003	6.56588706493377661
1.16500000000000004	6.60124595403671233
1.17500000000000004	6.61420345783233632
1.18500000000000005	6.60971990108490015
1.19500000000000006	6.6080818033218387
1.20500000000000007	6.62159710407257052
1.21500000000000008	6.61134312152862513
1.22500000000000009	6.60058795452117941
1.2350000000000001	6.60365518808364893
1.24500000000000011	6.60881164550781275
1.25500000000000012	6.61198682069778432
1.26500000000000012	6.6776963281631474
1.27500000000000013	6.74481158494949362
1.28500000000000014	6.89722946166992212
1.29500000000000015	7.26734322547912637
1.30500000000000016	7.44024806499481173
1.31500000000000017	7.49174210786819472
1.32499999999999996	7.53161422491073651
1.33499999999999996	7.58595648527145361
1.34499999999999997	7.63373175382614111