0.0050000000000000001	1.16140652650642551e-10
0.0150000000000000012	1.4747074082721579e-10
0.0250000000000000014	2.42618280674178333e-10
0.0350000000000000033	5.44759520132442908e-10
0.0450000000000000053	1.88227722019984628e-9
0.0550000000000000003	2.22476152278439101e-8
0.0650000000000000022	0.00014654295377059868
0.0749999999999999972	0.00693367294412610118
0.0850000000000000061	1.10548079401254662
0.0950000000000000011	1.24943972438573847
0.10500000000000001	1.2667827576398849
0.115000000000000005	1.22369138970971103
0.125	1.21258229315280919
0.135000000000000009	1.19098501771688459
0.145000000000000018	1.16910126015543936
0.154999999999999999	1.11900120615959176
0.165000000000000008	1.08156489193439476
0.175000000000000017	1.06931430578231801
0.184999999999999998	1.06676479160785664
0.195000000000000007	1.04291878700256357
0.205000000000000016	1.02955985605716704
0.214999999999999997	1.01790595322847377
0.225000000000000006	1.01139505565166465
0.235000000000000014	0.993644063919782661
0.245000000000000023	0.987034699209034416
0.255000000000000004	0.967979229558259213
0.265000000000000013	0.960759872402995874
0.275000000000000022	0.966309382840990994
0.285000000000000031	0.951180802667513481
0.29500000000000004	0.930017005503177674
0.304999999999999993	1.02867027670145039
0.315000000000000002	2.29027378141880034
0.325000000000000011	2.42753283262252806
0.33500000000000002	2.55309878110885613
0.345000000000000029	2.59936418890953069
0.355000000000000038	2.64298939466476446
0.364999999999999991	2.65770637512207042
0.375	2.70570055902004247
0.385000000000000009	2.72819633245468118
0.395000000000000018	2.72126946032047279
0.405000000000000027	2.73860223352909094
0.415000000000000036	2.73555521667003632
0.425000000000000044	2.73880831837654126
0.434999999999999998	2.73564730286598223
0.445000000000000007	2.73939525604248058
0.455000000000000016	2.7285928094387053
0.465000000000000024	2.68758948326110847
0.475000000000000033	2.63854252338409445
0.485000000000000042	2.58526545703411115
0.494999999999999996	2.56274067878723155
0.505000000000000004	2.61561849415302294
0.515000000000000013	2.79165050804615022
0.525000000000000022	3.89951770782470719
0.535000000000000031	4.09933853983879093
0.54500000000000004	4.17955291032791099
0.555000000000000049	4.24081410884857135
0.565000000000000058	4.27377809405326836
0.575000000000000067	4.2843898499011992
0.585000000000000076	4.28668539643287616
0.594999999999999973	4.28756469249725303
0.604999999999999982	4.28088014006614692
0.614999999999999991	4.26648139476776134
0.625	4.25165967583656279
0.635000000000000009	4.23023363351821935
0.645000000000000018	4.19715515971183795
0.655000000000000027	4.15637528777122522
0.665000000000000036	4.1086753177642823
0.675000000000000044	4.05918503046035806
0.685000000000000053	4.0411122167110447
0.695000000000000062	4.07582573890686017
0.705000000000000071	4.1162277114391328
0.71500000000000008	4.23283082723617543
0.724999999999999978	5.16279905796050986
0.734999999999999987	5.36700681209564223
0.744999999999999996	5.45224696397781372
0.755000000000000004	5.51351212263107282
0.765000000000000013	5.56616000413894696
0.775000000000000022	5.59878918170928941
0.785000000000000031	5.61007791519165
0.79500000000000004	5.60535864591598543
0.805000000000000049	5.60125749826431285
0.815000000000000058	5.59039708614349351
0.825000000000000067	5.57488425493240314
0.835000000000000076	5.55747908949851954
0.845000000000000084	5.54340424299240109
0.855000000000000093	5.53661598443984992
0.864999999999999991	5.51785297393798846
0.875	5.49625557661056519
0.885000000000000009	5.49831681966781627
0.895000000000000018	5.40701494932174676
0.905000000000000027	5.45610965251922586
0.915000000000000036	5.79019206285476695
0.925000000000000044	6.51604832649230925
0.935000000000000053	6.67110619544982875
0.945000000000000062	6.77056573867797873
0.955000000000000071	6.82805248022079425
0.96500000000000008	6.84703166484832781
0.975000000000000089	6.86629447221756006
0.985000000000000098	6.89764766216278069
0.994999999999999996	6.91365725755691507
1.00500000000000012	6.91131566286087029
1.01500000000000012	6.89417514324188208
1.02500000000000013	6.87991423130035429
1.03500000000000014	6.85650907754898054
1.04500000000000015	6.81522607326507579
1.05499999999999994	6.75663841962814349
1.06499999999999995	6.67838254451751734
1.07499999999999996	6.56296160936355566
1.08499999999999996	6.50927695512771631
1.09499999999999997	6.60035415172576911
1.10499999999999998	6.88971644401550254
1.11499999999999999	7.619083573818207
1.125	7.76590321779251092
1.13500000000000001	7.85442240476608244
1.14500000000000002	7.92847486972808824
1.15500000000000003	7.98418296813964812
1.16500000000000004	8.0291693878173831
1.17500000000000004	8.05039596319198658
1.18500000000000005	8.04613305568695125
1.19500000000000006	8.02090659379959092
1.20500000000000007	7.97124614477157589
1.21500000000000008	7.92399671792983984
1.22500000000000009	7.86048849821090734
1.2350000000000001	7.77133599996566815
1.24500000000000011	7.62930198907852208
1.25500000000000012	7.52804425239563013
1.26500000000000012	7.51040795326232935
1.27500000000000013	7.60053998947143583
1.28500000000000014	7.81507894754409804
1.29500000000000015	8.48262361526489172
1.30500000000000016	8.74154214620590153
1.31500000000000017	8.85151433944702148
1.32499999999999996	8.94939792633056719
1.33499999999999996	9.00673548698425286
1.34499999999999997	9.03451160192489588