0.0050000000000000001	1.45213010852018883e-10
0.0150000000000000012	1.90327991284044995e-10
0.0250000000000000014	3.42506555894850343e-10
0.0350000000000000033	9.94789262492856683e-10
0.0450000000000000053	8.15801335501964441e-8
0.0550000000000000003	4.13148937801199861e-7
0.0650000000000000022	0.0056473482464207336
0.0749999999999999972	0.003020229629427149
0.0850000000000000061	0.811137245185673206
0.0950000000000000011	0.890241109579801515
0.10500000000000001	0.91746899396181103
0.115000000000000005	0.908484884873032583
0.125	0.905365386605262779
0.135000000000000009	0.907135380506515543
0.145000000000000018	0.895022711791098158
0.154999999999999999	0.897902947328984791
0.165000000000000008	0.89832713673822584
0.175000000000000017	0.886653754403814664
0.184999999999999998	0.880297689603176004
0.195000000000000007	0.857856136532500368
0.205000000000000016	0.848433674992993492
0.214999999999999997	0.84995878465706487
0.225000000000000006	0.854072976140305418
0.235000000000000014	0.845704645738005634
0.245000000000000023	0.831445076921954795
0.255000000000000004	0.8073220362327993
0.265000000000000013	0.800512104742229003
0.275000000000000022	0.797110275696613857
0.285000000000000031	0.829684785604476893
0.29500000000000004	0.848115743901580621
0.304999999999999993	0.919141112938523297
0.315000000000000002	1.81798167973756786
0.325000000000000011	1.99689810127019873
0.33500000000000002	2.11108510255813586
0.345000000000000029	2.14690276682376879
0.355000000000000038	2.20058216631412495
0.364999999999999991	2.22287793636322029
0.375	2.27929834127426156
0.385000000000000009	2.27805404901504538
0.395000000000000018	2.31027917027473428
0.405000000000000027	2.31387382328510283
0.415000000000000036	2.30371579289436346
0.425000000000000044	2.32285094439983375
0.434999999999999998	2.28325340032577495
0.445000000000000007	2.28974982142448447
0.455000000000000016	2.25810208797454814
0.465000000000000024	2.23698379695415506
0.475000000000000033	2.25471981108188624
0.485000000000000042	2.27534183800220502
0.494999999999999996	2.292320269346237
0.505000000000000004	2.3515779286623002
0.515000000000000013	2.51472929537296297
0.525000000000000022	3.2806753170490266
0.535000000000000031	3.38716764688491834
0.54500000000000004	3.45920199871063216
0.555000000000000049	3.52189423918724076
0.565000000000000058	3.56401716828346249
0.575000000000000067	3.57183230161666865
0.585000000000000076	3.57572887659072869
0.594999999999999973	3.57700893521308894
0.604999999999999982	3.56178808569908156
0.614999999999999991	3.55027033090591448
0.625	3.54321010231971734
0.635000000000000009	3.52614188551902785
0.645000000000000018	3.50756736278533943
0.655000000000000027	3.47469538450241089
0.665000000000000036	3.46437108039855968
0.675000000000000044	3.44871944308280964
0.685000000000000053	3.49114575743675237
0.695000000000000062	3.61605343461036677
0.705000000000000071	3.72214643597602857
0.71500000000000008	3.79499188780784591
0.724999999999999978	4.42954596638679465
0.734999999999999987	4.55252560138702389
0.744999999999999996	4.63182957410812346
0.755000000000000004	4.66966030716896086
0.765000000000000013	4.70890364885330204
0.775000000000000022	4.71571276545524576
0.785000000000000031	4.71977702736854532
0.79500000000000004	4.71281588792800932
0.805000000000000049	4.71551573753356923
0.815000000000000058	4.71111423969268817
0.825000000000000067	4.69870339632034284
0.835000000000000076	4.69586157560348472
0.845000000000000084	4.68657036781311032
0.855000000000000093	4.68356330752372774
0.864999999999999991	4.69968370556831338
0.875	4.71693488478660594
0.885000000000000009	4.77857937335967975
0.895000000000000018	4.85074105024337765
0.905000000000000027	4.96951247334480328
0.915000000000000036	5.09926887392997763
0.925000000000000044	5.63289893388748197
0.935000000000000053	5.73599528074264509
0.945000000000000062	5.80394119262695352
0.955000000000000071	5.83245699167251619
0.96500000000000008	5.8441300749778744
0.975000000000000089	5.85602447748184218
0.985000000000000098	5.87531222343444792
0.994999999999999996	5.88020096540451043
1.00500000000000012	5.88354330062866193
1.01500000000000012	5.90127795696258506
1.02500000000000013	5.88977280616760268
1.03500000000000014	5.86243922710418719
1.04500000000000015	5.86275008916854823
1.05499999999999994	5.84748207807540865
1.06499999999999995	5.89188115358352693
1.07499999999999996	5.91600502252578764
1.08499999999999996	6.0082705569267274
1.09499999999999997	6.11236679315566978
1.10499999999999998	6.22821235179901134
1.11499999999999999	6.6628321933746335
1.125	6.81218733549118038
1.13500000000000001	6.8998023271560669
1.14500000000000002	6.93278106927871729
1.15500000000000003	6.97173648357391329
1.16500000000000004	6.99090571165084818
1.17500000000000004	7.01540432214736942
1.18500000000000005	7.02404604673385613
1.19500000000000006	7.01254223585128766
1.20500000000000007	6.99379100799560582
1.21500000000000008	6.9805784249305729
1.22500000000000009	6.95068823337554953
1.2350000000000001	6.92804030179977382
1.24500000000000011	6.90004420280456543
1.25500000000000012	6.89229405403137196
1.26500000000000012	6.94301049947738669
1.27500000000000013	7.01103565216064428
1.28500000000000014	7.16538882732391347
1.29500000000000015	7.56450719833374041
1.30500000000000016	7.78681222677230878
1.31500000000000017	7.85695412874221777
1.32499999999999996	7.91393418550491301
1.33499999999999996	7.98824470758438121
1.34499999999999997	8.02832967281341503