-4.	0.000026201220437196727
-3.99	0.000040837579176760055
-3.98	0.00007059711876314883
-3.97	0.00014026580968980868
-3.96	0.0003678331371392182
-3.95	0.0019445403997994264
-3.94	0.04718712933061147
-3.93	0.06610513586851202
-3.92	0.11880548938255327
-3.91	0.21669027612882288
-3.9	0.3352716333622405
-3.89	0.440817223155724
-3.88	0.5166621462198504
-3.87	0.5745094231610881
-3.86	0.6246931912496451
-3.85	0.659880344842165
-3.84	0.6946207545848867
-3.83	0.7214078740739235
-3.82	0.7436559340858716
-3.81	0.7584525783900153
-3.8	0.7696203262455219
-3.79	0.7747264677163878
-3.78	0.7757184023186898
-3.77	0.7109148329639831
-3.76	0.6913313037918515
-3.75	0.5750106148309204
-3.74	0.6453318695241946
-3.73	0.7869762974765402
-3.7199999999999998	0.9116459359128719
-3.71	1.01966756588327
-3.7	1.1035034865315536
-3.69	1.1679294696103875
-3.68	1.2242595386251545
-3.67	1.2737146990303025
-3.66	1.315548622580407
-3.65	1.3608380391678956
-3.64	1.3896353670199966
-3.63	1.4171528047490674
-3.62	1.4398892441846924
-3.61	1.4670509564243446
-3.6	1.4912413375363918
-3.59	1.5086826480176674
-3.58	1.527460035276696
-3.57	1.5430086305763544
-3.56	1.562832739030139
-3.55	1.571476559094296
-3.54	1.5836212093062936
-3.53	1.5950154941676191
-3.52	1.5981824769509483
-3.51	1.5942113782992633
-3.5	1.55227416182273
-3.49	1.452317313497793
-3.48	1.2446840719783827
-3.4699999999999998	1.1330223858982627
-3.46	1.2593123196477636
-3.45	1.4071437897427612
-3.44	1.5305354474924677
-3.4299999999999997	1.6427543676806144
-3.42	1.7326001108258542
-3.41	1.8059420002322302
-3.4	1.8667495086926333
-3.39	1.9242628355780287
-3.38	1.9689101750286315
-3.37	2.015573655779594
-3.36	2.05699686805698
-3.35	2.086494013712658
-3.34	2.1173765245977854
-3.33	2.1475912250167806
-3.32	2.1760202478865383
-3.31	2.202008961152331
-3.3	2.2238603354602104
-3.29	2.240453034362832
-3.2800000000000002	2.263090166555926
-3.27	2.27953668049002
-3.26	2.296821753321269
-3.25	2.320374667533768
-3.24	2.3312604804870753
-3.23	2.3474722514327064
-3.2199999999999998	2.3602553960757535
-3.21	2.3752152797898374
-3.2	2.387643294768712
-3.19	2.3960237032102603
-3.1799999999999997	2.4092914554712133
-3.17	2.414825139354468
-3.16	2.416897615566877
-3.15	2.4076619988148833
-3.14	2.3412818467458383
-3.13	2.172652114773738
-3.12	1.9027650669928236
-3.11	1.6648796927460068
-3.1	1.7795113443058488
-3.09	1.9463051334572339
-3.08	2.0876249427409204
-3.07	2.2179357731064084
-3.06	2.321200230784038
-3.05	2.40533384342853
-3.04	2.47838585167256
-3.0300000000000002	2.5486435146749944
-3.02	2.6037932002772624
-3.01	2.6511490851288917
-3.	2.6974991404903834
-2.99	2.734681690797667
-2.98	2.770885989944577
-2.9699999999999998	2.8183594133868004
-2.96	2.8370450414966575
-2.95	2.869142822313574
-2.94	2.899950933435538
-2.9299999999999997	2.9165799169119575
-2.92	2.944770961678243
-2.91	2.966952875788736
-2.9	2.9903963795466653
-2.8899999999999997	3.0077059734787883
-2.88	3.0334141805373567
-2.87	3.0434621659792733
-2.86	3.065257902287081
-2.8499999999999996	3.0795837336297374
-2.84	3.0933591491555172
-2.83	3.104491759822813
-2.8200000000000003	3.123366134381776
-2.81	3.140122435817946
-2.8	3.1552898387699337
-2.79	3.163579802225684
-2.7800000000000002	3.1738545824338638
-2.77	3.1894721665407917
-2.76	3.193977330028855
-2.75	3.2088670969146222
-2.74	3.2094845292590297
-2.73	3.205130133687718
-2.7199999999999998	3.170256031100459
-2.71	2.97128271195385
-2.7	2.7806246311580893
-2.69	2.301946997674941
-2.6799999999999997	2.1573014161966895
-2.67	2.300721208949651
-2.66	2.49028200758412
-2.65	2.656843997651383
-2.6399999999999997	2.7899560054713244
-2.63	2.8972451010059093
-2.62	2.998224787212003
-2.61	3.0854083292756633
-2.5999999999999996	3.156213347009933
-2.59	3.218334709676571
-2.58	3.273366037590782
-2.5700000000000003	3.323964945211063
-2.56	3.3735905173240677
-2.55	3.4134069960395856
-2.54	3.453186143718027
-2.5300000000000002	3.4918948488375636
-2.52	3.521212273629114
-2.51	3.552066412143022
-2.5	3.57936111472675
-2.49	3.608831500999375
-2.48	3.6280159115012576
-2.4699999999999998	3.659114336006692
-2.46	3.6715525279272594
-2.45	3.6955078132349786
-2.44	3.720085374616985
-2.4299999999999997	3.7379397232693345
-2.42	3.759305183470671
-2.41	3.7734609583123406
-2.4	3.791770782527393
-2.3899999999999997	3.8050332219643965
-2.38	3.8234595310252946
-2.37	3.8431276459549055
-2.36	3.8536804835385667
-2.3499999999999996	3.8653303664222456
-2.34	3.879212827927412
-2.33	3.895209119970388
-2.3200000000000003	3.906442079988449
-2.31	3.9203887255318746
-2.3	3.9328642123388864
-2.29	3.9398939927164798
-2.2800000000000002	3.9374277914141285
-2.27	3.939837350285063
-2.26	3.9298082066002054
-2.25	3.8629690949648197
-2.24	3.467383265138256
-2.23	3.246554975369562
-2.2199999999999998	2.6673662288435884
-2.21	2.587173001526502
-2.2	2.7712630093444357
-2.19	2.976713667532724
-2.1799999999999997	3.15625073218028
-2.17	3.310110204194466
-2.16	3.4342262065798193
-2.15	3.5394347430234703
-2.1399999999999997	3.6328088757428003
-2.13	3.7174362615456644
-2.12	3.781450888622307
-2.11	3.851014175139566
-2.0999999999999996	3.904774306412248
-2.09	3.965522640719768
-2.08	4.006235540890805
-2.0700000000000003	4.043739957538108
-2.06	4.092117623744542
-2.05	4.126814776596271
-2.04	4.164891255579336
-2.0300000000000002	4.195978557357308
-2.02	4.223934122892877
-2.01	4.260778810215361
-2.	4.28908079497148
-1.9899999999999998	4.3159097262565735
-1.98	4.333199149019086
-1.9699999999999998	4.353818868248205
-1.96	4.3831779326963485
-1.9500000000000002	4.403270569274931
-1.94	4.424150072165406
-1.9300000000000002	4.44197365282473
-1.92	4.466046317541616
-1.9100000000000001	4.481596731321877
-1.9	4.500302874752832
-1.8900000000000001	4.514426647438136
-1.88	4.5357667870970335
-1.87	4.549500362249539
-1.8599999999999999	4.562483546682577
-1.85	4.580258138685663
-1.8399999999999999	4.597397420870776
-1.83	4.611191650610719
-1.8199999999999998	4.618067114185729
-1.81	4.635102442090084
-1.7999999999999998	4.639341007921101
-1.79	4.639287541366119
-1.7799999999999998	4.6208362725352465
-1.77	4.553930884594927
-1.7599999999999998	4.181722542054176
-1.75	3.7950577668073087
-1.7399999999999998	3.1271225787451913
-1.73	2.8752054118413697
-1.7199999999999998	3.0049281115113193
-1.71	3.2102809318310026
-1.6999999999999997	3.4108027229158395
-1.69	3.5739102436838768
-1.6800000000000002	3.718391970954247
-1.67	3.8481023523026243
-1.6600000000000001	3.962682090647495
-1.65	4.059099857797186
-1.6400000000000001	4.132222299158416
-1.63	4.204174181154232
-1.62	4.274438218054717
-1.6099999999999999	4.335189810894172
-1.6	4.390749077538065
-1.5899999999999999	4.445558626153751
-1.58	4.4902805860320925
-1.5699999999999998	4.534118135432641
-1.56	4.57184052167943
-1.5499999999999998	4.610656140445934
-1.54	4.648398819511541
-1.5299999999999998	4.6816026403966315
-1.52	4.717187138087555
-1.5099999999999998	4.737077338743693
-1.5	4.7658027386167054
-1.4899999999999998	4.7993288625857895
-1.48	4.826770353866939
-1.4699999999999998	4.851098304474439
-1.46	4.876017995046977
-1.4499999999999997	4.900171281198407
-1.44	4.92081162758994
-1.4300000000000002	4.939107298671599
-1.42	4.962662304174724
-1.4100000000000001	4.980220627089298
-1.4	5.002459584008028
-1.3900000000000001	5.018455903632667
-1.38	5.039479435075026
-1.37	5.057064774295486
-1.3599999999999999	5.070797753319039
-1.35	5.089942496737822
-1.3399999999999999	5.102699514688439
-1.33	5.098544775591801
-1.3199999999999998	5.0881663180652374
-1.31	5.048178282726037
-1.2999999999999998	4.939211079855339
-1.29	4.19153128391277
-1.2799999999999998	3.8176190226892803
-1.27	3.097129221007213
-1.2599999999999998	2.920665379828808
-1.25	3.108518505213928
-1.2399999999999998	3.3559993485972184
-1.23	3.557643727062036
-1.2199999999999998	3.754050652730467
-1.21	3.907368267711438
-1.1999999999999997	4.047391919608706
-1.19	4.156448637175011
-1.1800000000000002	4.264349217327114
-1.17	4.357878924274505
-1.1600000000000001	4.441123643538158
-1.15	4.531004507288575
-1.1400000000000001	4.591972833695949
-1.13	4.6539483577974705
-1.12	4.716608722404778
-1.1099999999999999	4.763454866913724
-1.1	4.81724938493081
-1.0899999999999999	4.856360295970681
-1.08	4.901764493005925
-1.0699999999999998	4.943223896834692
-1.06	4.976027016583555
-1.0499999999999998	5.014420892146151
-1.04	5.0483633065839095
-1.0299999999999998	5.081118790636338
-1.02	5.107778122676698
-1.0099999999999998	5.140914551143887
-1.	5.173001271460159
-0.9899999999999998	5.197309986054439
-0.98	5.2216434218065
-0.9699999999999998	5.24450915121721
-0.96	5.265063385732147
-0.9499999999999997	5.287695488756355
-0.94	5.307283735322357
-0.9299999999999997	5.324722641152123
-0.9199999999999999	5.340839946078982
-0.9100000000000001	5.352548257782511
-0.8999999999999999	5.353844810387828
-0.8900000000000001	5.327301403171697
-0.8799999999999999	5.247967490000737
-0.8700000000000001	4.973146489943442
-0.8599999999999999	3.8812077930210096
-0.8500000000000001	3.3583519957354664
-0.8399999999999999	2.7090398714047175
-0.8300000000000001	2.7257173390596945
-0.8199999999999998	2.971800557027362
-0.81	3.2133946407849145
-0.7999999999999998	3.4462716208534805
-0.79	3.65160765088751
-0.7799999999999998	3.806619784452451
-0.77	3.952924608463416
-0.7599999999999998	4.087171606694945
-0.75	4.186968453254345
-0.7399999999999998	4.30337308551965
-0.73	4.391413810414172
-0.7199999999999998	4.478663275345033
-0.71	4.5562216195355925
-0.6999999999999997	4.614418814599705
-0.69	4.6999237490498595
-0.6799999999999997	4.740075452418654
-0.6699999999999999	4.790071300264283
-0.6600000000000001	4.849610354245524
-0.6499999999999999	4.898458082943871
-0.6400000000000001	4.930534602427176
-0.6299999999999999	4.985257020489315
-0.6200000000000001	5.018846129692167
-0.6099999999999999	5.053468340481826
-0.6000000000000001	5.088414774415197
-0.5899999999999999	5.104615036485904
-0.5800000000000001	5.140820925038834
-0.5699999999999998	5.162246272697341
-0.56	5.181493204344196
-0.5499999999999998	5.187261830811353
-0.54	5.179170288697316
-0.5299999999999998	5.133312793560952
-0.52	5.028120075442497
-0.5099999999999998	4.6595868419883155
-0.5	3.0720326138088305
-0.48999999999999977	2.6389240578249145
-0.48	2.030518628271883
-0.46999999999999975	1.9695831355060665
-0.45999999999999996	2.165263217910804
-0.44999999999999973	2.419303205762563
-0.43999999999999995	2.7021024720329048
-0.4299999999999997	2.91357742725361
-0.41999999999999993	3.110749349187612
-0.41000000000000014	3.2890109291436858
-0.3999999999999999	3.4340743334106665
-0.3900000000000001	3.556246958847821
-0.3799999999999999	3.6711886840305237
-0.3700000000000001	3.7675751761715577
-0.3599999999999999	3.8513561628740507
-0.3500000000000001	3.9355125042393913
-0.33999999999999986	3.994136106198074
-0.33000000000000007	4.045060349895123
-0.31999999999999984	4.1030046784304135
-0.31000000000000005	4.14523598876325
-0.2999999999999998	4.168285494197533
-0.29000000000000004	4.1989956593691025
-0.2799999999999998	4.209862426607192
-0.27	4.181601155657164
-0.2599999999999998	4.138103967718741
-0.25	3.9793137229587776
-0.23999999999999977	3.6148750420455014
-0.22999999999999998	2.0404708372727027
-0.21999999999999975	1.7416902197462985
-0.20999999999999996	1.6314192696422407
-0.19999999999999973	1.4140632821916481
-0.18999999999999995	1.2696347037905844
-0.17999999999999972	1.2262916126489394
-0.16999999999999993	1.2357520055450602
-0.16000000000000014	1.3181195271896025
-0.1499999999999999	1.3840171425255001
-0.14000000000000012	1.4568251608105975
-0.1299999999999999	1.4989004713272795
-0.1200000000000001	1.552155250062496
-0.10999999999999988	1.5598486133849365
-0.10000000000000009	1.5575836907863232
-0.08999999999999986	1.4941193697739592
-0.08000000000000007	1.3926378530000936
-0.06999999999999984	1.3781307739648658
-0.06000000000000005	3.1899435161839746
-0.04999999999999982	5.384760466358532
-0.040000000000000036	5.582840472500555
-0.029999999999999805	5.46137360994778
-0.020000000000000018	5.301606383390222
-0.009999999999999787	5.251650108404976
0.	5.151079809199858
0.009999999999999787	5.086909983141124
0.020000000000000462	5.166621630437412
0.03000000000000025	5.83660957349772
0.040000000000000036	7.033891800158019
0.04999999999999982	9.132925252262636
0.0600000000000005	10.329710814526974
0.07000000000000028	8.626412063148857
0.08000000000000007	6.474990320146699
0.08999999999999986	4.53090587164247
0.09999999999999964	3.093374589168346
0.11000000000000032	2.2392077334536884
0.1200000000000001	1.6791684375774083
0.1299999999999999	1.4002884154143536
0.13999999999999968	1.283343362772448
0.15000000000000036	1.2280893461108908
0.16000000000000014	1.2441568012321431
0.16999999999999993	1.3349704181702693
0.17999999999999972	1.4821160364223378
0.1900000000000004	1.7951612446285745
0.20000000000000018	2.3152960956252717
0.20999999999999996	3.3538431925127616
0.21999999999999975	5.4792552288982765
0.23000000000000043	8.658766764317328
0.2400000000000002	6.70411436317926
0.25	4.893704868576327
0.2599999999999998	3.2130267890865842
0.27000000000000046	2.045437610553925
0.28000000000000025	1.5533576566860263
0.29000000000000004	1.3764734577736035
0.2999999999999998	1.3989518366401976
0.3100000000000005	1.4918045364786494
0.3200000000000003	1.634682638391542
0.33000000000000007	1.731777766970371
0.33999999999999986	1.8060681120476634
0.35000000000000053	1.863302491183229
0.3600000000000003	1.9010055277647517
0.3700000000000001	1.882486543692396
0.3799999999999999	1.8670367836960355
0.3899999999999997	1.8393138728100178
0.40000000000000036	1.7884405888092383
0.41000000000000014	1.7007603639545832
0.41999999999999993	1.5851509236986903
0.4299999999999997	1.466847283005672
0.4400000000000004	1.3492061254054704
0.4500000000000002	1.1924709395437398
0.45999999999999996	1.0344149289351958
0.46999999999999975	0.9689354474788238
0.4800000000000004	1.1855327905502608
0.4900000000000002	2.132369552655955
0.5	5.430880976814185
0.5099999999999998	5.751252607058992
0.5200000000000005	4.312292178775999
0.5300000000000002	3.0169721853765448
0.54	2.162124293453887
0.5499999999999998	1.833374161082789
0.5600000000000005	1.846163302653819
0.5700000000000003	2.0507012141251115
0.5800000000000001	2.2784833740234536
0.5899999999999999	2.474548517094099
0.6000000000000005	2.6138166722469167
0.6100000000000003	2.753874749822278
0.6200000000000001	2.8247402252971123
0.6299999999999999	2.899478678189151
0.6399999999999997	2.9205866382505405
0.6500000000000004	2.9668752776910896
0.6600000000000001	2.975992222807162
0.6699999999999999	2.9938918200300066
0.6799999999999997	2.9909662167338227
0.6900000000000004	2.993474743100739
0.7000000000000002	2.9609417369124817
0.71	2.9472347990569108
0.7199999999999998	2.9255848695560007
0.7300000000000004	2.8844696376606844
0.7400000000000002	2.8287343970060075
0.75	2.7682996828000594
0.7599999999999998	2.686211258748439
0.7700000000000005	2.590712253912688
0.7800000000000002	2.477455078452174
0.79	2.3479931823076106
0.7999999999999998	2.159524822901329
0.8100000000000005	1.9593646565528025
0.8200000000000003	1.678450414110333
0.8300000000000001	1.3508325702280413
0.8399999999999999	1.0772025536216994
0.8500000000000005	1.1762156865562388
0.8600000000000003	3.2926835228168345
0.8700000000000001	4.540416353051732
0.8799999999999999	3.5656496682649332
0.8899999999999997	2.7088650227317865
0.9000000000000004	2.1366711747669336
0.9100000000000001	1.9816064672243652
0.9199999999999999	2.097999883930833
0.9299999999999997	2.3465892953440965
0.9400000000000004	2.6078389525202588
0.9500000000000002	2.841412193678158
0.96	3.0145003370902193
0.9699999999999998	3.122621434626027
0.9800000000000004	3.214915591349978
0.9900000000000002	3.272159705661505
1.	3.3279285657211037
1.0099999999999998	3.361303632770333
1.0200000000000005	3.38479612171158
1.0300000000000002	3.4061447317162745
1.04	3.4204855532422944
1.0499999999999998	3.421828005905324
1.0600000000000005	3.4218752506713472
1.0700000000000003	3.416984297655291
1.08	3.409975361824695
1.0899999999999999	3.3915342888382147
1.1000000000000005	3.3789475956825425
1.1100000000000003	3.354111475964323
1.12	3.3263624163370613
1.13	3.2984913920192516
1.1399999999999997	3.2601169571572464
1.1500000000000004	3.2165606196283965
1.1600000000000001	3.182279414724074
1.17	3.1043839554299937
1.1799999999999997	3.031880256025511
1.1900000000000004	2.9549877886602753
1.2000000000000002	2.8768580146918628
1.21	2.7639909175184116
1.2199999999999998	2.638009421642057
1.2300000000000004	2.4569543500340147
1.2400000000000002	2.2667770410988886
1.25	1.9917638362617407
1.2599999999999998	1.6244387535136138
1.2700000000000005	1.1769711519955577
1.2800000000000002	1.0875111022438857
1.29	3.710195640270065
1.2999999999999998	3.465641716479863
1.3100000000000005	2.7715404777781663
1.3200000000000003	2.220056325254781
1.33	1.9130510123275528
1.3399999999999999	1.94883801419598
1.3500000000000005	2.2027105745494007
1.3600000000000003	2.4928108573809005
1.37	2.7509404422462294
1.38	2.9355139583714127
1.3899999999999997	3.0594942308944795
1.4000000000000004	3.169591563309619
1.4100000000000001	3.24043829131084
1.42	3.2864128084634707
1.4299999999999997	3.340393432730251
1.4400000000000004	3.375966912124133
1.4500000000000002	3.3880773098866714
1.46	3.404840656149485
1.4699999999999998	3.4140080611984978
1.4800000000000004	3.4216992314597254
1.4900000000000002	3.4165765906268812
1.5	3.4186065833466737
1.5099999999999998	3.4173980711772227
1.5200000000000005	3.408870849902825
1.5300000000000002	3.3955710186067236
1.54	3.38181124376351
1.5499999999999998	3.3675718274179327
1.5600000000000005	3.3436149723235307
1.5700000000000003	3.326654258107146
1.58	3.3041886565281966
1.5899999999999999	3.2730140666768968
1.6000000000000005	3.230598077755416
1.6100000000000003	3.2028654782969412
1.62	3.153956935227961
1.63	3.110970409780176
1.6399999999999997	3.0484973289045576
1.6500000000000004	2.9893629749401778
1.6600000000000001	2.922342969393733
1.67	2.834039114542002
1.6799999999999997	2.741362251128719
1.6900000000000004	2.6216326423717717
1.7000000000000002	2.488447369194708
1.71	2.2997053511631993
1.7199999999999998	2.0637511124893417
1.7300000000000004	1.7329332987697812
1.7400000000000002	1.254986462643999
1.75	1.0357658676891146
1.7599999999999998	3.202899556125022
1.7700000000000005	2.7070319121332185
1.7800000000000002	2.2504626052454837
1.79	1.8974727820224135
1.7999999999999998	1.738058848536702
1.8100000000000005	1.8375161935375914
1.8200000000000003	2.0730555855573556
1.83	2.337558630503749
1.8399999999999999	2.5632362154328456
1.8500000000000005	2.7306094331646182
1.8600000000000003	2.8516984169742163
1.87	2.933146124562524
1.88	2.990995694087409
1.8899999999999997	3.0386009969051075
1.9000000000000004	3.0718140760182413
1.9100000000000001	3.094321100417741
1.92	3.1124532594248686
1.9299999999999997	3.1258959318080777
1.9400000000000004	3.138217955261195
1.9500000000000002	3.1361273193006487
1.96	3.136004230903398
1.9699999999999998	3.1310155505935184
1.9800000000000004	3.132667622078764
1.9900000000000002	3.122817470251922
2.	3.1109971600024466
2.01	3.103514282559157
2.0200000000000005	3.086925930740723
2.0300000000000002	3.07013806783603
2.04	3.055442320873428
2.05	3.026840401371225
2.0600000000000005	3.0074139154199737
2.0700000000000003	2.97131470109137
2.08	2.9443528163493964
2.09	2.908512886487145
2.1000000000000005	2.881902126895226
2.1100000000000003	2.8349937309796265
2.12	2.777189267404387
2.13	2.7255075538734603
2.1400000000000006	2.6667747544612523
2.1500000000000004	2.6014565156993665
2.16	2.513546137978288
2.17	2.411213870596953
2.1799999999999997	2.3013736371891174
2.1900000000000004	2.155747239744904
2.2	1.972157962800283
2.21	1.7160971603631932
2.2199999999999998	1.3367586845208512
2.2300000000000004	0.958511052960745
2.24	2.2110672366565214
2.25	2.3363669495575796
2.26	2.0535790171319914
2.2700000000000005	1.8066272662841192
2.2800000000000002	1.584460936072936
2.29	1.5709787730510105
2.3	1.7263913631751902
2.3100000000000005	1.9471012659599498
2.3200000000000003	2.163592060174232
2.33	2.3340542757140104
2.34	2.4474008945957415
2.3500000000000005	2.5397306103795336
2.3600000000000003	2.603941096018541
2.37	2.6327181925897083
2.38	2.679061035338214
2.3900000000000006	2.6880327916612337
2.4000000000000004	2.700471900903074
2.41	2.705896125043311
2.42	2.715172413488639
2.4299999999999997	2.7120797465178503
2.4400000000000004	2.7184076294949753
2.45	2.7116376890568175
2.46	2.7061719909519035
2.4699999999999998	2.691950549477008
2.4800000000000004	2.688466601935168
2.49	2.6670889202616097
2.5	2.656522091341234
2.51	2.639572594111266
2.5200000000000005	2.6206772346097704
2.5300000000000002	2.5963072261993285
2.54	2.576925498743635
2.55	2.5433701276949785
2.5600000000000005	2.513786792458669
2.5700000000000003	2.4784804485881704
2.58	2.444286483021163
2.59	2.3997422627416922
2.6000000000000005	2.3575543527202547
2.6100000000000003	2.299793633276682
2.62	2.2371941997976514
2.63	2.169034763028115
2.6400000000000006	2.0859316691515586
2.6500000000000004	1.9924723782982692
2.66	1.8576904573047348
2.67	1.6992896951854253
2.6799999999999997	1.47181825938429
2.6900000000000004	1.1750103028083594
2.7	0.8497096787258557
2.71	2.0613976146290183
2.7199999999999998	1.8684842098777343
2.7300000000000004	1.6656067000229526
2.74	1.4413948215873043
2.75	1.3068327216226554
2.76	1.2879933207272498
2.7700000000000005	1.4122708025111543
2.7800000000000002	1.5954293923691738
2.79	1.784019313851637
2.8	1.9126402573379715
2.8100000000000005	2.004755517724944
2.8200000000000003	2.075712741819641
2.83	2.1209527339482777
2.84	2.1415559590076394
2.8500000000000005	2.1511411277150283
2.8600000000000003	2.1669111635586322
2.87	2.174213519496263
2.88	2.1828957316386326
2.8900000000000006	2.1769646235513638
2.9000000000000004	2.164573299162573
2.91	2.1594332759181265
2.92	2.1421321597783765
2.9299999999999997	2.142807634761274
2.9400000000000004	2.1317358111184217
2.95	2.1113148332349656
2.96	2.089812363537032
2.9699999999999998	2.0770868783616
2.9800000000000004	2.0453775388702864
2.99	2.0257005220242856
3.	1.9936436369333743
3.01	1.9617601687333612
3.0200000000000005	1.9230152647675087
3.0300000000000002	1.8806980935502302
3.04	1.8354826851844412
3.05	1.7814791678053101
3.0600000000000005	1.7242654554390078
3.0700000000000003	1.6475509649822273
3.08	1.5739349936797438
3.09	1.4588675464224414
3.1000000000000005	1.3201457165493764
3.1100000000000003	1.1176836773227357
3.12	0.8718847057054793
3.13	0.781449216891415
3.1400000000000006	1.5662369241796674
3.1500000000000004	1.4302885275546817
3.16	1.2554988333272654
3.17	1.1041955699738246
3.1799999999999997	0.9672251433592569
3.1900000000000004	0.950426281840274
3.2	1.0378034336561073
3.21	1.1858084891254093
3.2199999999999998	1.3058979811999385
3.2300000000000004	1.3980505728187844
3.24	1.4624215681707593
3.25	1.4978046985753295
3.26	1.5244233133911458
3.2700000000000005	1.5341091612616942
3.2800000000000002	1.549523171944301
3.29	1.543115820537932
3.3	1.5431869684594255
3.3100000000000005	1.5365619288552217
3.3200000000000003	1.5300994115483204
3.33	1.517542971220273
3.34	1.4998069134898055
3.3500000000000005	1.4852110492634603
3.3600000000000003	1.4537601191405178
3.37	1.4374537395046718
3.38	1.4057082901704039
3.3900000000000006	1.3768733194692928
3.4000000000000004	1.3393620092025103
3.41	1.3014161150526866
3.42	1.2561721025489847
3.4299999999999997	1.2028577168346524
3.4400000000000004	1.129539567297354
3.45	1.0492865703622338
3.46	0.9550644712768209
3.4699999999999998	0.8234593650443319
3.4800000000000004	0.6569689711532298
3.49	0.6121821576451618
3.5	1.1048573142791625
3.51	1.0236794639124884
3.5200000000000005	0.9236861956760837
3.5300000000000002	0.8244547120812845
3.54	0.7054775034125639
3.55	0.626054583664094
3.5600000000000005	0.6185052909314943
3.5700000000000003	0.6753983427459741
3.58	0.7525011317791835
3.59	0.8054814554969594
3.6000000000000005	0.8501428383386914
3.6100000000000003	0.8738381310973938
3.62	0.8897456156748835
3.63	0.8890916046419247
3.6400000000000006	0.8898540266248124
3.6500000000000004	0.8730445037814306
3.66	0.8522295574608932
3.67	0.8338292641202258
3.6799999999999997	0.8091353674279113
3.6900000000000004	0.7852148543149149
3.7	0.7480147945126039
3.71	0.7115139140351971
3.7199999999999998	0.6616644787973573
3.7300000000000004	0.6102800806876082
3.74	0.5417427960933646
3.75	0.4705736947080997
3.76	0.4333667382192262
3.7700000000000005	0.7122580944999547
3.7800000000000002	0.5692495460886703
3.79	0.5378953661492628
3.8	0.4905700232846754
3.8100000000000005	0.43983318337944155
3.8200000000000003	0.38453069974504567
3.83	0.33006716219531923
3.84	0.30170239094826923
3.8500000000000005	0.3031676743091807
3.8600000000000003	0.313093424868374
3.87	0.32312420948373116
3.88	0.32243699363578054
3.8900000000000006	0.31270213386286
3.9000000000000004	0.3009066443010388
3.91	0.2787346240096702
3.92	0.2616795441448082
3.9300000000000006	0.2532532569513454
3.9400000000000004	0.2474406489161736
3.95	0.0023545056559525416
3.96	0.0004328200999027858
3.9699999999999998	0.00016318952269666636
3.9800000000000004	0.00008122607639787853
3.99	0.00004681446898380444
4.	0.00002979105347808275