-4.	0.000022446466517033895
-3.99	0.00003459780912839653
-3.98	0.000058586864672021976
-3.97	0.00011914057914044915
-3.96	0.0002988190843208126
-3.95	0.0014157785959070896
-3.94	0.022103722417091128
-3.93	0.38047752694537773
-3.92	0.6970112462464869
-3.91	0.8093495182304898
-3.9	0.8605980976319288
-3.89	0.8876534611327933
-3.88	0.9078069430734077
-3.87	0.9229710960797932
-3.86	0.9315430305875277
-3.85	0.9394034067947346
-3.84	0.944958429557422
-3.83	0.9495487637507172
-3.82	0.9537600363574968
-3.81	0.957285238008099
-3.8	0.9594379373936838
-3.79	0.9610362207971561
-3.78	0.9580926978333962
-3.77	0.9238485604316877
-3.76	1.0573450709842847
-3.75	1.4580910577962787
-3.74	1.6213043020416926
-3.73	1.704640124659939
-3.7199999999999998	1.7527614152340478
-3.71	1.7895822130011
-3.7	1.8144767090786627
-3.69	1.8327485274423847
-3.68	1.8484348482449806
-3.67	1.8576738534084558
-3.66	1.8700548694588988
-3.65	1.8766682176013683
-3.64	1.885293945252965
-3.63	1.890662944544439
-3.62	1.8980813655174025
-3.61	1.9013646020428938
-3.6	1.9075122228894215
-3.59	1.9104182886635581
-3.58	1.914776032962413
-3.57	1.9175987993386785
-3.56	1.921277075250106
-3.55	1.92451710132929
-3.54	1.9249124027890578
-3.53	1.927276537273764
-3.52	1.9279119344946607
-3.51	1.9254748398166504
-3.5	1.9025982067271645
-3.49	1.7591487631675538
-3.48	2.119610409769291
-3.4699999999999998	2.413959259603607
-3.46	2.5452489035043406
-3.45	2.6236607105720333
-3.44	2.672142431016444
-3.4299999999999997	2.707164217095408
-3.42	2.734806677058841
-3.41	2.756048574349914
-3.4	2.7728340185421447
-3.39	2.7878293976621307
-3.38	2.798726924972154
-3.37	2.811209279395552
-3.36	2.8199100870768166
-3.35	2.8296119045715686
-3.34	2.8361437478938223
-3.33	2.8404837340351023
-3.32	2.8477833916893607
-3.31	2.8540872082421656
-3.3	2.85815829980058
-3.29	2.861898520336434
-3.2800000000000002	2.86659328939411
-3.27	2.870669769906363
-3.26	2.8746353376658016
-3.25	2.8764927309088564
-3.24	2.879844480106858
-3.23	2.882698624698629
-3.2199999999999998	2.885972459688088
-3.21	2.8887676917804783
-3.2	2.8906661987011586
-3.19	2.892696709132618
-3.1799999999999997	2.893609272250314
-3.17	2.8946995727746754
-3.16	2.8943688066899766
-3.15	2.889786061821328
-3.14	2.8618467275371695
-3.13	2.6327087570437544
-3.12	2.8385654630845947
-3.11	3.2128528415900375
-3.1	3.393833659407688
-3.09	3.4928267486801463
-3.08	3.5629715893617058
-3.07	3.603248801234293
-3.06	3.6406555827039644
-3.05	3.6689639130073703
-3.04	3.689494034495544
-3.0300000000000002	3.707622126541832
-3.02	3.721445348452586
-3.01	3.7385388390884517
-3.	3.7486108977238097
-2.99	3.758653336155254
-2.98	3.7678933424433994
-2.9699999999999998	3.7750868311128123
-2.96	3.7840561844266105
-2.95	3.7890649148166595
-2.94	3.7946249082223904
-2.9299999999999997	3.8005294300714287
-2.92	3.8055685213384582
-2.91	3.812144103618415
-2.9	3.815336664955864
-2.8899999999999997	3.820830754888466
-2.88	3.824508347048585
-2.87	3.827680095896684
-2.86	3.829638996457241
-2.8499999999999996	3.833967893566003
-2.84	3.837453352968436
-2.83	3.841315417351674
-2.8200000000000003	3.8440280777921187
-2.81	3.846488620124706
-2.8	3.8487950123655614
-2.79	3.8498802858638355
-2.7800000000000002	3.8531089748807807
-2.77	3.8558106427174215
-2.76	3.855749151828447
-2.75	3.8572622165515567
-2.74	3.8579045263704757
-2.73	3.8549094584446038
-2.7199999999999998	3.842873155887054
-2.71	3.737510053280762
-2.7	3.1973459260360197
-2.69	3.733234722137433
-2.6799999999999997	4.100686857989737
-2.67	4.279188097391791
-2.66	4.3833934565371315
-2.65	4.460464906930466
-2.6399999999999997	4.508882284317137
-2.63	4.549183257562104
-2.62	4.580733886277439
-2.61	4.604343503993274
-2.5999999999999996	4.627649554270847
-2.59	4.641229965295112
-2.58	4.6613364178925565
-2.5700000000000003	4.673563281126706
-2.56	4.6859015369346535
-2.55	4.695226301672532
-2.54	4.7045064917221255
-2.5300000000000002	4.713907482234741
-2.52	4.721499161556225
-2.51	4.728671602295482
-2.5	4.735345025418598
-2.49	4.741294647410566
-2.48	4.7478534705656035
-2.4699999999999998	4.753282147392514
-2.46	4.757380355185496
-2.45	4.762399571674732
-2.44	4.767054207655251
-2.4299999999999997	4.771660056088454
-2.42	4.7754770775496205
-2.41	4.778097762884106
-2.4	4.78036298232146
-2.3899999999999997	4.784753358660513
-2.38	4.788832178290815
-2.37	4.790881626812841
-2.36	4.792502243175267
-2.3499999999999996	4.796440395633528
-2.34	4.800312914910768
-2.33	4.801810866474187
-2.3200000000000003	4.804104310644863
-2.31	4.806434806857486
-2.3	4.80714609327879
-2.29	4.809395305542509
-2.2800000000000002	4.809700383546842
-2.27	4.808747470915555
-2.26	4.8029814603673096
-2.25	4.780320912279475
-2.24	4.531654202289505
-2.23	3.8743514961187073
-2.2199999999999998	4.553556370349087
-2.21	4.9282135842406625
-2.2	5.124314940024891
-2.19	5.2474194526407265
-2.1799999999999997	5.328842819441723
-2.17	5.3915455605182
-2.16	5.436871742751118
-2.15	5.469864901195642
-2.1399999999999997	5.500384342972338
-2.13	5.527966143696474
-2.12	5.547326229105705
-2.11	5.568228154873151
-2.0999999999999996	5.583144257755804
-2.09	5.597305060359114
-2.08	5.60978405940291
-2.0700000000000003	5.6202510233536795
-2.06	5.631926773356448
-2.05	5.6391788437333705
-2.04	5.648434263692954
-2.0300000000000002	5.656803922250365
-2.02	5.663950205546811
-2.01	5.670985625571253
-2.	5.6779387848762495
-1.9899999999999998	5.681400382806842
-1.98	5.689046660368987
-1.9699999999999998	5.69343734422416
-1.96	5.698441927036751
-1.9500000000000002	5.702802132468146
-1.94	5.707657019466138
-1.9300000000000002	5.710508549541176
-1.92	5.715240925971779
-1.9100000000000001	5.718069698283504
-1.9	5.722078383074787
-1.8900000000000001	5.7259163919867575
-1.88	5.72873737839047
-1.87	5.731688459518122
-1.8599999999999999	5.735661839101248
-1.85	5.737913451224545
-1.8399999999999999	5.739867995143297
-1.83	5.740705845594301
-1.8199999999999998	5.74476582940453
-1.81	5.746176562799184
-1.7999999999999998	5.74693056651788
-1.79	5.7454485833823545
-1.7799999999999998	5.739814226882675
-1.77	5.717185314754927
-1.7599999999999998	5.527392220849859
-1.75	4.447136080956014
-1.7399999999999998	5.002212406937967
-1.73	5.538523290789135
-1.7199999999999998	5.801120070517565
-1.71	5.974952919343947
-1.6999999999999997	6.087589431118418
-1.69	6.167908271537742
-1.6800000000000002	6.230824610455446
-1.67	6.28079969319626
-1.6600000000000001	6.319581595444928
-1.65	6.352475104028137
-1.6400000000000001	6.383993168455997
-1.63	6.410152460868402
-1.62	6.4277278626240095
-1.6099999999999999	6.449067796560299
-1.6	6.4643528224528835
-1.5899999999999999	6.4803773171458365
-1.58	6.492631755328672
-1.5699999999999998	6.50462172416955
-1.56	6.516828903768435
-1.5499999999999998	6.526112915453584
-1.54	6.534526944406615
-1.5299999999999998	6.545308612192165
-1.52	6.552864596986488
-1.5099999999999998	6.560549123719958
-1.5	6.566283035767651
-1.4899999999999998	6.574096971284618
-1.48	6.578151205542641
-1.4699999999999998	6.586004714266052
-1.46	6.5895337662446485
-1.4499999999999997	6.596079366875074
-1.44	6.6018732361149866
-1.4300000000000002	6.606041806015748
-1.42	6.607734131099413
-1.4100000000000001	6.616091919443595
-1.4	6.61912347264952
-1.3900000000000001	6.6218833887249895
-1.38	6.626407342039929
-1.37	6.628841466712627
-1.3599999999999999	6.632057025339049
-1.35	6.633935471102322
-1.3399999999999999	6.636744148000949
-1.33	6.636331670782412
-1.3199999999999998	6.63377717467714
-1.31	6.622617307275725
-1.2999999999999998	6.5801735067079825
-1.29	6.109913862563581
-1.2799999999999998	4.784111456501335
-1.27	5.639793038077754
-1.2599999999999998	6.20490462906428
-1.25	6.52346119206638
-1.2399999999999998	6.692946912664995
-1.23	6.836310473829557
-1.2199999999999998	6.936165442017355
-1.21	7.005363566853901
-1.1999999999999997	7.0678088916327555
-1.19	7.1141792808725
-1.1800000000000002	7.154722607133383
-1.17	7.185211898289299
-1.1600000000000001	7.218894438911195
-1.15	7.242485020485547
-1.1400000000000001	7.270039129175494
-1.13	7.2878300145958805
-1.12	7.305085331956337
-1.1099999999999999	7.32344545420122
-1.1	7.335420045645253
-1.0899999999999999	7.349396653447949
-1.08	7.361202237777262
-1.0699999999999998	7.372780310526225
-1.06	7.380937512491852
-1.0499999999999998	7.393023662957898
-1.04	7.40227559977063
-1.0299999999999998	7.409982494663005
-1.02	7.417352776279773
-1.0099999999999998	7.426116227009806
-1.	7.431122429537347
-0.9899999999999998	7.438645124918899
-0.98	7.4426539377867
-0.9699999999999998	7.448715923201807
-0.96	7.457189288816532
-0.9499999999999997	7.459617374471322
-0.94	7.463534205140913
-0.9299999999999997	7.467108719802348
-0.9199999999999999	7.469428846296173
-0.9100000000000001	7.472250410926841
-0.8999999999999999	7.471692453555317
-0.8900000000000001	7.466529634414525
-0.8799999999999999	7.443060142673335
-0.8700000000000001	7.341060794087791
-0.8599999999999999	6.3812635564121685
-0.8500000000000001	5.2193484474374
-0.8399999999999999	6.23338584090737
-0.8300000000000001	6.785409645782803
-0.8199999999999998	7.120917744777477
-0.81	7.335435679099632
-0.7999999999999998	7.485016379822955
-0.79	7.596861217423448
-0.7799999999999998	7.684031824799744
-0.77	7.758225533311192
-0.7599999999999998	7.810146950201189
-0.75	7.8629664924132445
-0.7399999999999998	7.900589990124902
-0.73	7.939220678652958
-0.7199999999999998	7.967919501283947
-0.71	7.995946606223789
-0.6999999999999997	8.017178717541558
-0.69	8.04011043012796
-0.6799999999999997	8.056715177978031
-0.6699999999999999	8.075040681576816
-0.6600000000000001	8.09502351102686
-0.6499999999999999	8.106228989010903
-0.6400000000000001	8.122136046359268
-0.6299999999999999	8.133020210886503
-0.6200000000000001	8.142189971848532
-0.6099999999999999	8.153286956160999
-0.6000000000000001	8.158770065516185
-0.5899999999999999	8.171364627464392
-0.5800000000000001	8.175723261237478
-0.5699999999999998	8.183407714219978
-0.56	8.187522036895324
-0.5499999999999998	8.191407925730998
-0.54	8.188478586055831
-0.5299999999999998	8.182328894882149
-0.52	8.152138953781
-0.5099999999999998	8.032135030332002
-0.5	6.768150958777271
-0.48999999999999977	4.971570457008698
-0.48	6.201746465420194
-0.46999999999999975	6.945529712026172
-0.45999999999999996	7.3673563576152725
-0.44999999999999973	7.656306106368246
-0.43999999999999995	7.863077827838771
-0.4299999999999997	8.000182913426805
-0.41999999999999993	8.11583438067395
-0.41000000000000014	8.212306537136683
-0.3999999999999999	8.284342094141994
-0.3900000000000001	8.343840168892786
-0.3799999999999999	8.39222554131866
-0.3700000000000001	8.436239929180546
-0.3599999999999999	8.476761010459668
-0.3500000000000001	8.507302010645894
-0.33999999999999986	8.534305182069973
-0.33000000000000007	8.557050958484567
-0.31999999999999984	8.577734897003667
-0.31000000000000005	8.593915322177999
-0.2999999999999998	8.610000962382811
-0.29000000000000004	8.62314196578242
-0.2799999999999998	8.636369345356648
-0.27	8.632463531960559
-0.2599999999999998	8.627455417251271
-0.25	8.600562561675522
-0.23999999999999977	8.492798918488413
-0.22999999999999998	7.589559203042115
-0.21999999999999975	4.228833402239887
-0.20999999999999996	4.988461281126438
-0.19999999999999973	6.132339682408033
-0.18999999999999995	6.8360119491655205
-0.17999999999999972	7.245252964795285
-0.16999999999999993	7.55200774563352
-0.16000000000000014	7.7376610480145045
-0.1499999999999999	7.9146803297143276
-0.14000000000000012	8.022961828431944
-0.1299999999999999	8.11518226741538
-0.1200000000000001	8.172354306454388
-0.10999999999999988	8.23361745789753
-0.10000000000000009	8.246200956446788
-0.08999999999999986	8.243949739529308
-0.08000000000000007	8.198853693229204
-0.06999999999999984	8.009552160377291
-0.06000000000000005	6.692133219495783
-0.04999999999999982	3.522005153858343
-0.040000000000000036	3.119949042500206
-0.029999999999999805	3.723232896017803
-0.020000000000000018	4.286297759765607
-0.009999999999999787	4.602886546837386
0.	4.871230058712968
0.009999999999999787	5.189353682250057
0.020000000000000462	4.793158881567411
0.03000000000000025	4.220516043716856
0.040000000000000036	3.5240138341628304
0.04999999999999982	3.3177455997845935
0.0600000000000005	8.667479932736168
0.07000000000000028	4.570744555396995
0.08000000000000007	6.4450395165239955
0.08999999999999986	7.291948773470409
0.09999999999999964	7.575265933422635
0.11000000000000032	7.680368769608394
0.1200000000000001	7.724437953908047
0.1299999999999999	7.705377690482445
0.13999999999999968	7.670876967887967
0.15000000000000036	7.631194290145571
0.16000000000000014	7.5005868643940286
0.16999999999999993	7.347016724455516
0.17999999999999972	7.124591708608227
0.1900000000000004	6.81594430907059
0.20000000000000018	6.3206389567406625
0.20999999999999996	5.501244223420039
0.21999999999999975	3.655199396878492
0.23000000000000043	6.584507664564786
0.2400000000000002	4.668283618485877
0.25	7.20852379069616
0.2599999999999998	7.897717429150601
0.27000000000000046	8.08010335228915
0.28000000000000025	8.173527102889334
0.29000000000000004	8.209604063537899
0.2999999999999998	8.242279110240224
0.3100000000000005	8.247859840151053
0.3200000000000003	8.254651667891173
0.33000000000000007	8.244233012051122
0.33999999999999986	8.230966793174506
0.35000000000000053	8.220274449450116
0.3600000000000003	8.198820962245431
0.3700000000000001	8.17251961631087
0.3799999999999999	8.136899856004975
0.3899999999999997	8.105020256276267
0.40000000000000036	8.050738541770322
0.41000000000000014	7.9866149241968
0.41999999999999993	7.91126364238912
0.4299999999999997	7.819547680112714
0.4400000000000004	7.708647364885502
0.4500000000000002	7.540184008828801
0.45999999999999996	7.324127255226984
0.46999999999999975	7.014829383666976
0.4800000000000004	6.485257286093267
0.4900000000000002	5.441513856436392
0.5	2.6555249304140185
0.5099999999999998	4.435939286814448
0.5200000000000005	6.473704139727882
0.5300000000000002	7.5883474998772975
0.54	7.774507913753901
0.5499999999999998	7.843057552064835
0.5600000000000005	7.87998889213978
0.5700000000000003	7.898101368671047
0.5800000000000001	7.909341437540538
0.5899999999999999	7.9219843920695014
0.6000000000000005	7.921773639629438
0.6100000000000003	7.922230722924876
0.6200000000000001	7.9212157130614305
0.6299999999999999	7.914201548332926
0.6399999999999997	7.91124210095599
0.6500000000000004	7.9009679348431785
0.6600000000000001	7.893095512927495
0.6699999999999999	7.8798266428385615
0.6799999999999997	7.869429541054004
0.6900000000000004	7.852583953133257
0.7000000000000002	7.833122381588734
0.71	7.8173429774873675
0.7199999999999998	7.786201722419323
0.7300000000000004	7.764636236106774
0.7400000000000002	7.730234865380415
0.75	7.694523221642731
0.7599999999999998	7.654166912236654
0.7700000000000005	7.60289377159208
0.7800000000000002	7.538593584763394
0.79	7.462507682844632
0.7999999999999998	7.370422523446093
0.8100000000000005	7.245173881617292
0.8200000000000003	7.083576727611453
0.8300000000000001	6.837466749982166
0.8399999999999999	6.449161907147185
0.8500000000000005	5.69520702873689
0.8600000000000003	3.366024294714256
0.8700000000000001	3.991368274063356
0.8799999999999999	5.896806625404578
0.8899999999999997	7.0129188566478
0.9000000000000004	7.165986334730308
0.9100000000000001	7.221321893655041
0.9199999999999999	7.246664919494221
0.9299999999999997	7.261264550802491
0.9400000000000004	7.269067931136493
0.9500000000000002	7.275730897604579
0.96	7.27703317304814
0.9699999999999998	7.27589862843384
0.9800000000000004	7.278173624949436
0.9900000000000002	7.276237448085602
1.	7.270354200041582
1.0099999999999998	7.2707388489896685
1.0200000000000005	7.2639507922988455
1.0300000000000002	7.260203368636878
1.04	7.251730243766801
1.0499999999999998	7.246359816959959
1.0600000000000005	7.237440318326533
1.0700000000000003	7.228920470412095
1.08	7.220779785471703
1.0899999999999999	7.208218832682029
1.1000000000000005	7.194579419786178
1.1100000000000003	7.184247160701737
1.12	7.167899940100205
1.13	7.152194116180378
1.1399999999999997	7.132386719197157
1.1500000000000004	7.116755314839706
1.1600000000000001	7.0920790689246305
1.17	7.059906375004796
1.1799999999999997	7.031387129240468
1.1900000000000004	6.991687752798545
1.2000000000000002	6.951434883999835
1.21	6.899931906271087
1.2199999999999998	6.832269400754732
1.2300000000000004	6.74920497522939
1.2400000000000002	6.642905257984609
1.25	6.495953075079074
1.2599999999999998	6.273930372121002
1.2700000000000005	5.915871166750225
1.2800000000000002	5.147846653148928
1.29	2.435439118950533
1.2999999999999998	3.7189870521245423
1.3100000000000005	5.925533109931862
1.3200000000000003	6.347089343929088
1.33	6.424787273889157
1.3399999999999999	6.457018464599161
1.3500000000000005	6.472538467314227
1.3600000000000003	6.479670540651037
1.37	6.485918182688915
1.38	6.486632858957618
1.3899999999999997	6.489640295361089
1.4000000000000004	6.4901296028639415
1.4100000000000001	6.489325103698365
1.42	6.487156357017997
1.4299999999999997	6.485362741156826
1.4400000000000004	6.4826884203769115
1.4500000000000002	6.478989019420631
1.46	6.474563468652504
1.4699999999999998	6.471239647378919
1.4800000000000004	6.46734788075276
1.4900000000000002	6.462894617061558
1.5	6.454691991409731
1.5099999999999998	6.448263268242747
1.5200000000000005	6.4416285964848905
1.5300000000000002	6.43567547050501
1.54	6.42902748543945
1.5499999999999998	6.420509024997644
1.5600000000000005	6.409471398256311
1.5700000000000003	6.398544185463755
1.58	6.385615930877397
1.5899999999999999	6.372570210585422
1.6000000000000005	6.360185323640869
1.6100000000000003	6.343485916660598
1.62	6.326814804329536
1.63	6.305008146373602
1.6399999999999997	6.281842199377198
1.6500000000000004	6.256728833417241
1.6600000000000001	6.22462233442101
1.67	6.188804872826948
1.6799999999999997	6.146698581302943
1.6900000000000004	6.089810235781868
1.7000000000000002	6.022546815290143
1.71	5.92604863979351
1.7199999999999998	5.802424953408059
1.7300000000000004	5.616618671066862
1.7400000000000002	5.299382755594465
1.75	4.579647925920494
1.7599999999999998	2.9159313787468872
1.7700000000000005	3.5285621853250286
1.7800000000000002	5.326810759864381
1.79	5.539009087634129
1.7999999999999998	5.588224195937848
1.8100000000000005	5.606506025993609
1.8200000000000003	5.615848226248414
1.83	5.624046613309929
1.8399999999999999	5.6262597083035235
1.8500000000000005	5.627235000477025
1.8600000000000003	5.627760245528535
1.87	5.6282767344626
1.88	5.627223238329037
1.8899999999999997	5.6242254986381734
1.9000000000000004	5.624360859678488
1.9100000000000001	5.620324108767158
1.92	5.618156337759187
1.9299999999999997	5.6150196433077015
1.9400000000000004	5.610803669079776
1.9500000000000002	5.609683883457514
1.96	5.602682830941489
1.9699999999999998	5.600960676714755
1.9800000000000004	5.595318570118217
1.9900000000000002	5.589356280558763
2.	5.584442926761014
2.01	5.5775671021306845
2.0200000000000005	5.571616117870799
2.0300000000000002	5.563886088854019
2.04	5.557673370867727
2.05	5.546951786631593
2.0600000000000005	5.538577808989319
2.0700000000000003	5.533131659496772
2.08	5.515685974607371
2.09	5.505580377508811
2.1000000000000005	5.4883090118513636
2.1100000000000003	5.475930325060812
2.12	5.456022639214367
2.13	5.4361474613347545
2.1400000000000006	5.411889980775592
2.1500000000000004	5.384370016250988
2.16	5.351065218162283
2.17	5.3114292665921825
2.1799999999999997	5.257970666480589
2.1900000000000004	5.19605831650721
2.2	5.101140120484451
2.21	4.968358380938357
2.2199999999999998	4.739790417662716
2.2300000000000004	4.273171891797931
2.24	2.2077305726681633
2.25	2.8160573652625365
2.26	4.36679040576626
2.2700000000000005	4.653355478612754
2.2800000000000002	4.6953678453180565
2.29	4.71126688122243
2.3	4.717827869552378
2.3100000000000005	4.723511768905608
2.3200000000000003	4.7229090748588325
2.33	4.724244562405593
2.34	4.722628004048253
2.3500000000000005	4.722049525726263
2.3600000000000003	4.719024345676813
2.37	4.7206056655531965
2.38	4.7174794418823405
2.3900000000000006	4.714413573252197
2.4000000000000004	4.711387315144642
2.41	4.710082010052847
2.42	4.7056351249134964
2.4299999999999997	4.701488697195615
2.4400000000000004	4.699123002612329
2.45	4.694142586493813
2.46	4.688967238267073
2.4699999999999998	4.685225213891692
2.4800000000000004	4.678776777607767
2.49	4.673249731675052
2.5	4.667833061083555
2.51	4.65938340919897
2.5200000000000005	4.6525567479811105
2.5300000000000002	4.645983300437219
2.54	4.637412369067843
2.55	4.625769575717348
2.5600000000000005	4.618442401102918
2.5700000000000003	4.607010101799602
2.58	4.591828218104234
2.59	4.575119438287844
2.6000000000000005	4.561537554567357
2.6100000000000003	4.537464699998629
2.62	4.516185370365999
2.63	4.487710675807221
2.6400000000000006	4.449875683514907
2.6500000000000004	4.409117777854323
2.66	4.35098675604003
2.67	4.269564085834354
2.6799999999999997	4.152822620516713
2.6900000000000004	3.957254186366048
2.7	3.5335284732307146
2.71	2.06081590949647
2.7199999999999998	2.4638809326668683
2.7300000000000004	3.6240032176017585
2.74	3.748986837884724
2.75	3.773847403782289
2.76	3.782229253640874
2.7700000000000005	3.7865294256277284
2.7800000000000002	3.7889516589781986
2.79	3.789490029540432
2.8	3.7888934731639776
2.8100000000000005	3.7882601663158018
2.8200000000000003	3.787503733351427
2.83	3.7838467308961246
2.84	3.780560279540983
2.8500000000000005	3.778765159238794
2.8600000000000003	3.774331685639691
2.87	3.7730254572398105
2.88	3.7708358230606036
2.8900000000000006	3.7637791207751814
2.9000000000000004	3.7616917269509442
2.91	3.7552816850717576
2.92	3.7512801042609274
2.9299999999999997	3.7485711568944358
2.9400000000000004	3.740269320403489
2.95	3.73336323092397
2.96	3.726846716073476
2.9699999999999998	3.720203542818
2.9800000000000004	3.711471608825465
2.99	3.7033425465144196
3.	3.6925014506516285
3.01	3.6820496384729986
3.0200000000000005	3.6701618553932693
3.0300000000000002	3.6543715426305305
3.04	3.6360501120388053
3.05	3.618121931990531
3.0600000000000005	3.5909438539512664
3.0700000000000003	3.5649179940687903
3.08	3.521684296806713
3.09	3.472848602236092
3.1000000000000005	3.4094158838319526
3.1100000000000003	3.3036483428295784
3.12	3.1193979072313627
3.13	2.631143205642913
3.1400000000000006	1.6974529665447422
3.1500000000000004	2.1733334566264073
3.16	2.770870279938866
3.17	2.8193151649621786
3.1799999999999997	2.833707859637326
3.1900000000000004	2.8378136629144253
3.2	2.8387530210077485
3.21	2.839503270780138
3.2199999999999998	2.8377888864177674
3.2300000000000004	2.835746319514309
3.24	2.83377632960099
3.25	2.831550060418465
3.26	2.829718124782604
3.2700000000000005	2.8251204081007737
3.2800000000000002	2.8219383701986587
3.29	2.8174725211769984
3.3	2.812245694151102
3.3100000000000005	2.808687384261478
3.3200000000000003	2.8023229263861418
3.33	2.7958295274706653
3.34	2.7910273343910648
3.3500000000000005	2.7835837227822284
3.3600000000000003	2.775452981371898
3.37	2.7668026675123816
3.38	2.753743879580872
3.3900000000000006	2.7442686928401443
3.4000000000000004	2.7298253624604105
3.41	2.7160449972493783
3.42	2.693721960388369
3.4299999999999997	2.6707125825600695
3.4400000000000004	2.6425136875942026
3.45	2.601900730917782
3.46	2.556311940887217
3.4699999999999998	2.4758977507300486
3.4800000000000004	2.332215251012914
3.49	2.030424119973858
3.5	1.1962506833631807
3.51	1.3633072866882785
3.5200000000000005	1.8327825846271057
3.5300000000000002	1.8733087360412501
3.54	1.8811787528339
3.55	1.8826623822004263
3.5600000000000005	1.8831922531378777
3.5700000000000003	1.883529635059102
3.58	1.8782895483092927
3.59	1.876432773226125
3.6000000000000005	1.873770511419591
3.6100000000000003	1.8667231204257777
3.62	1.8639211076115012
3.63	1.8572891621931
3.6400000000000006	1.852373123294662
3.6500000000000004	1.8438596166419339
3.66	1.8368958915517346
3.67	1.8284856174812594
3.6799999999999997	1.8141103894804746
3.6900000000000004	1.8033929226016414
3.7	1.7861910529997145
3.71	1.767216920359741
3.7199999999999998	1.7410593089819086
3.7300000000000004	1.7089604342158276
3.74	1.655639175602807
3.75	1.581098893103437
3.76	1.4361711520692757
3.7700000000000005	0.8236845010118777
3.7800000000000002	0.6382082384533744
3.79	0.8589237136427218
3.8	0.926365440327006
3.8100000000000005	0.9319460177657011
3.8200000000000003	0.9324546096661103
3.83	0.9302937215899114
3.84	0.9275541821425748
3.8500000000000005	0.9219898172964441
3.8600000000000003	0.9160795862313059
3.87	0.906227604342518
3.88	0.8936309703964631
3.8900000000000006	0.8844779238626183
3.9000000000000004	0.8623117700471863
3.91	0.8329282473500602
3.92	0.796665362514367
3.9300000000000006	0.7183992737365366
3.9400000000000004	0.43284458907933854
3.95	0.002459939239588526
3.96	0.00036812517565625247
3.9699999999999998	0.0001333718896455015
3.9800000000000004	0.0000657761455372764
3.99	0.000037850737382908035
4.	0.0000242826844712467