0.01	0.9638532625704341
0.02	0.9756278398683862
0.03	0.9536099338304311
0.04	0.977994257382863
0.05	0.6891923523129956
0.060000000000000005	0.9982214218625179
0.06999999999999999	0.9385948779103298
0.08	0.5395057748118004
0.09	0.6629410190181818
0.09999999999999999	0.9998132141440402
0.11	0.9936628924501917
0.12	0.8017222613694951
0.13	0.8093963229301464
0.14	0.9981908269966254
0.15000000000000002	1.0000117517574867
0.16	1.0000246317301102
0.17	1.000141718179301
0.18000000000000002	2.86071950289709
0.19	2.9158458221800307
0.2	2.9664450216278366
0.21000000000000002	2.9875080760226242
0.22	2.9962929236245444
0.23	2.9973824983354636
0.24000000000000002	2.9987205724590784
0.25	2.999717086742444
0.26	2.999967771787962
0.27	2.999957637668058
0.28	3.0000245892486013
0.29000000000000004	3.0001904930601206
0.3	4.935992719351488
0.31	4.950894228845209
0.32	4.954989005184014
0.33	4.95605118302976
0.34	4.9571719117550765
0.35000000000000003	4.9558180428236
0.36000000000000004	4.954275926394403
0.37	4.958186415208118
0.38	4.9720386142542505
0.39	4.993228500668214
0.4	5.000052212731714
0.41000000000000003	6.826453971182095
0.42000000000000004	6.854020879294216
0.43	6.8589421978615315
0.44	6.8570698514541055
0.45	6.857282923309782
0.46	6.857239135911714
0.47000000000000003	6.856230580691421
0.48000000000000004	6.872086321600308
0.49	6.906690835258614
0.5	6.961154766799418
0.51	6.999838370870609
0.52	8.7891471638883
0.53	8.791135059662363
0.54	8.794170758731704
0.55	8.79724847174227
0.56	8.79775273081113
0.5700000000000001	8.815851219213624
0.5800000000000001	8.83740554887232
0.59	8.87614274262663
0.6	8.934726740194703
0.61	8.99799213469508
0.62	10.790094710965692
0.63	10.797759346952033
0.64	10.809519106223943
0.65	10.824050910119063
0.66	10.845655021213654
0.67	10.880646041682384
0.68	10.917109283567086
0.6900000000000001	10.959876367533878
0.7000000000000001	10.9958608251307
0.7100000000000001	12.898195651505256
0.72	12.915534966688996
0.73	12.930752759839494
0.74	12.947710688397025
0.75	12.968064744946815
0.76	12.980586959811786
0.77	12.992709096279354
0.78	12.99964692879637
0.79	14.987856866884188
0.8	14.995033686034478
0.81	14.997004059747844
0.8200000000000001	14.998718399889702
0.8300000000000001	14.999953606977876
0.8400000000000001	15.00002439525698
0.85	15.000168150144061
0.86	16.999756701707057
0.87	16.99985580584969
0.88	17.000004915967207
0.89	17.000016488965326
0.9	17.00004628681271
0.91	17.001621491419026
0.92	18.999948663400275
0.93	19.000017058656624
0.9400000000000001	19.00005014506067
0.9500000000000001	19.00027620007985
0.9600000000000001	20.999906815425014
0.97	21.000136562871244
0.98	21.000676246577168
0.99	23.00112921819101
1.	24.930880413325948
1.01	25
1.02	24.000339908544497
1.03	23.999305004159556
1.04	23.94235489623519
1.05	23.80645034382415
1.06	20.93357449309503
1.07	13.182221290407218
1.08	6.773374890453624
1.09	3.330259444888861
1.1	2.2629797997700396
1.11	2.4779918961025724
1.12	2.385618410751801
1.1300000000000001	4.258692457818201
1.1400000000000001	6.383657091054064
1.1500000000000001	7.902819707658091
1.1600000000000001	8.870485151742402
1.17	9.4818459902748
1.18	9.66598819200201
1.19	9.113638468009274
1.2	8.492990878546507
1.21	10.32529952920969
1.22	11.35248703206478
1.23	12.039609192910037
1.24	12.402408219409715
1.25	12.728034286250201
1.26	12.897867605535442
1.27	12.900573397301985
1.28	12.71017212714143
1.29	11.799289922819316
1.3	12.19237050523806
1.31	12.897562809944514
1.32	13.327731988117979
1.33	13.644126527673611
1.34	13.824740108429056
1.35	13.941671248407467
1.36	14.00425466070616
1.37	13.998474647417343
1.3800000000000001	13.872307492714997
1.3900000000000001	13.586276740132758
1.4000000000000001	12.484676774449573
1.4100000000000001	13.311440863369976
1.42	13.637831070632437
1.43	13.862854014774808
1.44	14.023914949787256
1.45	14.127654920479603
1.46	14.206285444372662
1.47	14.192814083023356
1.48	14.18968440826351
1.49	14.08166491660154
1.5	13.907244172993774
1.51	13.39902861629639
1.52	13.22670758746091
1.53	13.529395100471836
1.54	13.704289028853609
1.55	13.821660644184435
1.56	13.907127709877198
1.57	13.949212703866301
1.58	13.974635503972504
1.59	13.95719455385894
1.6	13.897166524467094
1.61	13.811879817179586
1.62	13.594274791699364
1.6300000000000001	13.030995924596926
1.6400000000000001	12.999596127848326
1.6500000000000001	13.202546556240907
1.6600000000000001	13.325818942775902
1.6700000000000002	13.417786567414726
1.68	13.465463736158446
1.69	13.478424652059559
1.7	13.489809838757806
1.71	13.457695592593263
1.72	13.416746201464113
1.73	13.322450171568772
1.74	13.152336956445728
1.75	12.647178632938564
1.76	12.494398492537455
1.77	12.644162929551799
1.78	12.74080435687249
1.79	12.830557427486758
1.8	12.859187645937066
1.81	12.877411246906108
1.82	12.867969775838716
1.83	12.854330356240471
1.84	12.791339578641765
1.85	12.69799701463981
1.86	12.533901124815639
1.87	12.091564081506032
1.8800000000000001	11.844551471985948
1.8900000000000001	11.990982659834044
1.9000000000000001	12.071984211691769
1.9100000000000001	12.125565815658076
1.9200000000000002	12.152346147120028
1.93	12.1597688599808
1.94	12.157056747485557
1.95	12.12596001368414
1.96	12.075550982659992
1.97	11.98728599970149
1.98	11.821096107010208
1.99	11.342586046397308
2.	11.145883337699223
2.01	11.258268940139184
2.02	11.333685853210454
2.03	11.358497541090022
2.04	11.391068819226861
2.05	11.375621598227903
2.0599999999999996	11.374652334275776
2.07	11.337003925291956
2.0799999999999996	11.27371860048541
2.09	11.165431129063348
2.0999999999999996	10.934489249835845
2.11	10.245347923710398
2.1199999999999997	10.421975080332492
2.13	10.488013587056427
2.1399999999999997	10.54093109235077
2.15	10.555384041475401
2.1599999999999997	10.566248960714242
2.17	10.543826539867586
2.1799999999999997	10.534503041698693
2.19	10.46397351517812
2.1999999999999997	10.365262053259364
2.21	10.19504211295797
2.2199999999999998	9.361430510269168
2.23	9.561430686087999
2.2399999999999998	9.633066799456817
2.25	9.674668315880021
2.26	9.699417867830245
2.27	9.698198355921958
2.28	9.672292096667832
2.29	9.638114364631358
2.3	9.582179202388673
2.31	9.475405934020033
2.32	9.223538246826779
2.3299999999999996	8.558020908129073
2.34	8.69023478195776
2.3499999999999996	8.746935664908474
2.36	8.766430057306577
2.3699999999999997	8.771883451859125
2.38	8.777368149669561
2.3899999999999997	8.737751500424812
2.4	8.684553757092527
2.4099999999999997	8.586516948388574
2.42	8.37350926351393
2.4299999999999997	7.62621573076057
2.44	7.749553677046854
2.4499999999999997	7.800337285280601
2.46	7.817870432723164
2.4699999999999998	7.820476335688081
2.48	7.821636099334208
2.4899999999999998	7.771281892224276
2.5	7.69229174457287
2.51	7.545633843968889
2.52	7.14159394094309
2.53	6.745559445143496
2.54	6.814137533052117
2.55	6.843068338972886
2.56	6.837543904342416
2.57	6.810321017361162
2.5799999999999996	6.761267481230002
2.59	6.684192632816747
2.5999999999999996	6.506866796133163
2.61	5.613984958401934
2.6199999999999997	5.76485569058264
2.63	5.805521611852126
2.6399999999999997	5.825358561725305
2.65	5.794284331952974
2.6599999999999997	5.755853874151572
2.67	5.658869105679794
2.6799999999999997	5.479009234104331
2.69	4.612415396286269
2.6999999999999997	4.726475512417073
2.71	4.757587110430632
2.7199999999999998	4.7250864568505895
2.73	4.703422875277384
2.7399999999999998	4.627259959168254
2.75	4.470462294928524
2.76	3.792329105490564
2.77	3.6094805940499812
2.78	3.669081702089362
2.79	3.643046810080058
2.8	3.5991342674779534
2.81	3.4748586471757466
2.82	3.0853899622270586
2.8299999999999996	2.484809281440678
2.84	2.6055820854576752
2.8499999999999996	2.552724785903779
2.86	2.4950408452075563
2.8699999999999997	2.2383323223993217
2.88	1.433548867765031
2.8899999999999997	1.57062828723547
2.9	1.5251036281466477
2.9099999999999997	1.395958749172722
2.92	0.8644753943949754
2.9299999999999997	0.783392922778413
2.94	0.7337224679108988
2.9499999999999997	0.6244701033131536
2.96	0.6434700382721337
2.9699999999999998	0.565857471715733
2.98	0.9378761007773151
2.9899999999999998	0.5904230151614368
3.	0.00010880094812360639