0.01	0.9664884856089432
0.02	0.9970848163220303
0.03	0.9997234655421885
0.04	0.999949029410963
0.05	1.0000078862181414
0.060000000000000005	1.0000003689479895
0.06999999999999999	1.000007725311206
0.08	1.0000065823149313
0.09	1.0000058866056942
0.09999999999999999	1.0000055145332951
0.11	1.000005424664402
0.12	1.0000056491190754
0.13	1.0000063341491439
0.14	1.0000079033302085
0.15000000000000002	1.0000117517574867
0.16	1.0000246317301102
0.17	1.000141718179301
0.18000000000000002	2.9983780237079034
0.19	2.9988728162819362
0.2	2.9990204574340265
0.21000000000000002	2.999261128724474
0.22	2.9995691819859753
0.23	2.9998953608193824
0.24000000000000002	2.9999630128729247
0.25	3.000003893470453
0.26	3.0000057965430877
0.27	3.000010045933889
0.28	3.0000245892486013
0.29000000000000004	3.0001904930601206
0.3	4.960665154930201
0.31	4.965879525855333
0.32	4.97215134196448
0.33	4.976250765389551
0.34	4.982300322013123
0.35000000000000003	4.987104026536566
0.36000000000000004	4.992520745720417
0.37	4.996963880638379
0.38	4.999330074348702
0.39	4.999987164331264
0.4	5.000066101956951
0.41000000000000003	6.895620385030279
0.42000000000000004	6.909940630453371
0.43	6.916423569907208
0.44	6.921554364871419
0.45	6.931931323795909
0.46	6.945655219543748
0.47000000000000003	6.9591650476924
0.48000000000000004	6.9751837955579274
0.49	6.988160029494508
0.5	6.9985357762785165
0.51	7.000115717998711
0.52	8.853578114011306
0.53	8.85331910024823
0.54	8.867409284828556
0.55	8.881558371770387
0.56	8.896421686731282
0.5700000000000001	8.916913039545914
0.5800000000000001	8.93685962854462
0.59	8.96452689535237
0.6	8.988364355264245
0.61	9.000105811468881
0.62	10.833114161173537
0.63	10.848122172696236
0.64	10.87019747465215
0.65	10.88474439582433
0.66	10.907943377067078
0.67	10.937614244838441
0.68	10.959412298777615
0.6900000000000001	10.984934455359118
0.7000000000000001	10.998825826591977
0.7100000000000001	12.900396887058978
0.72	12.91254960457038
0.73	12.93212331988592
0.74	12.96398042807315
0.75	12.979658988862429
0.76	12.991944178009943
0.77	12.997197591726655
0.78	13.000072478100966
0.79	14.9872947871921
0.8	14.993029123114184
0.81	14.996544248795615
0.8200000000000001	14.998566171842738
0.8300000000000001	14.998841119100813
0.8400000000000001	14.999984006115001
0.85	15.000133779785251
0.86	16.99931134933501
0.87	16.999909965684477
0.88	17.000004915967207
0.89	17.000016488965326
0.9	17.00004628681271
0.91	17.001621491419026
0.92	18.999948663400275
0.93	19.000017058656624
0.9400000000000001	19.00005014506067
0.9500000000000001	19.00027620007985
0.9600000000000001	20.999906815425014
0.97	21.000136562871244
0.98	21.000676246577168
0.99	23.00112921819101
1.	24.85399048161369
1.01	25
1.02	24.000339908544497
1.03	23.98094083311254
1.04	23.7456536745216
1.05	23.819905589643525
1.06	21.72357151431096
1.07	16.386755225981755
1.08	11.261467174877481
1.09	7.7174027247561785
1.1	6.36321734202822
1.11	7.285701573695946
1.12	9.383399252928408
1.1300000000000001	3.1559914622382212
1.1400000000000001	2.6578692771948065
1.1500000000000001	4.244463249515935
1.1600000000000001	5.547047558496209
1.17	6.0966770573847935
1.18	6.1654898081743665
1.19	5.467924959267493
1.2	3.3146341296862794
1.21	6.386886308879623
1.22	8.782574045969012
1.23	10.141046606909347
1.24	10.983527404459691
1.25	11.360524144139864
1.26	11.525904186211665
1.27	11.482312307889725
1.28	11.245153810371553
1.29	10.055559042024932
1.3	9.59834205409867
1.31	11.149080732040733
1.32	12.262999381759958
1.33	12.903295645116662
1.34	13.229310905360377
1.35	13.390671464256739
1.36	13.420919648738414
1.37	13.360978839991159
1.3800000000000001	13.220259895480078
1.3900000000000001	12.85490823625449
1.4000000000000001	10.794408555084162
1.4100000000000001	11.867643265453754
1.42	12.68713093560344
1.43	13.246483446070838
1.44	13.57041894490872
1.45	13.73988237711202
1.46	13.815315305352351
1.47	13.777389080384433
1.48	13.724160071457728
1.49	13.58894732535652
1.5	13.34691029269719
1.51	12.637523337264065
1.52	11.911192470054733
1.53	12.551503657238953
1.54	12.992563128518526
1.55	13.320917370974813
1.56	13.495167333463726
1.57	13.573055551702936
1.58	13.563434888781908
1.59	13.546938134016877
1.6	13.462700835019886
1.61	13.322773267797084
1.62	13.105001381550471
1.6300000000000001	12.290889786416384
1.6400000000000001	11.951181123223801
1.6500000000000001	12.434119805288208
1.6600000000000001	12.760701449311902
1.6700000000000002	12.997479226109904
1.68	13.115938032366968
1.69	13.174542660162752
1.7	13.200758576527452
1.71	13.175256330838053
1.72	13.107425564376157
1.73	13.014041163953099
1.74	12.810960193062854
1.75	12.196352614996659
1.76	11.848612820309542
1.77	12.171320162759931
1.78	12.400711547705319
1.79	12.553669082089954
1.8	12.653060059851057
1.81	12.6914068268848
1.82	12.707130428842527
1.83	12.703093214319427
1.84	12.642497488205414
1.85	12.541642196684192
1.86	12.377836557367578
1.87	11.914895969131999
1.8800000000000001	11.528945133836915
1.8900000000000001	11.699922329592825
1.9000000000000001	11.806118766764936
1.9100000000000001	11.902570683038077
1.9200000000000002	11.943205597670353
1.93	11.965931508099246
1.94	11.942198208762363
1.95	11.880820371031366
1.96	11.801500862894711
1.97	11.605675043821524
1.98	11.310637267381724
1.99	10.685285734062308
2.	9.500462692660495
2.01	9.39401134697656
2.02	9.561269631453648
2.03	9.959070276523565
2.04	10.415111980020932
2.05	10.71512481761281
2.0599999999999996	10.84459935515288
2.07	10.887461896067032
2.0799999999999996	10.836789097348131
2.09	10.742749345123968
2.0999999999999996	10.560047553179796
2.11	9.596304316250702
2.1199999999999997	9.507504463301588
2.13	9.79691997618163
2.1399999999999997	10.169199842619197
2.15	10.454309443202277
2.1599999999999997	10.554127631072872
2.17	10.582901719294307
2.1799999999999997	10.560631697990432
2.19	10.494685536033856
2.1999999999999997	10.396939876548531
2.21	10.200279831967949
2.2199999999999998	9.106089283614722
2.23	9.024040714547969
2.2399999999999998	9.347216729356402
2.25	9.637436370476486
2.26	9.809276875195476
2.27	9.87445144909438
2.28	9.881224655731636
2.29	9.839441428165706
2.3	9.772066618064844
2.31	9.642966160786349
2.32	9.376349686110638
2.3299999999999996	8.194016086173415
2.34	8.428492099615752
2.3499999999999996	8.756127924655507
2.36	8.95935740151653
2.3699999999999997	9.049089828191459
2.38	9.060371099565423
2.3899999999999997	9.036863929508076
2.4	8.971912238660927
2.4099999999999997	8.864113194242972
2.42	8.624675797058353
2.4299999999999997	7.415026010958183
2.44	7.63197735838383
2.4499999999999997	7.92370642257381
2.46	8.096019616557538
2.4699999999999998	8.173664226549516
2.48	8.188632404501474
2.4899999999999998	8.154755553017967
2.5	8.067561879639145
2.51	7.907702129745485
2.52	7.434742767686503
2.53	6.643367993075322
2.54	6.959341701256682
2.55	7.157983919356037
2.56	7.256048763364583
2.57	7.284874555202827
2.5799999999999996	7.261462131734548
2.59	7.1703109463275485
2.5999999999999996	6.984345621912149
2.61	5.785450110220333
2.6199999999999997	5.847172141510046
2.63	6.141836869126512
2.6399999999999997	6.312894384895855
2.65	6.368157068524758
2.6599999999999997	6.371194397946634
2.67	6.298220152847147
2.6799999999999997	6.111077765697687
2.69	4.816703717742317
2.6999999999999997	4.935022196150701
2.71	5.2184320142405305
2.7199999999999998	5.28025471421704
2.73	5.068164527174129
2.7399999999999998	4.0273667152761945
2.75	4.369078029816413
2.76	3.9757776413223436
2.77	2.3524925423195615
2.78	3.1505645087393104
2.79	3.2095363923273204
2.8	3.546646750548658
2.81	3.8117656249359397
2.82	3.4867594599043725
2.8299999999999996	1.8679597780926527
2.84	2.4394585854488495
2.8499999999999996	2.3544898878484766
2.86	2.4748302247088905
2.8699999999999997	2.602564664720323
2.88	1.5071489398583184
2.8899999999999997	1.7663119860060887
2.9	1.7591588036318677
2.9099999999999997	1.4473097470504266
2.92	1.0197945292778003
2.9299999999999997	1.1017789450727147
2.94	1.1385394409633403
2.9499999999999997	0.9676975598079437
2.96	1.1255937005009726
2.9699999999999998	0.872915343031405
2.98	0.8734082583580877
2.9899999999999998	0.7064111875253183
3.	0.00010880094812360639