0.	4.988455840006535
0.01	3.658081205344083
0.02	4.091316081449988
0.03	4.405767171672529
0.04	4.203620594147296
0.05	4.499074945405579
0.06	5.041840258689258
0.07	6.383664760720746
0.08	10.753194642558057
0.09	8.041987347088762
0.1	4.674514187582421
0.11	3.594047503113441
0.12	2.6731930147572576
0.13	1.6037709504315272
0.14	1.5232230951048344
0.15	1.021048897944171
0.16	1.0128137415048855
0.17	0.949938010642859
0.18	0.850344437445251
0.19	0.8322735621821034
0.2	0.8484205120873376
0.21	0.8258731118792666
0.22	0.8694465140078539
0.23	0.8234591322880171
0.24	0.807986702850144
0.25	0.8111079317203496
0.26	0.871314456325131
0.27	0.9164564199532681
0.28	0.9245644255689421
0.29	0.9566045771987605
0.3	1.6985692847092633
0.31	2.3319588946706906
0.32	3.8300112968235207
0.33	3.644534330288549
0.34	1.9297914168286001
0.35000000000000003	1.2655317635735142
0.36	1.1115459189368833
0.37	1.2991558650315715
0.38	1.1417259242830642
0.39	1.2415030737128492
0.4	1.1702586893744655
0.41000000000000003	1.2917206503708736
0.42	1.3100021753408433
0.43	1.3342725531362805
0.44	1.3491264278369277
0.45	1.3210970211061699
0.46	1.411749196876085
0.47000000000000003	1.5877049022898468
0.48	1.6693008943190162
0.49	1.7061429491844295
0.5	1.7947609926185686
0.51	1.8316965109922272
0.52	1.88176257368798
0.53	1.9011486434634826
0.54	1.9109366119770834
0.55	1.7922449125879045
0.56	1.6112638415234788
0.5700000000000001	1.5507791365748353
0.58	1.6247654228005097
0.59	1.517153974100082
0.6	1.654292124460465
0.61	1.8407040717573115
0.62	1.733059224203654
0.63	1.6409997595784818
0.64	1.6521344943649727
0.65	1.5215517356926658
0.66	1.1817951512345561
0.67	1.1625172653299174
0.68	0.9627537752703749
0.6900000000000001	3.5013990033605364
0.7000000000000001	2.2111248263724046
0.71	1.2866813316310344
0.72	1.2590159050834553
0.73	1.2219941183262053
0.74	1.1684090667319402
0.75	1.2935971028096043
0.76	1.6647930742535382
0.77	1.6020688788231436
0.78	1.4918779296789453
0.79	1.432054721368082
0.8	1.6609712732460133
0.81	1.7510071344657936
0.8200000000000001	1.7758296842004526
0.8300000000000001	2.039374547381798
0.84	2.071484254248712
0.85	1.8607125186917506
0.86	2.1225212326026632
0.87	2.2539672728089526
0.88	2.0727374510028556
0.89	2.234513186880601
0.9	2.346765995960019
0.91	2.277378819309319
0.92	2.108327461552021
0.93	2.070649019814268
0.9400000000000001	2.260407751171895
0.9500000000000001	2.265355000865282
0.96	2.2168033784225893
0.97	2.286389204329839
0.98	2.407353438095218
0.99	2.37814097294088
1.	2.396892812524616
1.01	2.4155534195323307
1.02	2.475005135482976
1.03	2.1929056251113033
1.04	2.041733150230875
1.05	2.0794580022370583
1.06	2.1007960510155357
1.07	2.205893289485561
1.08	2.1401484188051647
1.09	2.165540425769862
1.1	2.3501195379270063
1.11	2.147732254236181
1.12	2.0460107981169195
1.1300000000000001	1.8576502367301648
1.1400000000000001	1.4322774224573376
1.1500000000000001	1.2664618770402865
1.16	1.114420861936993
1.17	1.188697091091933
1.18	1.4111588932266883
1.19	1.3770473042578095
1.2	1.3571941354869617
1.21	1.665388827997106
1.22	1.4944015141392055
1.23	1.5869962499654393
1.24	1.5155111939421395
1.25	1.4181052906925034
1.26	1.3817776409239353
1.27	1.6381127191874003
1.28	1.7356693998270802
1.29	1.6281859677458896
1.3	1.8573366341215467
1.31	2.1435516630846956
1.32	2.257743877420436
1.33	2.280190029101185
1.34	2.112301980467043
1.35	2.2428690015852353
1.36	2.160076983193823
1.37	2.0534269113617376
1.3800000000000001	1.9603143618123469
1.3900000000000001	2.016473147189783
1.4000000000000001	2.1258909853169126
1.41	2.1260707303099635
1.42	2.372716530112026
1.43	2.557814965976221
1.44	2.60312662867228
1.45	2.519083655622996
1.46	2.3671260148226647
1.47	2.385145795754512
1.48	2.215116428766177
1.49	2.1920340831694456
1.5	2.115245934930874
1.51	2.145800620406575
1.52	2.2814054262374253
1.53	2.2780479984246504
1.54	2.4211900722490864
1.55	2.5809530031527808
1.56	2.7028085073587147
1.57	2.605564651560904
1.58	2.3263909901085174
1.59	2.2438902067974293
1.6	2.039409620764788
1.61	2.0272061560086194
1.62	1.9289058112907125
1.6300000000000001	2.0373633070621646
1.6400000000000001	2.1414705478972436
1.6500000000000001	2.0494457683144782
1.6600000000000001	2.0978732739375134
1.67	2.1574711651644174
1.68	2.140098294140251
1.69	1.9277016484979093
1.7	1.3946196398477868
1.71	1.0374487527910374
1.72	0.9093820340698705
1.73	1.326270903392007
1.74	1.1188609983334927
1.75	1.2829050830000237
1.76	1.5356556225700209
1.77	1.4163368013916005
1.78	1.4526628497118441
1.79	1.5281187264280593
1.8	1.4056409867836617
1.81	1.8543329714481243
1.82	1.5112078937955633
1.83	1.3953865166154356
1.84	1.3960491296956905
1.85	1.5444590569621255
1.86	1.6430006364552718
1.87	1.715915520771392
1.8800000000000001	1.9658388721118645
1.8900000000000001	1.9757968603471883
1.9000000000000001	1.9697229552197564
1.9100000000000001	2.0939902631092164
1.92	1.9881577530428656
1.93	2.080484496473746
1.94	1.855066142979908
1.95	1.7349355240164213
1.96	1.7265541070038153
1.97	1.9011368335667536
1.98	2.1102515684450487
1.99	1.955733992288306
2.	2.1165666850398894