0.	4.661260623305266
0.01	3.4925336378301326
0.02	3.759593919579176
0.03	4.030745798511997
0.04	3.7048175207258027
0.05	3.9082535140938113
0.06	4.506825413006806
0.07	5.723882676032173
0.08	10.45400571422144
0.09	6.991415415093215
0.1	4.489286724682999
0.11	3.140258795078335
0.12	2.421681220515865
0.13	1.4537268295104926
0.14	1.3421656280240641
0.15	1.0431523831487175
0.16	0.9423622620851677
0.17	0.8859109190151019
0.18	0.866359552437408
0.19	0.8727196476638042
0.2	0.8604580227499171
0.21	0.7805995075529929
0.22	0.7914525140318143
0.23	0.784428401233328
0.24	0.8148707352436289
0.25	0.8396868010925541
0.26	0.8844169612769736
0.27	0.9044413999232492
0.28	0.8920389242884486
0.29	0.9558681445373184
0.3	1.4232801398018127
0.31	2.062098884041254
0.32	3.8731042553511474
0.33	3.506350849942799
0.34	1.682367963760128
0.35000000000000003	1.273859742802753
0.36	0.9789199124351562
0.37	1.1667670169220596
0.38	1.2339327822571604
0.39	1.3196522833131743
0.4	1.2442284813712692
0.41000000000000003	1.378584127689794
0.42	1.441902045397303
0.43	1.4923083524573024
0.44	1.4196121111911575
0.45	1.4864871798717065
0.46	1.5369036244072398
0.47000000000000003	1.6557235607206344
0.48	1.8059049243393483
0.49	1.8052376849276852
0.5	1.9111398166959657
0.51	1.9248982148992346
0.52	1.9588737337443036
0.53	2.044832505192296
0.54	2.0294047798508528
0.55	1.8710017801876853
0.56	1.7468653848726363
0.5700000000000001	1.7125184977738155
0.58	1.7315709103242598
0.59	1.6727479553599687
0.6	1.7789876762012304
0.61	1.9157556176876342
0.62	1.8284376053285354
0.63	1.793887734237016
0.64	1.7974050708006863
0.65	1.6760946784602984
0.66	1.3188560025780718
0.67	1.1703644191013982
0.68	0.9529649294359628
0.6900000000000001	3.519104871890303
0.7000000000000001	2.0090910809633002
0.71	1.4020669556306133
0.72	1.3151237030182679
0.73	1.2510372185188006
0.74	1.2384102077927652
0.75	1.4016047151991615
0.76	1.7922615039440692
0.77	1.7150298962239963
0.78	1.542822818701066
0.79	1.5688125779940865
0.8	1.7098068716937878
0.81	1.8576223100176485
0.8200000000000001	1.8789900118775213
0.8300000000000001	2.1121484445346397
0.84	2.136774383849581
0.85	1.9849924950199265
0.86	2.234960410111098
0.87	2.2825656770940914
0.88	2.2343161286500646
0.89	2.284220335955164
0.9	2.4122395759437083
0.91	2.3219428936852693
0.92	2.212490174659954
0.93	2.188935264420489
0.9400000000000001	2.3604121574805115
0.9500000000000001	2.4227521975035833
0.96	2.35032242055613
0.97	2.3767583363556053
0.98	2.485070984526412
0.99	2.480036430565181
1.	2.419131968051105
1.01	2.468781636892837
1.02	2.5600738960023075
1.03	2.278185303700062
1.04	2.1504555949884563
1.05	2.1547433664117763
1.06	2.216565304496348
1.07	2.2730075760998263
1.08	2.24753990978045
1.09	2.2098473445083706
1.1	2.4370624702795305
1.11	2.1748814357763546
1.12	2.0769334541403968
1.1300000000000001	2.0214955508017463
1.1400000000000001	1.5199676464062395
1.1500000000000001	1.292369360899692
1.16	1.2256159681617973
1.17	1.3116432654489343
1.18	1.3572133022081456
1.19	1.4188591980655774
1.2	1.402446763469129
1.21	1.676340175041711
1.22	1.4581780880830828
1.23	1.6968159476374216
1.24	1.5646553705800303
1.25	1.5185355549078012
1.26	1.466694608110733
1.27	1.7414484403512769
1.28	1.800390806387391
1.29	1.6959108020436404
1.3	1.9176871753111104
1.31	2.267012537099282
1.32	2.3095219375441594
1.33	2.3325358917507044
1.34	2.1761105153382685
1.35	2.3305285452911595
1.36	2.272328436696264
1.37	2.090021172897791
1.3800000000000001	2.0814809837570873
1.3900000000000001	2.1121638388165733
1.4000000000000001	2.1474820114270705
1.41	2.235549942263996
1.42	2.439001264985287
1.43	2.6430918639681167
1.44	2.6520993460857136
1.45	2.5555156405418047
1.46	2.4201543827861127
1.47	2.448556268803654
1.48	2.2597651877979543
1.49	2.263622867754022
1.5	2.1799724132675875
1.51	2.1846601779974826
1.52	2.340579626772704
1.53	2.2912725246086683
1.54	2.495281186048924
1.55	2.649493159094991
1.56	2.74032669479734
1.57	2.623836908999472
1.58	2.3909975479235737
1.59	2.3300755650834533
1.6	2.139437963973798
1.61	2.0737158803935336
1.62	1.9983881452519068
1.6300000000000001	2.0726475235910686
1.6400000000000001	2.153163961684109
1.6500000000000001	2.1109888111088737
1.6600000000000001	2.1702925932614
1.67	2.221375973608685
1.68	2.1890562874729804
1.69	1.9712523165487341
1.7	1.3963743251575647
1.71	1.083423104366393
1.72	1.1109153750942673
1.73	1.4158061828959125
1.74	1.2188647941076944
1.75	1.24398383792954
1.76	1.5993612653190339
1.77	1.4796650054774136
1.78	1.5478286836571598
1.79	1.5974130269853872
1.8	1.4414766927064557
1.81	1.9023438719257906
1.82	1.5139272029978779
1.83	1.4325172745234205
1.84	1.459674434789792
1.85	1.582858836041934
1.86	1.7257314994083035
1.87	1.7784339836146719
1.8800000000000001	1.978991816933038
1.8900000000000001	2.01247775448879
1.9000000000000001	2.012210823121637
1.9100000000000001	2.170930773463827
1.92	2.0603869550756366
1.93	2.092834866202104
1.94	1.899738460553366
1.95	1.8196262635145062
1.96	1.8002670489071952
1.97	1.9365762285383628
1.98	2.170246796469315
1.99	2.028873971055819
2.	2.1313540903719566