0.	2.799995539425086e-7
0.01	2.8065907466317974e-7
0.02	2.825100573307338e-7
0.03	2.848731951883367e-7
0.04	2.873614109965884e-7
0.05	2.89900337649361e-7
0.06	2.9381177604010584e-7
0.07	2.99556525650581e-7
0.08	3.0695085553561357e-7
0.09	3.1727492119744967e-7
0.1	3.302376671374535e-7
0.11	3.462554924609067e-7
0.12	3.6692686426024597e-7
0.13	3.9008252111366636e-7
0.14	4.2307304128309626e-7
0.15	4.6534160116416557e-7
0.16	5.127926479029178e-7
0.17	5.858535875536424e-7
0.18	6.835460993317578e-7
0.19	8.110416053102919e-7
0.2	1.0343909330812534e-6
0.21	1.3598307233902764e-6
0.22	1.9220294414487216e-6
0.23	3.1611777684455784e-6
0.24	7.688925381170939e-6
0.25	0.004371410422528512
0.26	0.035178304412915744
0.27	0.12018369718964565
0.28	0.20823114601724704
0.29	0.2641024696519629
0.3	0.2889328687494338
0.31	0.32139059580394636
0.32	0.33381690255667296
0.33	0.3580806726439906
0.34	0.3723705838627638
0.35000000000000003	0.37150820924833217
0.36	0.36526553247484134
0.37	0.3816222262640392
0.38	0.38881569278958006
0.39	0.39557009731567766
0.4	0.4203037724292143
0.41000000000000003	0.40733347864139696
0.42	0.4220675009143293
0.43	0.4092976630021469
0.44	0.3095264784115508
0.45	0.26870790746208617
0.46	0.3072773901066722
0.47000000000000003	0.3743908207727751
0.48	0.4233364282375461
0.49	0.4556303768479739
0.5	0.4801859873972404
0.51	0.5187299217350039
0.52	0.5430670175172188
0.53	0.5555047013007302
0.54	0.5721372058533901
0.55	0.5728156945998296
0.56	0.5827986939762654
0.5700000000000001	0.6075562672150412
0.58	0.5928725457372566
0.59	0.6286506358703039
0.6	0.6304280236443847
0.61	0.6478684480681827
0.62	0.6518867730848096
0.63	0.6535421588814354
0.64	0.6761882936874261
0.65	0.6783922183527693
0.66	0.691944873213881
0.67	0.6930480693019389
0.68	0.6809078949271721
0.6900000000000001	0.6956091199279056
0.7000000000000001	0.7055629096151544
0.71	0.7355003922810829
0.72	0.7141994717996113
0.73	0.719099750515564
0.74	0.7481900141804482
0.75	0.7427905478277774
0.76	0.7599502547834744
0.77	0.7546029957156072
0.78	0.7606724270130707
0.79	0.7754092658870454
0.8	0.7797970758511887
0.81	0.7711508244481252
0.8200000000000001	0.8039870538893182
0.8300000000000001	0.8113741643778607
0.84	0.8212102727612018
0.85	0.8488952932313808
0.86	0.8313462840513165
0.87	0.6318147761521768
0.88	0.4872351626931063
0.89	0.5554151578292941
0.9	0.5949228358383178
0.91	0.65217977253991
0.92	0.6926542231701245
0.93	0.7567741861589513
0.9400000000000001	0.7786138773527059
0.9500000000000001	0.8363419690492083
0.96	0.8880450809333014
0.97	0.9255959049377415
0.98	0.9892485725789768
0.99	1.0042254782195568
1.	1.050294760090936
1.01	1.120900790048587
1.02	1.021216758853817
1.03	0.7964014875835742
1.04	0.4898837921477775
1.05	0.28646380707629293
1.06	0.15451067043574546
1.07	0.1331257515101611
1.08	0.17041462799546653
1.09	0.1880964835938387
1.1	0.22926598833192263
1.11	0.2789139290216586
1.12	0.29441995774604335
1.1300000000000001	0.3217691359870305
1.1400000000000001	0.32966875213889296
1.1500000000000001	0.37193303535867367
1.16	0.3938163047699755
1.17	0.405087411229598
1.18	0.428677418442745
1.19	0.4600921512027087
1.2	0.4621788475452289
1.21	0.47318315402188255
1.22	0.4957864623920852
1.23	0.5096794763074284
1.24	0.5109892404874984
1.25	0.5091908205855823
1.26	0.5195694815493921
1.27	0.5175841246049235
1.28	0.4802376934368027
1.29	0.4895718877900638
1.3	0.5074774353988615
1.31	0.5204595250921086
1.32	0.5167145036458574
1.33	0.504946091218664
1.34	0.48985168465240764
1.35	0.5220276466392271
1.36	0.5123899729642748
1.37	0.5275625114253758
1.3800000000000001	0.5195439845916285
1.3900000000000001	0.5229672153121325
1.4000000000000001	0.5206175062241952
1.41	0.5273572350334855
1.42	0.5276611915598699
1.43	0.5173235582698992
1.44	0.5407291179834068
1.45	0.5046831565990179
1.46	0.48670775811393524
1.47	0.43445678322330417
1.48	0.42224810432203336
1.49	0.4304308617904207
1.5	0.43913564164539254
1.51	0.4518443408228467
1.52	0.45915331845722895
1.53	0.46326162634809087
1.54	0.4618686053927116
1.55	0.44956679458260396
1.56	0.44942721229212845
1.57	0.4275923244586237
1.58	0.38219653882225746
1.59	0.3675300641941048
1.6	0.37673806922058395
1.61	0.3912045748071439
1.62	0.3770216748471759
1.6300000000000001	0.3948991199851435
1.6400000000000001	0.39246384048385735
1.6500000000000001	0.39198327325939997
1.6600000000000001	0.39186478092130644
1.67	0.36671559784407737
1.68	0.37577580490409357
1.69	0.36405508096191386
1.7	0.3618024317798595
1.71	0.354324850229289
1.72	0.34014814038237745
1.73	0.32114143629435804
1.74	0.31407970391403517
1.75	0.27994489135925055
1.76	0.24309220441175702
1.77	0.23656055912073037
1.78	0.21475885730427566
1.79	0.18893865319347355
1.8	0.17970937515773078
1.81	0.1810921802219564
1.82	0.16558866931228092
1.83	0.19059801184881303
1.84	0.2238819088908386
1.85	0.2658411532522953
1.86	0.317266748163961
1.87	0.3223738925922181
1.8800000000000001	0.36079210961636726
1.8900000000000001	0.37491330373298865
1.9000000000000001	0.36116296641119733
1.9100000000000001	0.36601603406146727
1.92	0.3472733617567535
1.93	0.2761505193919768
1.94	0.2026455700447658
1.95	0.2318847096893465
1.96	0.2867358162163816
1.97	0.323380134797599
1.98	0.35227502996803595
1.99	0.3625641221115975
2.	0.3672873650486836
2.0100000000000002	0.36479563972630347
2.02	0.3720030066211678
2.0300000000000002	0.3847655644551811
2.04	0.36558730182192073
2.05	0.3727403826892562
2.06	0.3791869375419275
2.07	0.3749738890264857
2.08	0.3703154933416548
2.09	0.3605023421609765
2.1	0.35646016195990976
2.11	0.336206147939468
2.12	0.3152487238992744
2.13	0.26940377883504946
2.14	0.2710003269247196
2.15	0.26398551536860576
2.16	0.27668518564632927
2.17	0.2925099431673797
2.18	0.2996768373567419
2.19	0.30911421153169827
2.2	0.287649149635403
2.21	0.28983269174553616
2.22	0.2885101105603793
2.23	0.2881902533837806
2.24	0.2884060683741137
2.25	0.27748673304203203
2.2600000000000002	0.2750312256494528
2.27	0.26596731517479477
2.2800000000000002	0.26834740245518446
2.29	0.2578231691963695
2.3000000000000003	0.24207610847870056
2.31	0.24973477022783272
2.32	0.24412462145451727
2.33	0.23437886191063914
2.34	0.2284212261206826
2.35	0.22263252587891139
2.36	0.2188770194559172
2.37	0.20556953582829482
2.38	0.18819373517479226
2.39	0.18139602942435992
2.4	0.15120698983106348
2.41	0.1544194957337497
2.42	0.13508782874140007
2.43	0.12980399455233507
2.44	0.12019636906806334
2.45	0.08154359720388299
2.46	0.07404449150701743
2.47	0.07899939369619051
2.48	0.08423540923626488
2.49	0.1012161307093786
2.5	0.1360481386963752
2.5100000000000002	0.1585477864378321
2.52	0.17508530966414465
2.5300000000000002	0.1631361871882648
2.54	0.19081280613995893
2.5500000000000003	0.18497614988736927
2.56	0.20058422777037327
2.57	0.18827856562839992
2.58	0.19187822405251778
2.59	0.18988419332865367
2.6	0.17944974457742113
2.61	0.1889292662437917
2.62	0.1774734861041594
2.63	0.17855289292558824
2.64	0.18289006344986075
2.65	0.178475081905396
2.66	0.18373320439136728
2.67	0.18365413630669106
2.68	0.18024732843360808
2.69	0.17056983815352258
2.7	0.17519734626151137
2.71	0.1569990821922479
2.72	0.16322665812814063
2.73	0.15075014737327982
2.74	0.1435096486291849
2.75	0.13565202911639215
2.7600000000000002	0.13924555208780676
2.77	0.13197656002146407
2.7800000000000002	0.1231413171422189
2.79	0.11941811814448139
2.8000000000000003	0.10708448117669074
2.81	0.10861884568677949
2.82	0.10384773672529446
2.83	0.09072081521801073
2.84	0.09255408250362787
2.85	0.0004336502601757814
2.86	0.000016493675870736574
2.87	4.974348597297785e-6
2.88	2.3536256350193205e-6
2.89	1.3641217390669406e-6
2.9	8.878212807029199e-7
2.91	6.229506265441605e-7
2.92	4.6078984962891224e-7
2.93	3.544374053656129e-7
2.94	2.809802186693581e-7
2.95	2.2815184476009116e-7
2.96	1.8890693129893767e-7
2.97	1.5896644995138106e-7
2.98	1.3561058268108286e-7
2.99	1.1704400702395742e-7
3.	1.0204323486311978e-7