0.	2.7999946251121236e-7
0.01	2.8071605479889534e-7
0.02	2.826234942591941e-7
0.03	2.8508862292997404e-7
0.04	2.877665067715215e-7
0.05	2.911911730079408e-7
0.06	2.9595222052605924e-7
0.07	3.0196682248386133e-7
0.08	3.0999059958307725e-7
0.09	3.206213991427599e-7
0.1	3.342100912304126e-7
0.11	3.5091350348939447e-7
0.12	3.7258219154769926e-7
0.13	3.996977643535845e-7
0.14	4.338301501578178e-7
0.15	4.7577816174959085e-7
0.16	5.319154404819138e-7
0.17	6.086637052954777e-7
0.18	7.128716038556718e-7
0.19	8.604216531876381e-7
0.2	1.0920670838191474e-6
0.21	1.4656001245240155e-6
0.22	2.1771279217649773e-6
0.23	3.871789469951395e-6
0.24	0.000011979681329437398
0.25	0.0031782869233187155
0.26	0.051454682167690384
0.27	0.10678556425456359
0.28	0.15627249795332251
0.29	0.20212293499607073
0.3	0.24166108576201992
0.31	0.2616107967249217
0.32	0.2813683345883729
0.33	0.29861607627656894
0.34	0.3111053656093717
0.35000000000000003	0.32663657156745446
0.36	0.3295866403794591
0.37	0.3497557533268922
0.38	0.3473510510761135
0.39	0.35631095885903025
0.4	0.3675951540832435
0.41000000000000003	0.37428223658879817
0.42	0.3706132236433442
0.43	0.3708109922812654
0.44	0.2832525787165203
0.45	0.2573712317558539
0.46	0.2906873214645189
0.47000000000000003	0.33948635894659324
0.48	0.3780996042087952
0.49	0.40148789022347886
0.5	0.4246533670510953
0.51	0.45543645950645295
0.52	0.47540114073022105
0.53	0.5011094966418835
0.54	0.5139332820721724
0.55	0.531509425278637
0.56	0.5449030039275423
0.5700000000000001	0.5568280720806611
0.58	0.5677239805751144
0.59	0.5712160493039365
0.6	0.5907210734917524
0.61	0.5906385680642883
0.62	0.6029684044262625
0.63	0.6077905245876977
0.64	0.6188391665794907
0.65	0.6328168770047768
0.66	0.6391924404252107
0.67	0.6518378360286657
0.68	0.6565925327968787
0.6900000000000001	0.6601112996338061
0.7000000000000001	0.6663908562086994
0.71	0.6665822027778995
0.72	0.6893736495456138
0.73	0.7027093435004655
0.74	0.7046488261089581
0.75	0.6945157651744739
0.76	0.7039570587566825
0.77	0.7224658997368674
0.78	0.7387813949105174
0.79	0.7492932907668035
0.8	0.7434960567257856
0.81	0.7711708172819729
0.8200000000000001	0.7698289530790087
0.8300000000000001	0.7783012658228495
0.84	0.7904583051766642
0.85	0.8028436987407854
0.86	0.8074632701819946
0.87	0.5951675708585664
0.88	0.4742205105796844
0.89	0.476388954428103
0.9	0.5126530309522023
0.91	0.5498784756713274
0.92	0.5853931920154062
0.93	0.6333436790558044
0.9400000000000001	0.6643022493265944
0.9500000000000001	0.7032650570301686
0.96	0.7447524631557275
0.97	0.7737651557161306
0.98	0.8233389561875715
0.99	0.87089299342835
1.	0.9064338262982539
1.01	0.9781295090331594
1.02	0.9377176374377213
1.03	0.7655378228326432
1.04	0.5140503726221441
1.05	0.2807075604152093
1.06	0.14691180106697377
1.07	0.12812858131415714
1.08	0.16107497614975108
1.09	0.17720568901323377
1.1	0.21238244098550585
1.11	0.23361938752004086
1.12	0.25777528778257475
1.1300000000000001	0.26086990788911657
1.1400000000000001	0.2826736824313447
1.1500000000000001	0.3070923691364467
1.16	0.3412465822485132
1.17	0.3637933017110474
1.18	0.39058337125274967
1.19	0.3977520507215928
1.2	0.4198978372375095
1.21	0.43517808529514884
1.22	0.45140649246161463
1.23	0.45909334015074754
1.24	0.4632583247704496
1.25	0.4748962550389604
1.26	0.4905832396000767
1.27	0.4868454328142243
1.28	0.47523076815667226
1.29	0.4600716835038652
1.3	0.48094805117816114
1.31	0.4843378915848545
1.32	0.4904323897242133
1.33	0.5004700474660132
1.34	0.5015444527300684
1.35	0.5003312018336051
1.36	0.5018073497360194
1.37	0.5095031036538766
1.3800000000000001	0.51428691587926
1.3900000000000001	0.5205792292935179
1.4000000000000001	0.522728508966999
1.41	0.5176074086853077
1.42	0.5276910427205277
1.43	0.5169327046303593
1.44	0.5165735810129282
1.45	0.5232957022077742
1.46	0.5015802418377394
1.47	0.46155607912151364
1.48	0.44941157406898985
1.49	0.46542624671765004
1.5	0.4666025809640452
1.51	0.4793723671886733
1.52	0.4843653642956717
1.53	0.47503379333823925
1.54	0.48360989131702625
1.55	0.4822860970955182
1.56	0.48233910633543403
1.57	0.46769241627930525
1.58	0.4242050061355521
1.59	0.40277282242514023
1.6	0.40699982465081697
1.61	0.41917544612796664
1.62	0.4328896156669502
1.6300000000000001	0.4145949908237487
1.6400000000000001	0.4096530159846881
1.6500000000000001	0.39932167052033357
1.6600000000000001	0.3979326636638673
1.67	0.3892434622682269
1.68	0.3913233560557308
1.69	0.383481810165468
1.7	0.3663989571886104
1.71	0.35058679519008895
1.72	0.3530087261069362
1.73	0.3367170078291273
1.74	0.3079138866638592
1.75	0.2855617710562256
1.76	0.25213641955433125
1.77	0.2277125379655984
1.78	0.2100870257671928
1.79	0.1945045783348791
1.8	0.18461928325269156
1.81	0.17701786470018055
1.82	0.17289828204935406
1.83	0.19864592490534574
1.84	0.24279821101680568
1.85	0.2967744179696835
1.86	0.343769621195224
1.87	0.3766832523488872
1.8800000000000001	0.39116857004171407
1.8900000000000001	0.41814576468073794
1.9000000000000001	0.4161227070513411
1.9100000000000001	0.4260416246400362
1.92	0.4104608197043943
1.93	0.39254544035048483
1.94	0.330258779316253
1.95	0.33151003981772303
1.96	0.3817689950331359
1.97	0.4021464542571736
1.98	0.4148420370246902
1.99	0.428283796700317
2.	0.42732707023532684
2.0100000000000002	0.4324668058363888
2.02	0.4240793347420285
2.0300000000000002	0.4341312203615735
2.04	0.43738840089272524
2.05	0.41982046074904894
2.06	0.4319277015240976
2.07	0.41725989813711256
2.08	0.42766728448197244
2.09	0.4142249306993429
2.1	0.4136127165999592
2.11	0.4069110431612918
2.12	0.37818530844393783
2.13	0.3548502840237549
2.14	0.3284572066800904
2.15	0.3255395891578825
2.16	0.34340017586035765
2.17	0.35102649504339645
2.18	0.3435067114387864
2.19	0.33667877751429
2.2	0.33773590928406194
2.21	0.3475056280493758
2.22	0.334688328936978
2.23	0.3313502130615995
2.24	0.3240112555829804
2.25	0.3050358585764127
2.2600000000000002	0.3072675936781214
2.27	0.29679770884629836
2.2800000000000002	0.2855712785951868
2.29	0.27878247797523875
2.3000000000000003	0.2693057058091441
2.31	0.2570658424237513
2.32	0.2466358660727721
2.33	0.2345216683529602
2.34	0.23134299171197353
2.35	0.2190581958556163
2.36	0.19268368636588476
2.37	0.1930941728218732
2.38	0.18446012404188183
2.39	0.17243090080386828
2.4	0.1564241862382687
2.41	0.13614249700758874
2.42	0.1262901110124304
2.43	0.11271037277961682
2.44	0.09742849077380378
2.45	0.08396215463441843
2.46	0.0711322676225826
2.47	0.06811278070349494
2.48	0.07113378556995087
2.49	0.07996534719870492
2.5	0.10478516114195481
2.5100000000000002	0.12335491434705953
2.52	0.15076806551850785
2.5300000000000002	0.1558364053557292
2.54	0.16900788796307406
2.5500000000000003	0.17196426660329134
2.56	0.1761707810760733
2.57	0.17760328075392615
2.58	0.17447693862033395
2.59	0.16942058775287952
2.6	0.16722205649485605
2.61	0.16658859910599283
2.62	0.15843110722025922
2.63	0.16044776727934304
2.64	0.15368447029104132
2.65	0.14900576764934775
2.66	0.1489866111830836
2.67	0.1418720139090472
2.68	0.13531366900193886
2.69	0.12991680088411653
2.7	0.12814455229118316
2.71	0.12425403786872578
2.72	0.1193765830455282
2.73	0.10403988393599294
2.74	0.10231275901254203
2.75	0.09967180261791352
2.7600000000000002	0.09221915920901101
2.77	0.08700897223028699
2.7800000000000002	0.07618008418517279
2.79	0.07983495274307338
2.8000000000000003	0.06731450961498249
2.81	0.06326250234586012
2.82	0.06237413242422162
2.83	0.05418197550365955
2.84	0.051344718322128585
2.85	0.00035132959744115617
2.86	0.000016185465801388223
2.87	4.959154031177095e-6
2.88	2.3519103662484775e-6
2.89	1.3640805477458911e-6
2.9	8.878053396252819e-7
2.91	6.229506265441605e-7
2.92	4.6078984962891224e-7
2.93	3.544374053656129e-7
2.94	2.809802186693581e-7
2.95	2.2815184476009116e-7
2.96	1.8890693129893767e-7
2.97	1.5896644995138106e-7
2.98	1.3561058268108286e-7
2.99	1.1704400702395742e-7
3.	1.0204323486311978e-7