0.2	0.003926192801200861
0.21000000000000002	0.00499570797291496
0.22	0.009030950425724335
0.23	0.018525663932974175
0.24000000000000002	0.08685485256005097
0.25	0.12713620694540084
0.26	0.1743578555315489
0.27	0.23270499964177674
0.28	0.285115597419118
0.29000000000000004	0.34596658874343744
0.30000000000000004	0.3835844129906083
0.31	0.42388539318789453
0.32	0.4289109434450393
0.33	0.47251661116259164
0.34	0.5092097938462519
0.35	0.5029848248158476
0.36	0.5057059300026999
0.37	0.5087647313011541
0.38	0.536112293724049
0.39	0.5259035037275568
0.4	0.5113182796857014
0.41000000000000003	0.4687039335579807
0.42000000000000004	0.8035592491097026
0.43000000000000005	1.0539926462755709
0.44	0.8334371081148291
0.45	0.6729704267859138
0.46	0.6080778314704596
0.47000000000000003	0.5706140891374769
0.48000000000000004	0.594198329931053
0.49	0.5906026977800436
0.5	0.6159233740576521
0.51	0.6435420545763803
0.52	0.673440948156608
0.53	0.6898406476731053
0.54	0.7389659158158991
0.55	0.7657684391422676
0.56	0.7817026266008942
0.5700000000000001	0.8181577101616353
0.5800000000000001	0.8313593732005914
0.5900000000000001	0.8636740949482454
0.6000000000000001	0.8862740711543977
0.6100000000000001	0.8745645230273476
0.62	0.9058951588654556
0.63	0.9592599468729373
0.64	0.9418401889512883
0.65	0.9770426543361581
0.66	0.985927815913925
0.67	0.9771593034490359
0.6799999999999999	0.9685651111754016
0.69	1.0288071338448086
0.7	1.01625769380194
0.71	1.0592753154179209
0.72	1.0142385655094543
0.73	1.068469467318989
0.74	1.0759506989687906
0.75	1.0749576109687573
0.76	1.1196000758684532
0.77	1.1134004198042873
0.78	1.1263365873685425
0.79	1.1128658674710827
0.8	1.134304655313073
0.81	1.1353148653160303
0.8200000000000001	1.1469762791547065
0.8300000000000001	1.1319808780669705
0.8400000000000001	1.0743655453625176
0.8500000000000001	0.9702142990681156
0.8600000000000001	1.0817960455220141
0.8700000000000001	0.8516464507653252
0.8800000000000001	0.7235485182389425
0.8900000000000001	0.7038543385742047
0.9000000000000001	0.6858607261353172
0.9099999999999999	0.7118393174976152
0.9199999999999999	0.7753359785806557
0.9299999999999999	0.8229807360273845
0.94	0.8709688520796781
0.95	0.965387529309054
0.96	0.9931138514356319
0.97	1.0559970530128102
0.98	1.082331119194652
0.99	1.0893760562997374
1.	1.1495420819261097
1.01	1.2435669708574992
1.02	1.1805740623334235
1.03	0.8455818064126437
1.04	0.41844595394580797
1.05	0.6151397325927674
1.06	0.6300691446904341
1.07	0.47870963489310603
1.08	0.36523281748676234
1.09	0.3324283759744866
1.1	0.3125592621879659
1.11	0.33113330717679806
1.12	0.32349104584403787
1.1300000000000001	0.3067420483473494
1.1400000000000001	0.3297859184038864
1.1500000000000001	0.3406764633000257
1.16	0.33855263437542904
1.17	0.37240523679915066
1.18	0.3925957052172956
1.19	0.41522972641309147
1.2	0.41122902706739034
1.21	0.4420726434554709
1.22	0.4607460252963472
1.23	0.4866116169464424
1.24	0.510294961743549
1.25	0.5028055776677544
1.26	0.5632168052045534
1.27	0.5758688373872642
1.28	0.5862196045275432
1.29	0.607233493237501
1.3	0.6228144711551293
1.31	0.6212416771156487
1.32	0.6392151910095322
1.33	0.655012316400503
1.34	0.6517574387654937
1.35	0.6731315067786909
1.3599999999999999	0.65370321227964
1.3699999999999999	0.6897742342504202
1.38	0.6906794249395319
1.39	0.7107016882869964
1.4	0.6841534228833793
1.41	0.694345613324399
1.42	0.699416546286395
1.43	0.6961503080433583
1.44	0.6643817175701974
1.45	0.6685796455616022
1.46	0.6901343168328167
1.47	0.7129732021267611
1.48	0.6876504423890728
1.49	0.6584437746403804
1.5	0.6886149973862861
1.51	0.6511805379760198
1.52	0.6344418496083798
1.53	0.6261739879415429
1.54	0.6447842593655281
1.55	0.6322495270590368
1.56	0.6143271750248951
1.57	0.5970185778173623
1.58	0.5854192546709086
1.59	0.5801810683856019
1.6	0.569140394757751