0.2	0.004508994319030866
0.21000000000000002	0.00623242012621126
0.22	0.009389398524112936
0.23	0.02148733781440869
0.24000000000000002	0.08143622855478808
0.25	0.129267787999282
0.26	0.1317916249362612
0.27	0.17207923700880734
0.28	0.22024618438952595
0.29000000000000004	0.2609673249550983
0.30000000000000004	0.2917408956790275
0.31	0.32638273617159613
0.32	0.3452496272599418
0.33	0.37258586363414875
0.34	0.3988762276455239
0.35	0.4090082997416955
0.36	0.41915542249191684
0.37	0.4178014760412738
0.38	0.42409644748914666
0.39	0.43226239273030953
0.4	0.4384112551042864
0.41000000000000003	0.43786817081126544
0.42000000000000004	0.9111046906829483
0.43000000000000005	1.0895892716244435
0.44	0.9613123138156223
0.45	0.7508291522476228
0.46	0.6148575353347357
0.47000000000000003	0.6025866781378201
0.48000000000000004	0.5561721879924689
0.49	0.5288928403491283
0.5	0.5481230903464882
0.51	0.5324662793761626
0.52	0.5395925160546093
0.53	0.5518222013581596
0.54	0.5871042431011474
0.55	0.6237614358891933
0.56	0.646358687856563
0.5700000000000001	0.6362462686117206
0.5800000000000001	0.6820626698263826
0.5900000000000001	0.6935536390026753
0.6000000000000001	0.7418765235393477
0.6100000000000001	0.7401538459338628
0.62	0.7605450425782933
0.63	0.8020088934575569
0.64	0.7990296043287747
0.65	0.8084095593578952
0.66	0.8108559646414633
0.67	0.8394163448701987
0.6799999999999999	0.8237969585440618
0.69	0.853911586352865
0.7	0.8700626706274452
0.71	0.8964970285690256
0.72	0.8919557276596837
0.73	0.9017871389157394
0.74	0.9335910893946331
0.75	0.9237362602055139
0.76	0.9278705739934275
0.77	0.9686154793271772
0.78	0.970097965766651
0.79	0.983931574242323
0.8	0.9953268866318212
0.81	0.9804756914403031
0.8200000000000001	0.9806011298808388
0.8300000000000001	0.9802895204480225
0.8400000000000001	0.9107861634612742
0.8500000000000001	1.0052619810487773
0.8600000000000001	1.0579584731444747
0.8700000000000001	0.9852261573597771
0.8800000000000001	0.8413655299377425
0.8900000000000001	0.6743200600046656
0.9000000000000001	0.6150839336215485
0.9099999999999999	0.6135044345111076
0.9199999999999999	0.6461131537457394
0.9299999999999999	0.66539175915206
0.94	0.6798523424839577
0.95	0.7080308875538722
0.96	0.8009760759904524
0.97	0.8159367712117429
0.98	0.8485868462447351
0.99	0.8810878300001268
1.	0.8871469823123507
1.01	1.0419629351124435
1.02	0.9041237812494644
1.03	0.8539621860810785
1.04	0.5499433598838565
1.05	0.6612106480802109
1.06	0.5224448785441604
1.07	0.39987608724015705
1.08	0.34730760398751015
1.09	0.34251758602862764
1.1	0.34622219290410683
1.11	0.31392616814508706
1.12	0.3457781934724131
1.1300000000000001	0.31968364135373045
1.1400000000000001	0.3261207928125002
1.1500000000000001	0.32414827954030834
1.16	0.3204316129601622
1.17	0.32075946339165073
1.18	0.32083230614740915
1.19	0.3306503341642694
1.2	0.34944755111444903
1.21	0.3392303842514971
1.22	0.36417504753791013
1.23	0.3692240015103442
1.24	0.3712625201503045
1.25	0.39093477212324257
1.26	0.42051845851201325
1.27	0.41935589169256915
1.28	0.42963304057835117
1.29	0.4254151717040135
1.3	0.45440008769727896
1.31	0.4669610289508415
1.32	0.4648947928618301
1.33	0.46201646889662396
1.34	0.493739372760793
1.35	0.47608936804121443
1.3599999999999999	0.480053636528865
1.3699999999999999	0.4973781513973558
1.38	0.5026813726026357
1.39	0.49360714636501113
1.4	0.5047539042876967
1.41	0.5128281326677503
1.42	0.5180046047769733
1.43	0.5120955439489173
1.44	0.5029278090683617
1.45	0.49325555923449704
1.46	0.501314285781535
1.47	0.49186895089219546
1.48	0.5058357900142897
1.49	0.5035376265923953
1.5	0.4962602894639737
1.51	0.49302112463412867
1.52	0.4772469084168784
1.53	0.5089589675523034
1.54	0.4581025519353871
1.55	0.4694395302359345
1.56	0.4681964021325653
1.57	0.4631606378102726
1.58	0.4736081250871952
1.59	0.44061253455062854
1.6	0.45095181667263634