0.2	0.0013603512152462792
0.21000000000000002	0.002077936375568614
0.22	0.0036012772053664
0.23	0.008769087064207003
0.24000000000000002	0.05609870511581871
0.25	0.2909778710622984
0.26	0.46748043760726216
0.27	0.57991491530827
0.28	0.6375021122783056
0.29000000000000004	0.6710660955128968
0.30000000000000004	0.6965821551238635
0.31	0.7333055817260211
0.32	0.7620437985005093
0.33	0.7618954459776165
0.34	0.7698070833922803
0.35	0.7822817731289553
0.36	0.7927646829675183
0.37	0.8002165254069196
0.38	0.8071487937228432
0.39	0.8099287514191894
0.4	0.7923559771890708
0.41000000000000003	0.7276065230619294
0.42000000000000004	0.6735133906895533
0.43000000000000005	0.7916083940207715
0.44	0.7499621877037137
0.45	0.8856981808976109
0.46	0.9741529335774877
0.47000000000000003	1.0564091882711963
0.48000000000000004	1.151826460910907
0.49	1.224229417433253
0.5	1.2685581397278023
0.51	1.313125944486006
0.52	1.3289748241029156
0.53	1.3846150024416026
0.54	1.389046015666035
0.55	1.420820282191906
0.56	1.4416456219054379
0.5700000000000001	1.4581362506598379
0.5800000000000001	1.4695482014820875
0.5900000000000001	1.4865086131044745
0.6000000000000001	1.5000713093048417
0.6100000000000001	1.5005943916100757
0.62	1.519413143294239
0.63	1.5266534489227732
0.64	1.5248242611279335
0.65	1.5244160942586886
0.66	1.5575244919330298
0.67	1.5622477650903557
0.6799999999999999	1.5490524101242724
0.69	1.5819529080830659
0.7	1.5570566149664737
0.71	1.5752678656938035
0.72	1.5830006152944849
0.73	1.5932189536512023
0.74	1.589259557503598
0.75	1.5893716824983417
0.76	1.5897916208925928
0.77	1.6013676659105915
0.78	1.6028712744901104
0.79	1.6084283844866218
0.8	1.6085231734946546
0.81	1.6117321434650143
0.8200000000000001	1.6117461391520795
0.8300000000000001	1.603218581274733
0.8400000000000001	1.5683639159981626
0.8500000000000001	1.066975047071701
0.8600000000000001	0.9800302820334124
0.8700000000000001	0.9188219933049491
0.8800000000000001	1.1346032716270387
0.8900000000000001	1.3021508501842567
0.9000000000000001	1.4475506047131184
0.9099999999999999	1.5818848167384776
0.9199999999999999	1.6896705604738698
0.9299999999999999	1.755310647225357
0.94	1.8540045196082637
0.95	1.9042795343455832
0.96	1.9883984801629133
0.97	2.0256614472658523
0.98	2.0739791795300424
0.99	2.1599629423228133
1.	2.182100684703155
1.01	2.1832926605770133
1.02	1.8955670520515364
1.03	0.7837154493274914
1.04	0.3199710097733231
1.05	0.584583707144241
1.06	0.905034915972426
1.07	0.8901515473485454
1.08	0.7575818534763735
1.09	1.1847331544651225
1.1	1.4234774300531434
1.11	1.5103552808768088
1.12	1.5486026876242243
1.1300000000000001	1.6655104493455506
1.1400000000000001	1.7096364209318349
1.1500000000000001	1.7442285840960612
1.16	1.7870193616452466
1.17	1.8340770477359096
1.18	1.854000761898198
1.19	1.8721800552760857
1.2	1.858490490626112
1.21	1.885262678653675
1.22	1.8880185062129529
1.23	1.8774753075786306
1.24	1.906382116955276
1.25	1.9173639955830082
1.26	1.9039264663610385
1.27	1.9106026560045315
1.28	1.9220619032470645
1.29	1.9089460055516123
1.3	1.9148793632305654
1.31	1.9110499534394214
1.32	1.9207135104572695
1.33	1.9084950780094627
1.34	1.902409094055508
1.35	1.9063844978203686
1.3599999999999999	1.8932223602774212
1.3699999999999999	1.8934944610694087
1.38	1.877493022603927
1.39	1.9018096295335754
1.4	1.8868745686428967
1.41	1.8797126167772271
1.42	1.8704112102488943
1.43	1.8831409201244944
1.44	1.8474151815992728
1.45	1.8541719916633757
1.46	1.8381252477465886
1.47	1.8243015288270472
1.48	1.8108198631820245
1.49	1.8031885736366555
1.5	1.7740938975873386
1.51	1.7880296661033013
1.52	1.7441443818472693
1.53	1.7537036491104765
1.54	1.723217085176998
1.55	1.7157287966967407
1.56	1.7137512008805242
1.57	1.6767947643837176
1.58	1.6336134927283124
1.59	1.6119507618696467
1.6	1.6038954913797716