0.2	0.005039795158109968
0.21000000000000002	0.007477469843361538
0.22	0.01238379723876199
0.23	0.022087526419539365
0.24000000000000002	0.06839603758734661
0.25	0.0992629230725349
0.26	0.11130624880399337
0.27	0.12557564041665395
0.28	0.13766798807671973
0.29000000000000004	0.16535000725253704
0.30000000000000004	0.20636771252550526
0.31	0.23733672426818994
0.32	0.26849671939741737
0.33	0.28820317118126826
0.34	0.29996733832430145
0.35	0.32970484127605165
0.36	0.340797870100411
0.37	0.3527487491803945
0.38	0.3546715944163033
0.39	0.36465281770065716
0.4	0.37201557850616623
0.41000000000000003	0.419254096823983
0.42000000000000004	0.7396902892045224
0.43000000000000005	0.9131292179693283
0.44	0.9272781774806078
0.45	0.8451311440759236
0.46	0.6717742020257593
0.47000000000000003	0.6379429216964336
0.48000000000000004	0.5178300060328297
0.49	0.4962803499925439
0.5	0.49156260195887114
0.51	0.4874454427232897
0.52	0.49270615274287316
0.53	0.49563303757694027
0.54	0.5020035921014688
0.55	0.5045794913954393
0.56	0.49983841335710816
0.5700000000000001	0.5430178426748139
0.5800000000000001	0.5219913453921483
0.5900000000000001	0.5596358373502536
0.6000000000000001	0.5767781472852898
0.6100000000000001	0.5806140271705127
0.62	0.6046417611562401
0.63	0.6231521347349256
0.64	0.6254062983950408
0.65	0.6427337148398534
0.66	0.6487727127402343
0.67	0.6523627555068241
0.6799999999999999	0.6806453004499097
0.69	0.6885892295299105
0.7	0.6932740480556329
0.71	0.716048983254614
0.72	0.7384244130999411
0.73	0.7442518363747568
0.74	0.7486179677192123
0.75	0.7354105729840028
0.76	0.7763910327057832
0.77	0.7754813068744574
0.78	0.7667894133346308
0.79	0.7698143804470776
0.8	0.791473962158992
0.81	0.7863353350680979
0.8200000000000001	0.7905240417710787
0.8300000000000001	0.7708643104228596
0.8400000000000001	0.7214967166043899
0.8500000000000001	0.8690010725082746
0.8600000000000001	1.0326233711986177
0.8700000000000001	1.0120323955893258
0.8800000000000001	0.8707495592620894
0.8900000000000001	0.7181148682955103
0.9000000000000001	0.6601250928505554
0.9099999999999999	0.5918284915010069
0.9199999999999999	0.5517680153380387
0.9299999999999999	0.541542821103008
0.94	0.5492821390244983
0.95	0.5647768170629126
0.96	0.5757963909424274
0.97	0.6217855145876223
0.98	0.641270417171171
0.99	0.6546913745157017
1.	0.6866537992285495
1.01	0.7733099625919806
1.02	0.7642437518323576
1.03	0.5845890730471381
1.04	0.3640296425544402
1.05	0.4661884039943849
1.06	0.4091969469189015
1.07	0.38016054326341087
1.08	0.3483233869230509
1.09	0.34626134206779885
1.1	0.34463893635841253
1.11	0.3296945732953777
1.12	0.34208951899616297
1.1300000000000001	0.32666079668936043
1.1400000000000001	0.31586636703932924
1.1500000000000001	0.31185613005428514
1.16	0.30780815004984274
1.17	0.2968466165625696
1.18	0.3188658248524054
1.19	0.29462097911057616
1.2	0.30795782288473106
1.21	0.31241925085869693
1.22	0.3213549955426138
1.23	0.3225033158088114
1.24	0.3280374747330072
1.25	0.30812998410726905
1.26	0.34041792683682814
1.27	0.3386216744566995
1.28	0.34442094895192854
1.29	0.3314822272303676
1.3	0.34837067074209194
1.31	0.35487154726282116
1.32	0.36636783072570983
1.33	0.35959527507778877
1.34	0.35844085010642374
1.35	0.37771810613560686
1.3599999999999999	0.4077672828477541
1.3699999999999999	0.4078113684061205
1.38	0.3900676292304818
1.39	0.3917391154583674
1.4	0.3989975990654604
1.41	0.40347470002133395
1.42	0.39094059028288386
1.43	0.39750824881677155
1.44	0.4108664599557079
1.45	0.4064464227199263
1.46	0.3760874149878516
1.47	0.3891525003995488
1.48	0.39715797611983705
1.49	0.3821891654108981
1.5	0.39364661938861406
1.51	0.4047230949573312
1.52	0.40345077126564594
1.53	0.3779375128716382
1.54	0.37514755219681695
1.55	0.3822692738425066
1.56	0.38708708561991345
1.57	0.3876863044570544
1.58	0.37489540842431834
1.59	0.38205825179340325
1.6	0.3580764164911415