0.2	0.004694857837627177
0.21000000000000002	0.0068461220980459
0.22	0.010206148369304531
0.23	0.02097730683797709
0.24000000000000002	0.06653090647590265
0.25	0.10524411669071124
0.26	0.11153478493976639
0.27	0.13173335323879945
0.28	0.14948602803156097
0.29000000000000004	0.19306368832166867
0.30000000000000004	0.23393411186975674
0.31	0.2618545932483508
0.32	0.2938909555966935
0.33	0.31280631863239533
0.34	0.3366941685228891
0.35	0.3486846405234605
0.36	0.3474178897777321
0.37	0.3867135346700683
0.38	0.380339629448214
0.39	0.38492615511766426
0.4	0.40222436022065505
0.41000000000000003	0.4314994452503754
0.42000000000000004	0.7976108711514723
0.43000000000000005	0.9037712535505219
0.44	0.9330587213814412
0.45	0.826720327463807
0.46	0.7103833952561927
0.47000000000000003	0.6144515853161575
0.48000000000000004	0.533699839742257
0.49	0.5177662696109144
0.5	0.5102231531483598
0.51	0.47450786942355666
0.52	0.4947068817640897
0.53	0.5002846516423872
0.54	0.5203181045677211
0.55	0.5425715005499012
0.56	0.5561173784923428
0.5700000000000001	0.5738526315270258
0.5800000000000001	0.5565455230010378
0.5900000000000001	0.585026188396814
0.6000000000000001	0.611884007315991
0.6100000000000001	0.6225633550536821
0.62	0.6547973790297794
0.63	0.6658751300092597
0.64	0.664793278952786
0.65	0.7066819433255612
0.66	0.7022261878024766
0.67	0.7152516514846502
0.6799999999999999	0.7188211036982687
0.69	0.7473932665375638
0.7	0.7412978106829262
0.71	0.7677023265502787
0.72	0.7946233788183482
0.73	0.7845730116352649
0.74	0.7862896951741314
0.75	0.7994931129126646
0.76	0.8027225536236449
0.77	0.8245173606774606
0.78	0.8219750127106227
0.79	0.8248361438012732
0.8	0.8580849854514406
0.81	0.8610417878348705
0.8200000000000001	0.854473820155453
0.8300000000000001	0.8131458267380459
0.8400000000000001	0.7685981464487952
0.8500000000000001	0.8496637089119077
0.8600000000000001	1.025452787120617
0.8700000000000001	0.9927348022782894
0.8800000000000001	0.8467471540077122
0.8900000000000001	0.725432940701809
0.9000000000000001	0.6640760851497076
0.9099999999999999	0.5646274376466409
0.9199999999999999	0.5800232388438833
0.9299999999999999	0.6096676374488335
0.94	0.5950223731052924
0.95	0.6036580356515383
0.96	0.6213897931937147
0.97	0.6513016285636882
0.98	0.7013463526368181
0.99	0.7271799117952799
1.	0.7440861086783119
1.01	0.8527099465175694
1.02	0.7815993691419456
1.03	0.591252052660279
1.04	0.37811353737174297
1.05	0.4577960037646289
1.06	0.4146357759470602
1.07	0.3605438356965009
1.08	0.34973556857188565
1.09	0.342091576268366
1.1	0.33763839827130687
1.11	0.3332814924404328
1.12	0.336801635692795
1.1300000000000001	0.34298671106446604
1.1400000000000001	0.3336132236974683
1.1500000000000001	0.3124792702709031
1.16	0.32952688088625426
1.17	0.2968913620001647
1.18	0.3067308023258268
1.19	0.293959876444138
1.2	0.31857887738042834
1.21	0.32251061849848667
1.22	0.32968290125723854
1.23	0.34169793712587687
1.24	0.3395390328615531
1.25	0.34136159763843704
1.26	0.36796891118822517
1.27	0.351818595704789
1.28	0.37249958138598555
1.29	0.3698710238443966
1.3	0.38352674447749296
1.31	0.40721560719581007
1.32	0.4082478476664194
1.33	0.39301153398135635
1.34	0.4002914471003803
1.35	0.412031857002624
1.3599999999999999	0.3961326524977124
1.3699999999999999	0.4309743703279704
1.38	0.42576421250170354
1.39	0.42993794812854574
1.4	0.42630026071656923
1.41	0.44043631286816737
1.42	0.4211755618249169
1.43	0.42672072936079936
1.44	0.4300479485329707
1.45	0.4257956177728004
1.46	0.4223250910875228
1.47	0.42000035077555337
1.48	0.40244913045870184
1.49	0.43313227835475687
1.5	0.43590318248092236
1.51	0.45135834369927375
1.52	0.413914501239726
1.53	0.43655233534373356
1.54	0.40433149332520374
1.55	0.38964032244187113
1.56	0.400948157338647
1.57	0.41061746714016756
1.58	0.4059160977184362
1.59	0.3917042271677388
1.6	0.4106435628060368