0.2	0.0026994950196793286
0.21000000000000002	0.0041302442949887825
0.22	0.006680671566198624
0.23	0.014140739490710399
0.24000000000000002	0.04679362714647512
0.25	0.10970781924871496
0.26	0.18970610097899726
0.27	0.28732207302865453
0.28	0.3512553357299411
0.29000000000000004	0.41598282835178907
0.30000000000000004	0.4695648130437258
0.31	0.5117073722953331
0.32	0.516612562302616
0.33	0.5452796412379394
0.34	0.5784600631233991
0.35	0.5980959008208746
0.36	0.6017876240100033
0.37	0.6196553812409972
0.38	0.6147076651279424
0.39	0.6025848507501632
0.4	0.6017166987739067
0.41000000000000003	0.5495068203524293
0.42000000000000004	0.5718979501725011
0.43000000000000005	0.8787519241046532
0.44	0.7679161494676346
0.45	0.6733555654900111
0.46	0.611077133274937
0.47000000000000003	0.6269095223065475
0.48000000000000004	0.6763377073983102
0.49	0.7026641067092955
0.5	0.750344628288593
0.51	0.8026691245224927
0.52	0.8643795323171489
0.53	0.8975162446031467
0.54	0.9244189212169832
0.55	0.9403770081039884
0.56	0.9616287044304671
0.5700000000000001	0.9830183045208117
0.5800000000000001	1.027984253739147
0.5900000000000001	1.0320893435244813
0.6000000000000001	1.0461768680730852
0.6100000000000001	1.0879098635116133
0.62	1.0980041471542412
0.63	1.1270401521046598
0.64	1.1163075105358549
0.65	1.1358550423602134
0.66	1.14849815472011
0.67	1.1770692031560075
0.6799999999999999	1.180150762072656
0.69	1.184502468236896
0.7	1.2035099300379828
0.71	1.2082845174139865
0.72	1.2264479663602876
0.73	1.2157273647098286
0.74	1.2228839139507126
0.75	1.2315169839572315
0.76	1.2411651275191815
0.77	1.2672419905377237
0.78	1.261899611678274
0.79	1.2690588621287218
0.8	1.2630347428311652
0.81	1.2700325508418584
0.8200000000000001	1.2606823392235893
0.8300000000000001	1.2638611732458431
0.8400000000000001	1.198043624038839
0.8500000000000001	0.8787795666749381
0.8600000000000001	0.9507294168623129
0.8700000000000001	0.8388267571375403
0.8800000000000001	0.7719507850677558
0.8900000000000001	0.749904434801305
0.9000000000000001	0.7933386395465183
0.9099999999999999	0.8716009967550125
0.9199999999999999	0.9445616214896358
0.9299999999999999	1.0351091327545152
0.94	1.1258703519601856
0.95	1.1969108066889782
0.96	1.2620622128823846
0.97	1.2977912254701043
0.98	1.3490799015698989
0.99	1.439756100111228
1.	1.4726251709323832
1.01	1.5494955691090686
1.02	1.3566109510847293
1.03	0.6108028357099624
1.04	0.3235856227775652
1.05	0.45275670005771573
1.06	0.5797410144982247
1.07	0.482150743196508
1.08	0.4154683001142974
1.09	0.41826845582229666
1.1	0.41111276718443385
1.11	0.40141799237243075
1.12	0.4384245670188188
1.1300000000000001	0.4492367863753302
1.1400000000000001	0.489770930070996
1.1500000000000001	0.529032330243593
1.16	0.5683611056690374
1.17	0.6133354619796318
1.18	0.6686373116240651
1.19	0.7085974333913653
1.2	0.7830304200481497
1.21	0.8150313082434403
1.22	0.8372735922014002
1.23	0.8657043893241676
1.24	0.902470000774171
1.25	0.9445223604894989
1.26	0.9137710188774072
1.27	0.9367622233927713
1.28	0.9796438601348705
1.29	0.9869105198966638
1.3	1.0203937464604103
1.31	1.0322038494199264
1.32	1.0336455221934735
1.33	1.0333961691472446
1.34	1.032075437770571
1.35	1.0635520739935962
1.3599999999999999	1.049619064796528
1.3699999999999999	1.0809059297954005
1.38	1.0572804850844244
1.39	1.0550052114457853
1.4	1.0519657390649624
1.41	1.0628956176273947
1.42	1.0569271175991934
1.43	1.032675728100687
1.44	1.0260982858632917
1.45	1.048032991264486
1.46	1.0049692591397288
1.47	1.0149951760310243
1.48	1.028599802443421
1.49	0.9968510919461301
1.5	0.9698642313937873
1.51	0.9566095806056715
1.52	0.951073406498506
1.53	0.9393379431050628
1.54	0.9217307795105669
1.55	0.9160455639800001
1.56	0.8747520661010445
1.57	0.9198459128561334
1.58	0.8799298858764749
1.59	0.8381291297907117
1.6	0.848340330085102