0.2	0.0020972661715196353
0.21000000000000002	0.003273961563993922
0.22	0.005594180490371956
0.23	0.012356866889354933
0.24000000000000002	0.039833241878932724
0.25	0.1321405207781677
0.26	0.24098219807297125
0.27	0.3557679586005321
0.28	0.43385655260588757
0.29000000000000004	0.48563940920611515
0.30000000000000004	0.5460502005813332
0.31	0.5687839824247903
0.32	0.5891607870176986
0.33	0.6127292277877792
0.34	0.6495936207017695
0.35	0.6581247042169684
0.36	0.6682597118324902
0.37	0.6659548009127412
0.38	0.6720027814414455
0.39	0.6705181184741313
0.4	0.6509611851697563
0.41000000000000003	0.6011670338432155
0.42000000000000004	0.555459577594282
0.43000000000000005	0.835268995165415
0.44	0.7208436467577315
0.45	0.6647981273313569
0.46	0.6747007051525393
0.47000000000000003	0.6870004078509371
0.48000000000000004	0.7644884010886546
0.49	0.8334896113800154
0.5	0.8634805010835135
0.51	0.9306637491236497
0.52	0.9992224610815089
0.53	1.0151241942341251
0.54	1.0809736071876646
0.55	1.0973554383985902
0.56	1.091364773666221
0.5700000000000001	1.140134830881436
0.5800000000000001	1.1618344614489673
0.5900000000000001	1.1649832222943841
0.6000000000000001	1.1853081859063648
0.6100000000000001	1.2248772619600345
0.62	1.2269876582976895
0.63	1.244183702516406
0.64	1.2490192051673916
0.65	1.2706521501422317
0.66	1.2817708643263954
0.67	1.2804288558834906
0.6799999999999999	1.2996106119244804
0.69	1.2994672521600787
0.7	1.3183667267508465
0.71	1.322268825259013
0.72	1.341258555414085
0.73	1.3206796034290764
0.74	1.3496448745085983
0.75	1.3624406071375577
0.76	1.3550299009269426
0.77	1.3832702007679547
0.78	1.361410248524602
0.79	1.3656975506762028
0.8	1.3825367708950909
0.81	1.3748575530461669
0.8200000000000001	1.3864285758702954
0.8300000000000001	1.3539536160681784
0.8400000000000001	1.3227474240293218
0.8500000000000001	0.9520309259272507
0.8600000000000001	0.9365376989292334
0.8700000000000001	0.7919802498956967
0.8800000000000001	0.8085453079340454
0.8900000000000001	0.8501640782232605
0.9000000000000001	0.9179844969866914
0.9099999999999999	1.0169328234694033
0.9199999999999999	1.1310330755225866
0.9299999999999999	1.219039617374361
0.94	1.3179111977277584
0.95	1.3842241540823965
0.96	1.4491681089809663
0.97	1.5157403805752847
0.98	1.5806246004180087
0.99	1.6089485845882183
1.	1.6613430244537264
1.01	1.738211535051381
1.02	1.459797184879851
1.03	0.6340464176275635
1.04	0.30467093712972987
1.05	0.46343456232010927
1.06	0.5918053680678366
1.07	0.5441527555790755
1.08	0.42962146222433
1.09	0.5519904714417101
1.1	0.5833612889175986
1.11	0.5956072753622289
1.12	0.6310295697682416
1.1300000000000001	0.7152487759690226
1.1400000000000001	0.7439868515207673
1.1500000000000001	0.7969147615813641
1.16	0.8745990643269097
1.17	0.8999958367861212
1.18	0.9983315774042882
1.19	1.0185542601729207
1.2	1.0900022943682284
1.21	1.1238221166714613
1.22	1.1443376059235284
1.23	1.1779111359180119
1.24	1.200414448011854
1.25	1.1969512449470752
1.26	1.224335439071436
1.27	1.2249834817780854
1.28	1.2678617209077352
1.29	1.2819062427336598
1.3	1.2859349590904974
1.31	1.3099642110656982
1.32	1.3030479050097499
1.33	1.283856491679248
1.34	1.3012502615113555
1.35	1.3089435447494477
1.3599999999999999	1.2993932208064414
1.3699999999999999	1.3322793154740362
1.38	1.3117174202936128
1.39	1.301676729639502
1.4	1.2781086685520957
1.41	1.299340298164193
1.42	1.2879213277980401
1.43	1.2820126802015177
1.44	1.2514565970873213
1.45	1.2623407898166943
1.46	1.2637292793650614
1.47	1.26311119537808
1.48	1.2586601374059003
1.49	1.2504881090108346
1.5	1.203050965818506
1.51	1.199861075506617
1.52	1.1916771254849488
1.53	1.1778407376425557
1.54	1.16175919278792
1.55	1.1605676823851496
1.56	1.139426054406299
1.57	1.0987312952688584
1.58	1.082223074908505
1.59	1.0753245692982534
1.6	1.0587442464599504