0.	2.79999954094891e-7
0.01	2.807791498627175e-7
0.02	2.8295303298318276e-7
0.03	2.862254290666006e-7
0.04	2.900506976408899e-7
0.05	2.9381505323627917e-7
0.06	2.969760324135276e-7
0.07	3.003516594821926e-7
0.08	3.0416186471936473e-7
0.09	3.09109974339893e-7
0.1	3.1804251606984187e-7
0.11	3.2689890728788453e-7
0.12	3.4052020355342817e-7
0.13	3.5593840708702913e-7
0.14	3.7944987223244584e-7
0.15	4.0376211904223774e-7
0.16	4.377869611896559e-7
0.17	4.860984146004952e-7
0.18	5.397169380003384e-7
0.19	6.121561451895743e-7
0.2	7.396221800020774e-7
0.21	8.863775402826429e-7
0.22	1.1452276621812858e-6
0.23	1.6537811405536971e-6
0.24	2.631366491872737e-6
0.25	8.964811908419013e-6
0.26	0.001251601982083885
0.27	0.00985842484467809
0.28	0.0295532222353813
0.29	0.05438356727930512
0.3	0.07773934140606743
0.31	0.09966309080719163
0.32	0.12876158933028475
0.33	0.14078652355417196
0.34	0.15272854226401897
0.35000000000000003	0.15804455109973076
0.36	0.18308689704063574
0.37	0.2036902942866464
0.38	0.18641349387681247
0.39	0.21903570949460646
0.4	0.216698721412177
0.41000000000000003	0.20456027747323535
0.42	0.23734153900353352
0.43	0.22214108924124645
0.44	0.22712663562783317
0.45	0.17164347024631565
0.46	0.15548869363253062
0.47000000000000003	0.14047431208243172
0.48	0.15654058361774648
0.49	0.18057875910082935
0.5	0.19227493584290273
0.51	0.20611120686396808
0.52	0.22110248849031172
0.53	0.2300883265819414
0.54	0.2551475467047035
0.55	0.2713293513796217
0.56	0.2806124521719387
0.5700000000000001	0.2830448631480897
0.58	0.3121401172550837
0.59	0.31064864998743247
0.6	0.3236763663852972
0.61	0.32833641687509935
0.62	0.3326368006796363
0.63	0.3375307229649388
0.64	0.34066698988608424
0.65	0.34676124408303693
0.66	0.3513938601006653
0.67	0.35397802387498895
0.68	0.3682609595687688
0.6900000000000001	0.3886862296137932
0.7000000000000001	0.37433135292164355
0.71	0.37934275955083113
0.72	0.3790518373002305
0.73	0.40232492696979977
0.74	0.3990662109372947
0.75	0.4055995996143278
0.76	0.4228750096817121
0.77	0.4198237603504619
0.78	0.42163486891275725
0.79	0.4512757981362579
0.8	0.42084557542491285
0.81	0.45280212833111033
0.8200000000000001	0.43854550911647866
0.8300000000000001	0.4509238799519321
0.84	0.45127718298020236
0.85	0.47332717154277887
0.86	0.4737724329111033
0.87	0.45841686119317354
0.88	0.37391889046566995
0.89	0.3105594070833515
0.9	0.29410239135539973
0.91	0.29080399279760855
0.92	0.30367537166083053
0.93	0.31735922609730105
0.9400000000000001	0.35999593198711477
0.9500000000000001	0.3767114035793717
0.96	0.39784502840482877
0.97	0.4056473321084029
0.98	0.44348162776223093
0.99	0.44220114656337195
1.	0.4648655431028767
1.01	0.48765315604836135
1.02	0.5036068534491371
1.03	0.4559472974820717
1.04	0.3770860567560768
1.05	0.2916555180901047
1.06	0.18119142799515087
1.07	0.13035778740884968
1.08	0.0990363976061881
1.09	0.10854464406321875
1.1	0.11432782569425487
1.11	0.11273588546741074
1.12	0.12673769184883915
1.1300000000000001	0.1293642765925436
1.1400000000000001	0.12699965884317346
1.1500000000000001	0.11900575090036901
1.16	0.11446845185387562
1.17	0.1098228956769656
1.18	0.13085526832624056
1.19	0.13794573012388583
1.2	0.1583799964583748
1.21	0.1588102500445641
1.22	0.16992282475126083
1.23	0.1838216828227299
1.24	0.18249294612726455
1.25	0.2095787346968905
1.26	0.209428663538593
1.27	0.21694091539675722
1.28	0.21650958570746076
1.29	0.2143566689082826
1.3	0.21246280484714059
1.31	0.22466856957829287
1.32	0.23110124765576928
1.33	0.23569201808957152
1.34	0.24584491148660162
1.35	0.23338235393074652
1.36	0.25582861616551483
1.37	0.23471805379306893
1.3800000000000001	0.24845821925606804
1.3900000000000001	0.24516660932310957
1.4000000000000001	0.24797411836831662
1.41	0.24400451728326567
1.42	0.26544025037715174
1.43	0.25782073212064655
1.44	0.23901813752952525
1.45	0.24918913315265218
1.46	0.2481632685532893
1.47	0.2574558497990785
1.48	0.24406057866942973
1.49	0.23053975504916654
1.5	0.2370375952300602
1.51	0.21822703442611663
1.52	0.22386998429591076
1.53	0.22640036810828895
1.54	0.22787498154963617
1.55	0.22055786412799297
1.56	0.21499538669260576
1.57	0.22426671011335322
1.58	0.2213896611225981
1.59	0.20697740910665346
1.6	0.21524664561129553
1.61	0.2070209905012146
1.62	0.1928112980510929
1.6300000000000001	0.19878876547022756
1.6400000000000001	0.19345225503620597
1.6500000000000001	0.1881989664423931
1.6600000000000001	0.20048203160444295
1.67	0.19770941180709395
1.68	0.1965574181239797
1.69	0.19836549952636262
1.7	0.18459503900269902
1.71	0.16846430975180943
1.72	0.1726736111796984
1.73	0.1685882463158567
1.74	0.16814707566010917
1.75	0.15058005130588695
1.76	0.14269321589755304
1.77	0.13601888119841646
1.78	0.1336881296325792
1.79	0.11932362178009379
1.8	0.11631624342803935
1.81	0.10934809113075913
1.82	0.09578243414448394
1.83	0.10059457800866721
1.84	0.09567331652192734
1.85	0.08261088583831756
1.86	0.09510199780865704
1.87	0.10278326067664152
1.8800000000000001	0.10754815601356715
1.8900000000000001	0.1101159216867645
1.9000000000000001	0.12443658691985965
1.9100000000000001	0.13799698095700016
1.92	0.16358656185243556
1.93	0.15761050802181936
1.94	0.14838980587220896
1.95	0.1543689597587532
1.96	0.1492619711946395
1.97	0.13757305229293873
1.98	0.13649656225387813
1.99	0.1503666369893113
2.	0.14971462555594672
2.0100000000000002	0.16861315746064878
2.02	0.16935420601279533
2.0300000000000002	0.17377721258071135
2.04	0.18887665920955515
2.05	0.19569691812074996
2.06	0.18843317532443854
2.07	0.19864012585462695
2.08	0.20707856108422593
2.09	0.19946945931742094
2.1	0.18774455625096248
2.11	0.1898910198451611
2.12	0.18635601560712567
2.13	0.18415211233020976
2.14	0.1822216211520683
2.15	0.16991994660234105
2.16	0.177981332962726
2.17	0.1577920862956633
2.18	0.15521458680561226
2.19	0.1551071366894057
2.2	0.1580912875664414
2.21	0.17028985683625036
2.22	0.16433964198822543
2.23	0.16042904578386893
2.24	0.15694850070504976
2.25	0.16531045093796468
2.2600000000000002	0.144898721654699
2.27	0.14900380855153206
2.2800000000000002	0.16185230804142572
2.29	0.15727416223362423
2.3000000000000003	0.13007999776474208
2.31	0.14428567640859757
2.32	0.13818251872625245
2.33	0.13364688981849435
2.34	0.12953762372514047
2.35	0.12296850023156858
2.36	0.11628199695448338
2.37	0.1134800429656965
2.38	0.10960300338846753
2.39	0.09894946613225371
2.4	0.08882293320979272
2.41	0.09507085038112825
2.42	0.08239677833343509
2.43	0.08377452346119511
2.44	0.07905773432062604
2.45	0.07078251981061866
2.46	0.06003183746768458
2.47	0.06727527348898117
2.48	0.05577097101455938
2.49	0.05144603982572277
2.5	0.04587724295634244
2.5100000000000002	0.047596689432635904
2.52	0.05159221491144019
2.5300000000000002	0.05474978030952132
2.54	0.05896671684904233
2.5500000000000003	0.06895096399999698
2.56	0.0882849665447686
2.57	0.09140121503140719
2.58	0.10121835842908436
2.59	0.11104534012071883
2.6	0.10061055485482076
2.61	0.11777384698775205
2.62	0.12691187717339616
2.63	0.11038328346956751
2.64	0.1089040600632212
2.65	0.11847727568902956
2.66	0.10244978364452059
2.67	0.11279570028880263
2.68	0.11252877787956544
2.69	0.09902580965754118
2.7	0.11034108732132714
2.71	0.09314266843676006
2.72	0.09304784313696186
2.73	0.08351200060133239
2.74	0.08539469506637712
2.75	0.07574368119794224
2.7600000000000002	0.062320225378585364
2.77	0.07512302306793504
2.7800000000000002	0.06396339657861037
2.79	0.06273862637155225
2.8000000000000003	0.051631078847285496
2.81	0.0539771362978521
2.82	0.049832744651360276
2.83	0.047098377868711586
2.84	0.04238306414930102
2.85	0.0003433122501328948
2.86	0.000016215901080378085
2.87	4.955376607378752e-6
2.88	2.352975677122095e-6
2.89	1.3638007542135037e-6
2.9	8.878212807029199e-7
2.91	6.229506265441605e-7
2.92	4.6078984962891224e-7
2.93	3.544374053656129e-7
2.94	2.809802186693581e-7
2.95	2.2815184476009116e-7
2.96	1.8890693129893767e-7
2.97	1.5896644995138106e-7
2.98	1.3561058268108286e-7
2.99	1.1704400702395742e-7
3.	1.0204323486311978e-7