0.	2.79999954094891e-7
0.01	2.8078711267225243e-7
0.02	2.830500350220955e-7
0.03	2.865672748482627e-7
0.04	2.9115932776451676e-7
0.05	2.9550455316226215e-7
0.06	2.9934791803390166e-7
0.07	3.0311087498698716e-7
0.08	3.073671834036058e-7
0.09	3.1240846834435873e-7
0.1	3.1814557339179483e-7
0.11	3.2737331965450063e-7
0.12	3.3788824610049755e-7
0.13	3.509230226759489e-7
0.14	3.6894797657503e-7
0.15	3.907103308088577e-7
0.16	4.2146127407932774e-7
0.17	4.5926901095182243e-7
0.18	5.090363184899402e-7
0.19	5.709650136196122e-7
0.2	6.670285927638475e-7
0.21	8.112238546709326e-7
0.22	9.94189535847437e-7
0.23	1.3716596875626147e-6
0.24	2.0782558106854246e-6
0.25	0.000026238404442433396
0.26	0.00100430134080842
0.27	0.003915242171546785
0.28	0.016779366721986152
0.29	0.035240512021182606
0.3	0.049362998582758846
0.31	0.06988327677119491
0.32	0.0743801899802457
0.33	0.09284995024062635
0.34	0.10248142566080669
0.35000000000000003	0.12385532224803011
0.36	0.12480533229690127
0.37	0.14100016634614934
0.38	0.15825264595402347
0.39	0.16252748915367157
0.4	0.17055869597927056
0.41000000000000003	0.17040219208403345
0.42	0.17517016533139781
0.43	0.168746381488882
0.44	0.17253701772717406
0.45	0.1441029923929615
0.46	0.1257982780941111
0.47000000000000003	0.11063136494551976
0.48	0.12048361864578713
0.49	0.12036486115879672
0.5	0.14135384605813409
0.51	0.14852487929850333
0.52	0.15831408860154614
0.53	0.16184897054221364
0.54	0.17506442289263474
0.55	0.19437570488715397
0.56	0.19593973598139905
0.5700000000000001	0.2028788522537265
0.58	0.2193053406906947
0.59	0.22612548072613664
0.6	0.22543133830020445
0.61	0.24121161739416191
0.62	0.2515762327094454
0.63	0.24993932623072931
0.64	0.2503256521046078
0.65	0.2559043121552594
0.66	0.2729648438425658
0.67	0.2850219923037431
0.68	0.2811635623132788
0.6900000000000001	0.2797400172399317
0.7000000000000001	0.283525072894977
0.71	0.28913660338902913
0.72	0.299263168431789
0.73	0.29559850247885033
0.74	0.30732063795343983
0.75	0.320612080085819
0.76	0.30059177409559995
0.77	0.3519665465567807
0.78	0.3248350042431123
0.79	0.33679517203727694
0.8	0.3107550655638053
0.81	0.3527190505393928
0.8200000000000001	0.35238614467980933
0.8300000000000001	0.3519861574709472
0.84	0.37057897832201414
0.85	0.3594013098727662
0.86	0.36974495452362405
0.87	0.35646241775829834
0.88	0.3240319288821487
0.89	0.2624400991911474
0.9	0.24102276789238783
0.91	0.2551428716533694
0.92	0.2516994416792664
0.93	0.24677977300689988
0.9400000000000001	0.2730063556443492
0.9500000000000001	0.27607871933254874
0.96	0.2959073456176448
0.97	0.3237785085208452
0.98	0.3180992452926736
0.99	0.32924904257415577
1.	0.34651677493030114
1.01	0.37885406862147974
1.02	0.3919346286854948
1.03	0.3719078537537677
1.04	0.32033651007671254
1.05	0.2779377729084492
1.06	0.21796466719410787
1.07	0.1593029970073954
1.08	0.11127626450357485
1.09	0.0915067166994868
1.1	0.08296416255628486
1.11	0.09475816410167229
1.12	0.0970123713239777
1.1300000000000001	0.10122159772681039
1.1400000000000001	0.10165502816913602
1.1500000000000001	0.09321485854324278
1.16	0.09931791079901178
1.17	0.10343122899672921
1.18	0.09199614998884505
1.19	0.10094529813197284
1.2	0.09142104686801426
1.21	0.09870011283785866
1.22	0.10538405221626487
1.23	0.10767605354752714
1.24	0.12403029631399684
1.25	0.129400597491778
1.26	0.1335455500697227
1.27	0.1336380702002515
1.28	0.1323672891902056
1.29	0.135577326884316
1.3	0.15422355715641026
1.31	0.14804373317434494
1.32	0.15706528505779468
1.33	0.16470940510649507
1.34	0.14791554593687994
1.35	0.1548233192815879
1.36	0.1601244461939209
1.37	0.1674579365138041
1.3800000000000001	0.17204677507434626
1.3900000000000001	0.16763659115535662
1.4000000000000001	0.16302021815392687
1.41	0.1680696415654128
1.42	0.17268241296113626
1.43	0.1714038468329574
1.44	0.17528114912753204
1.45	0.16312567290751986
1.46	0.16826298775017734
1.47	0.1609435128303021
1.48	0.16649327881189296
1.49	0.1596045885128624
1.5	0.15833200007779114
1.51	0.1596787238146779
1.52	0.17045658644943945
1.53	0.15436438365897026
1.54	0.15854225050571238
1.55	0.14384698349128955
1.56	0.15301795340809013
1.57	0.15868813815951974
1.58	0.15849062059992258
1.59	0.1530682720468916
1.6	0.15358238602092716
1.61	0.1471370913472063
1.62	0.1398757151009474
1.6300000000000001	0.13642348966391948
1.6400000000000001	0.13503318958208801
1.6500000000000001	0.134620559132067
1.6600000000000001	0.1358907964529894
1.67	0.14983585895446136
1.68	0.13750796522316255
1.69	0.1299538412870871
1.7	0.13916727778611876
1.71	0.13795504192205044
1.72	0.12685264773782215
1.73	0.11842524686549769
1.74	0.12738920205714122
1.75	0.11785630636230487
1.76	0.10133809578784365
1.77	0.11846009740489336
1.78	0.0940031914759388
1.79	0.09667366521526621
1.8	0.0940840180336557
1.81	0.08236087118872902
1.82	0.07338366194198616
1.83	0.08865453696925647
1.84	0.0765779364666814
1.85	0.07081839938345616
1.86	0.06852221986259718
1.87	0.07275489969599289
1.8800000000000001	0.06750278964441538
1.8900000000000001	0.07384132348192037
1.9000000000000001	0.07473438842312059
1.9100000000000001	0.07992857887275219
1.92	0.08239451563106769
1.93	0.08710707894202076
1.94	0.08531299128860971
1.95	0.08388791694887707
1.96	0.08532358006055506
1.97	0.08807221378787565
1.98	0.09183784135487846
1.99	0.08444276491139159
2.	0.08689898774565714
2.0100000000000002	0.09266171778588517
2.02	0.10633225974196586
2.0300000000000002	0.10392190016330036
2.04	0.10362639164242052
2.05	0.11155220506300476
2.06	0.11427417897103644
2.07	0.11814195998412827
2.08	0.11697860339209891
2.09	0.12615135782527717
2.1	0.11977214049069057
2.11	0.11846342617588895
2.12	0.12537999283617968
2.13	0.11885576203832725
2.14	0.11076625118260995
2.15	0.11591393524788711
2.16	0.10455636249155051
2.17	0.09783095024680866
2.18	0.10005943871005482
2.19	0.10008378737770443
2.2	0.10487585639817511
2.21	0.10043082586052622
2.22	0.10086476000889284
2.23	0.09984925355729564
2.24	0.09772131740189471
2.25	0.09681455664903542
2.2600000000000002	0.10728703044977725
2.27	0.1086867742196745
2.2800000000000002	0.09944061250270857
2.29	0.10168544692172105
2.3000000000000003	0.08944174263509408
2.31	0.08805157950294881
2.32	0.08975953338805052
2.33	0.08188857437119991
2.34	0.08235172505967887
2.35	0.08866142562753453
2.36	0.08769648286765479
2.37	0.08389711854155714
2.38	0.07731592858622005
2.39	0.08290783481211525
2.4	0.0683032879772875
2.41	0.07237054702746487
2.42	0.06821851998572595
2.43	0.06911397458616352
2.44	0.05563322131609067
2.45	0.050637676024007636
2.46	0.05312768187131373
2.47	0.04707095283637622
2.48	0.045109375671049036
2.49	0.047969742491013975
2.5	0.0433330975336195
2.5100000000000002	0.03640634949029894
2.52	0.03715671869350601
2.5300000000000002	0.039893322346883066
2.54	0.03936327959878571
2.5500000000000003	0.03261990107573187
2.56	0.040592976688019936
2.57	0.04130673739812848
2.58	0.04625242645802013
2.59	0.05278063425075431
2.6	0.057008941673804485
2.61	0.052499742757970126
2.62	0.06842946325205573
2.63	0.07032869897275305
2.64	0.07048971905381918
2.65	0.06545217481262022
2.66	0.06517978882663816
2.67	0.071680091538085
2.68	0.06355597552717075
2.69	0.06536228129496242
2.7	0.06532184494253511
2.71	0.0651818309825187
2.72	0.05997821803510179
2.73	0.05756867240113352
2.74	0.060451602274071814
2.75	0.05229632679819939
2.7600000000000002	0.04927285750212391
2.77	0.049339112724803846
2.7800000000000002	0.04835417374048621
2.79	0.05118728943422323
2.8000000000000003	0.0447385415285994
2.81	0.044772212822537835
2.82	0.0400073291482166
2.83	0.036690377178968475
2.84	0.034453596410171296
2.85	0.0002973396136976825
2.86	0.000015746576249238398
2.87	4.923521763269481e-6
2.88	2.344530661786877e-6
2.89	1.36320530479227e-6
2.9	8.877105292437711e-7
2.91	6.228824791465531e-7
2.92	4.607503318089439e-7
2.93	3.5443687286432526e-7
2.94	2.809802186693581e-7
2.95	2.2815184476009116e-7
2.96	1.8890693129893767e-7
2.97	1.5896644995138106e-7
2.98	1.3561058268108286e-7
2.99	1.1704400702395742e-7
3.	1.0204323486311978e-7