-3.	0.000012527868243556614
-2.99	0.00011984483026382148
-2.98	0.2901169544622295
-2.97	0.3311400617157119
-2.96	0.33873446088109954
-2.95	0.2910965832853756
-2.94	0.3638654933565694
-2.93	0.6112249682222624
-2.92	0.6833712298440444
-2.91	0.7389977363170965
-2.9	0.7571409778948921
-2.89	0.71713010900972
-2.88	0.6766267204407214
-2.87	0.7335755978911741
-2.86	0.8887504311294465
-2.85	1.0041631939892715
-2.84	1.113441748753676
-2.83	1.2230360321012286
-2.82	1.408185632058632
-2.81	1.1992785441738159
-2.8	1.0444013297404058
-2.79	1.0682420371788535
-2.78	0.9976814317268513
-2.77	0.7917575871639924
-2.76	1.251235518614152
-2.75	1.5227191770515276
-2.74	1.5713089716354862
-2.73	1.4984463645865735
-2.7199999999999998	1.740549040277067
-2.71	1.769021563366322
-2.7	1.7031381646238615
-2.69	1.6435671256192972
-2.68	1.6410341254950847
-2.67	1.2932218246488374
-2.66	1.271697316118617
-2.65	1.106796695127917
-2.64	1.5216025281046148
-2.63	1.6016202048342025
-2.62	1.9923692658041958
-2.61	1.8609803008923549
-2.6	2.2343501263801873
-2.59	1.9333758390113445
-2.58	2.2476284773826
-2.57	2.0458063653235175
-2.56	2.2543843877106857
-2.55	1.8967530656773028
-2.54	2.0543925515464894
-2.53	2.0245134679451757
-2.52	1.5704247810720615
-2.51	1.5656217599381799
-2.5	1.2430819412983656
-2.49	1.8521851314493292
-2.48	1.9241892887695946
-2.4699999999999998	2.2305673249867164
-2.46	2.232683881077598
-2.45	2.296159512156181
-2.44	2.633557623179139
-2.4299999999999997	2.2303580350059016
-2.42	2.9799071938992756
-2.41	2.4622009600480617
-2.4	2.54155881968477
-2.39	2.303619704385408
-2.38	2.1868604389505863
-2.37	2.5070971688033876
-2.36	1.9139476852489146
-2.35	2.0390693553603656
-2.34	2.0757987037134407
-2.33	1.4288722789322927
-2.32	1.7961178452714852
-2.31	2.109551620159583
-2.3	2.3076074386014636
-2.29	2.5162635168824674
-2.2800000000000002	2.5887867004655396
-2.27	2.5217091806225933
-2.26	2.7437247465824997
-2.25	2.5955889582053358
-2.24	2.764313401553445
-2.23	2.7510842584004633
-2.2199999999999998	2.472790921900394
-2.21	2.580334207472177
-2.2	2.386622132935136
-2.19	2.3644141844086843
-2.1799999999999997	2.203695698440219
-2.17	1.9600146596371502
-2.16	1.9532929200781464
-2.15	1.4934442034336524
-2.14	1.430929812217283
-2.13	1.3613041150760563
-2.12	1.7336443231321685
-2.11	2.0802864261588647
-2.1	2.0376813440438153
-2.09	2.2937578098525253
-2.08	2.1750218189364228
-2.07	2.1325075125622104
-2.06	2.5250002158182383
-2.05	2.084252588390567
-2.04	2.280282434155755
-2.0300000000000002	2.208752602599482
-2.02	2.0413705682926357
-2.01	2.2114786939665754
-2.	1.8067705050746687
-1.99	1.880111574435703
-1.98	1.760699166786342
-1.97	1.6639497020530112
-1.96	1.4554028945203679
-1.95	1.1923734283373773
-1.94	0.9288743820380095
-1.93	1.2795059245531126
-1.92	0.7306492615711475
-1.91	0.9956284088560561
-1.9	1.3875932259210264
-1.89	1.606566844381478
-1.88	1.7669263577446472
-1.8699999999999999	1.8730093021305105
-1.8599999999999999	1.9534445207255955
-1.8499999999999999	2.221989423668823
-1.84	2.0480510401324636
-1.83	2.350085841962041
-1.82	2.2904124572376467
-1.81	2.2375972655653324
-1.8	2.123394108540499
-1.79	2.176249432734679
-1.78	1.9910175709370488
-1.77	2.2211112215205335
-1.76	2.0872781833911085
-1.75	1.8992041299735483
-1.74	1.9395715969676222
-1.73	1.8444358861469088
-1.72	1.173808489011189
-1.71	1.5380185231306174
-1.7	1.13724097595216
-1.69	1.3504551235760367
-1.68	1.7614384168205353
-1.67	2.2501577552911685
-1.66	2.266160488975436
-1.65	2.5004524798093497
-1.64	2.9782926706359825
-1.63	2.6918445251848624
-1.6199999999999999	2.83288246035346
-1.6099999999999999	3.211903256823795
-1.5999999999999999	2.905208733770718
-1.59	3.2439848496044474
-1.58	3.145582450240891
-1.57	2.8666241157393406
-1.56	2.875939207389698
-1.55	2.9429432073382342
-1.54	2.9359917996318763
-1.53	2.862726740532902
-1.52	3.0189266876063092
-1.51	2.59731947751404
-1.5	2.3013915402530722
-1.49	2.1140898742197014
-1.48	1.6611218562329098
-1.47	1.2475365205410345
-1.46	1.6549574720108309
-1.45	1.9973657646768959
-1.44	2.223421920071818
-1.43	2.623797427312029
-1.42	2.6981853772224946
-1.41	2.932132079245289
-1.4	3.0715570832183983
-1.39	3.0971193462548605
-1.38	3.2551495510639055
-1.3699999999999999	3.3297278999385282
-1.3599999999999999	3.3861193755436307
-1.3499999999999999	3.5460981223114856
-1.3399999999999999	3.017038457493402
-1.33	3.0935819511706275
-1.32	3.1003245713907543
-1.31	2.9278353728294086
-1.3	3.0056862103450745
-1.29	2.958447476504749
-1.28	2.6935832295170283
-1.27	2.4833048010613195
-1.26	2.328261807848396
-1.25	1.3781434143546976
-1.24	3.0223374028061203
-1.23	1.6766711949678539
-1.22	1.211197408726758
-1.21	1.105719374387849
-1.2	1.0682534247892035
-1.19	1.1934186218742402
-1.18	1.218610843885874
-1.17	1.4998920208000301
-1.16	1.2899987967300217
-1.15	1.590458161461809
-1.14	1.609236375982129
-1.13	1.4023486426344733
-1.1199999999999999	1.8498177903814417
-1.1099999999999999	1.6417237233995974
-1.0999999999999999	1.2571244875342904
-1.0899999999999999	1.2575431079187978
-1.08	1.123139485980435
-1.07	1.0145038714744543
-1.06	0.9158367004660022
-1.05	0.9316101495885272
-1.04	0.9913566720180516
-1.03	1.2084839661122997
-1.02	1.5161173511164638
-1.01	2.8048259171429692
-1.	4.542279316108514
-0.9899999999999998	7.3490387168432045
-0.98	7.0367895911390095
-0.9699999999999998	4.832406992239996
-0.96	4.640832489132087
-0.9500000000000002	6.231705171760872
-0.94	8.161552274064857
-0.9300000000000002	4.8444027088050055
-0.9199999999999999	3.6604321069795995
-0.9100000000000001	3.0896623681172697
-0.8999999999999999	3.0114915735994074
-0.8900000000000001	3.5107718633931126
-0.8799999999999999	5.057711998762627
-0.8700000000000001	8.152892603686917
-0.8599999999999999	5.985027711499291
-0.8500000000000001	4.613126417037845
-0.8399999999999999	4.040441698819036
-0.8300000000000001	3.870403618805149
-0.8199999999999998	3.812083188444901
-0.81	4.042210452804147
-0.7999999999999998	4.946656981632701
-0.79	5.642250964161376
-0.7799999999999998	7.180253956014975
-0.77	7.759469282035642
-0.7599999999999998	7.42763305474928
-0.75	5.115011228741723
-0.7399999999999998	3.647991205018803
-0.73	2.9323777825198123
-0.7199999999999998	2.326200039356503
-0.71	1.833788550265367
-0.6999999999999997	1.6857398512125519
-0.69	1.4262512749563194
-0.6800000000000002	1.405253931719924
-0.6699999999999999	1.5687691317438914
-0.6600000000000001	1.8604350108495629
-0.6499999999999999	3.4323886117964784
-0.6400000000000001	3.348788270386799
-0.6299999999999999	2.329252915612651
-0.6200000000000001	1.9798927116960587
-0.6099999999999999	1.5095154349930018
-0.6000000000000001	1.4610241790278051
-0.5899999999999999	1.2805501537078077
-0.5800000000000001	1.1915303635113983
-0.5699999999999998	1.229198783781987
-0.56	1.333369167425933
-0.5499999999999998	1.6733524088620093
-0.54	2.199895195571875
-0.5299999999999998	3.312495579778182
-0.52	3.815529625749507
-0.5099999999999998	3.1520484122949664
-0.5	3.3847436768180525
-0.48999999999999977	2.5293492582840007
-0.48	1.6078792617010398
-0.46999999999999975	1.5396087292723653
-0.45999999999999996	1.0247181978734512
-0.44999999999999973	0.9290269195229434
-0.43999999999999995	0.8579166074299244
-0.43000000000000016	0.8296853663298318
-0.41999999999999993	0.8295980990135418
-0.41000000000000014	0.7745177690324739
-0.3999999999999999	0.7751958575230129
-0.3900000000000001	0.7256227963663682
-0.3799999999999999	0.7532755767483524
-0.3700000000000001	0.7552267211606943
-0.3599999999999999	0.7493609079393465
-0.3500000000000001	0.753320946029219
-0.33999999999999986	1.008546740164619
-0.33000000000000007	1.639285928434439
-0.31999999999999984	1.9412432755853997
-0.31000000000000005	1.7818139313258912
-0.2999999999999998	1.8049023035804816
-0.29000000000000004	1.6020111475995182
-0.2799999999999998	1.3708612274012433
-0.27	0.9413395257685881
-0.2599999999999998	0.7454215060474753
-0.25	0.6125287557101926
-0.23999999999999977	0.5770910442898407
-0.22999999999999998	0.4396705857840152
-0.21999999999999975	0.48985098812230476
-0.20999999999999996	0.35964945663285464
-0.19999999999999973	0.4139459737759343
-0.18999999999999995	0.48258531830589135
-0.18000000000000016	0.30861440257936634
-0.16999999999999993	0.3889277964184521
-0.16000000000000014	0.43858780471184217
-0.1499999999999999	0.32812964831489705
-0.14000000000000012	0.29222678570756855
-0.1299999999999999	0.6357017511663026
-0.1200000000000001	0.9831368014056873
-0.10999999999999988	0.26896955142906787
-0.10000000000000009	0.9840046415613765
-0.08999999999999986	0.8920020532563973
-0.08000000000000007	0.5598952001278457
-0.06999999999999984	0.008035369461810092
-0.06000000000000005	0.000027931869005593112
-0.04999999999999982	9.472689866623755e-6
-0.040000000000000036	5.573245255613501e-6
-0.029999999999999805	4.115283869074086e-6
-0.020000000000000018	3.4441150971864284e-6
-0.009999999999999787	3.1322967455091905e-6
0.	3.0399953600235376e-6
0.010000000000000231	3.1322967455109184e-6
0.020000000000000018	3.4441150971864284e-6
0.03000000000000025	4.1152838690740265e-6
0.040000000000000036	5.573245255613501e-6
0.050000000000000266	9.472689866630596e-6
0.06000000000000005	0.000027931869005593112
0.07000000000000028	0.008035369461801334
0.08000000000000007	0.691388434479671
0.08999999999999986	0.8881191624379753
0.10000000000000009	0.6422403048200009
0.10999999999999988	0.5666662082563777
0.1200000000000001	0.9963423130907579
0.1299999999999999	0.18295830108646238
0.14000000000000012	0.6230193025987256
0.1499999999999999	0.554059361534405
0.16000000000000014	0.4931071503231565
0.16999999999999993	0.45797812739035454
0.18000000000000016	0.43792894388332987
0.18999999999999995	0.4632793271125586
0.20000000000000018	0.41775344815393134
0.20999999999999996	0.5001507626236005
0.2200000000000002	0.41734880495219395
0.22999999999999998	0.5260130998365267
0.2400000000000002	0.6165670299324071
0.25	0.37677677924694786
0.26000000000000023	0.46825351005972776
0.27	0.4928997391902734
0.28000000000000025	0.7279627926702834
0.29000000000000004	1.4406150492578436
0.30000000000000027	1.2093896820837413
0.31000000000000005	1.1492185593462225
0.3200000000000003	1.2523042547482073
0.33000000000000007	1.0827082402058152
0.33999999999999986	0.8770660379423757
0.3500000000000001	0.9394982998766852
0.3599999999999999	0.9707711100347535
0.3700000000000001	0.8108150391513416
0.3799999999999999	1.6466191541614754
0.3900000000000001	1.1505286560400667
0.3999999999999999	1.1394311919000666
0.41000000000000014	1.385109565671662
0.41999999999999993	1.286440310693816
0.43000000000000016	0.8581153550637362
0.43999999999999995	1.244552814574337
0.4500000000000002	1.1654145412827792
0.45999999999999996	0.5978513353409938
0.4700000000000002	0.6821170078557127
0.48	0.742192896799542
0.4900000000000002	1.526619664263251
0.5	2.078512759328449
0.5100000000000002	1.0766876154518605
0.52	1.33783953323877
0.5300000000000002	2.289375969150239
0.54	1.3060509707419699
0.5500000000000003	0.9734283256813175
0.56	0.8590323461998043
0.5700000000000003	1.070989446657054
0.5800000000000001	0.8705940497057818
0.5899999999999999	0.8260668676104981
0.6000000000000001	1.0207283217336978
0.6099999999999999	0.7796050582597299
0.6200000000000001	0.8339969055051294
0.6299999999999999	0.7629848800091026
0.6400000000000001	0.9732362240701439
0.6499999999999999	1.5808674100335187
0.6600000000000001	0.9558748483316815
0.6699999999999999	0.8136612265061247
0.6800000000000002	0.9624374731696455
0.69	0.8368272067110135
0.7000000000000002	0.9514023641301694
0.71	1.0317800653643734
0.7200000000000002	0.7791682829043484
0.73	0.8568289366552707
0.7400000000000002	0.9915108658195156
0.75	2.8226378158165852
0.7600000000000002	5.973008206675137
0.77	6.353829391231095
0.7800000000000002	6.023967403941648
0.79	3.8336807694466364
0.8000000000000003	2.873621163731329
0.81	2.0373487112936046
0.8200000000000003	1.3438242979521415
0.8300000000000001	1.1603312345377694
0.8399999999999999	1.6213188165516985
0.8500000000000001	1.6429287528551217
0.8599999999999999	2.2693687392863993
0.8700000000000001	6.085917991654295
0.8799999999999999	2.5989950715619434
0.8900000000000001	1.9469627103449327
0.8999999999999999	1.7607413704425872
0.9100000000000001	1.1797968187959182
0.9199999999999999	1.3890141865685848
0.9300000000000002	2.165599762541144
0.94	4.257574396665279
0.9500000000000002	3.6560424437255334
0.96	2.73315922101821
0.9700000000000002	1.9726108410959409
0.98	3.6309499852214095
0.9900000000000002	6.881947035688899
1.	4.533588062180626
1.0099999999999998	2.921005679792765
1.0200000000000005	2.1712358741251205
1.0300000000000002	1.509252637735253
1.04	1.254318463352168
1.0499999999999998	1.0997109057651304
1.0600000000000005	0.9097022931298676
1.0700000000000003	0.9289299747036318
1.08	0.886355455585595
1.0899999999999999	0.9943822791897156
1.0999999999999996	1.0088139585305704
1.1100000000000003	1.0421641679724465
1.12	1.1798958418619767
1.13	0.8815412896403059
1.1399999999999997	0.879069963632994
1.1500000000000004	0.9056335986311417
1.1600000000000001	0.8888324124782832
1.17	0.9047303211587401
1.1799999999999997	0.9412070870695345
1.1900000000000004	0.9683198813473431
1.2000000000000002	0.9444727786706578
1.21	1.1385635299556407
1.2199999999999998	1.427004790085
1.2300000000000004	2.3904219362245156
1.2400000000000002	5.646663973820008
1.25	2.4652163093445885
1.2599999999999998	1.6692521621485394
1.2700000000000005	1.531808558871588
1.2800000000000002	1.8883820111945844
1.29	1.8877743847933932
1.2999999999999998	2.040709935614801
1.3100000000000005	2.2151597512504004
1.3200000000000003	2.190951401264555
1.33	2.324463881025337
1.3399999999999999	2.3950108282802374
1.3500000000000005	2.3137933060903033
1.3600000000000003	2.41622259363349
1.37	2.1311107510445138
1.38	2.0404943003817437
1.3899999999999997	2.0074178255387114
1.4000000000000004	2.0559533975645468
1.4100000000000001	1.9252226556935153
1.42	1.8944766639867139
1.4299999999999997	1.7485836184979813
1.4400000000000004	1.554823934074774
1.4500000000000002	1.2188159275673522
1.46	1.0372704725329873
1.4699999999999998	1.0709635699695281
1.4800000000000004	3.2461624947411054
1.4900000000000002	1.6894543653494383
1.5	1.4878259118366874
1.5099999999999998	1.6060577517583443
1.5200000000000005	1.8503634876192345
1.5300000000000002	1.9628824415154968
1.54	2.048299236889293
1.5499999999999998	2.0851860392050203
1.5600000000000005	2.240276121035399
1.5700000000000003	2.1564448526175055
1.58	2.2035870973784193
1.5899999999999999	2.2976557933222974
1.6000000000000005	2.176063447852106
1.6100000000000003	2.01228386893594
1.62	2.068576372298029
1.63	1.9415221358372545
1.6399999999999997	1.8980122746537231
1.6500000000000004	1.9117803657542272
1.6600000000000001	1.7023098624098334
1.67	1.4024738982490559
1.6799999999999997	1.3177262662457054
1.6900000000000004	0.9256388128652938
1.7000000000000002	0.8960369737873911
1.71	2.6408754927078943
1.7199999999999998	1.5361181832295865
1.7300000000000004	1.2521933579593247
1.7400000000000002	1.3851833823884931
1.75	1.3434289024537964
1.7599999999999998	1.363184150456879
1.7700000000000005	1.5361517304868775
1.7800000000000002	1.563285642632353
1.79	1.5068671735079306
1.7999999999999998	1.6767675644418019
1.8100000000000005	1.6481737908370382
1.8200000000000003	1.6238419483136008
1.83	1.607379031366619
1.8399999999999999	1.542054576189485
1.8500000000000005	1.4343574232641756
1.8600000000000003	1.4781328438030674
1.87	1.3378523268327098
1.88	1.2555612602894402
1.8899999999999997	1.2033363094990184
1.9000000000000004	0.8875430090701532
1.9100000000000001	0.6940906055492646
1.92	0.7331693862041044
1.9299999999999997	2.9329372066019492
1.9400000000000004	1.3573252314545683
1.9500000000000002	1.0117484507010088
1.96	1.088914815416875
1.9699999999999998	1.182907453092594
1.9800000000000004	1.2151278220875015
1.9900000000000002	1.288816817752882
2.	1.4394622026001131
2.01	1.4562500122028204
2.0200000000000005	1.6143793134775524
2.0300000000000002	1.590592624826442
2.04	1.6108358097285265
2.05	1.6381089139932659
2.0600000000000005	1.658080162279525
2.0700000000000003	1.6547428793668515
2.08	1.6743846715071296
2.09	1.5288712676905265
2.1000000000000005	1.5736113293914131
2.1100000000000003	1.34976225523701
2.12	1.0845392052123306
2.13	0.8468000532623245
2.1399999999999997	1.3936430561059099
2.1500000000000004	1.149425598715422
2.16	1.2749702198415358
2.17	1.3893515136613857
2.1799999999999997	1.4683290777686806
2.1900000000000004	1.6663530644600253
2.2	1.6862550807911192
2.21	1.8046707160981241
2.2199999999999998	1.8463870464918377
2.2300000000000004	1.9206972082210731
2.24	1.88288608648118
2.25	1.839976206981769
2.26	1.8217699730871084
2.2700000000000005	1.8814835675442942
2.2800000000000002	1.8295628394184762
2.29	1.700083791354804
2.3	1.6939122395959028
2.3100000000000005	1.345176529148896
2.3200000000000003	0.9794970174190103
2.33	1.2515081163308046
2.34	1.176349018979699
2.3500000000000005	1.238272307416883
2.3600000000000003	1.3464078927630172
2.37	1.5004368658413754
2.38	1.5784889278465053
2.3899999999999997	1.6398968220518912
2.4000000000000004	1.7251888075989004
2.41	1.707670011857963
2.42	1.6197992053763077
2.4299999999999997	1.632552278054376
2.4400000000000004	1.5609243101385746
2.45	1.6084338595897845
2.46	1.5370690497434174
2.4699999999999998	1.41048674499611
2.4800000000000004	1.2928645637770473
2.49	0.828373144507046
2.5	1.1079278155501486
2.51	1.076377570871678
2.5200000000000005	1.0494613670192552
2.5300000000000002	1.1362104430438948
2.54	1.1568464795622162
2.55	1.2239189090870404
2.5600000000000005	1.282832351777816
2.5700000000000003	1.3154134433608151
2.58	1.2634980995670193
2.59	1.2002415614147444
2.6000000000000005	1.202477220124755
2.6100000000000003	1.1720979354015768
2.62	1.1095235643229582
2.63	1.0030193593811718
2.6399999999999997	0.6908742538162498
2.6500000000000004	1.0503032101455556
2.66	0.8808426750139916
2.67	0.8374657025542473
2.6799999999999997	0.8367600938487936
2.6900000000000004	0.858841680069824
2.7	0.9106350433030094
2.71	0.9561099554604445
2.7199999999999998	0.8356336711599417
2.7300000000000004	0.8110201785828608
2.74	0.7655375601406063
2.75	0.7411477475896552
2.76	0.6410750283900442
2.7700000000000005	0.9093474057448345
2.7800000000000002	0.8627951619732491
2.79	0.7700326881848046
2.8	0.6968857501102879
2.8100000000000005	0.7162524018834248
2.8200000000000003	0.6463097241334057
2.83	0.6018284095459766
2.84	0.5327980100911859
2.8500000000000005	0.5229091436648369
2.8600000000000003	0.4767193148436482
2.87	1.1557016000453624
2.88	0.7498192046664218
2.8899999999999997	0.6684083432432187
2.9000000000000004	0.5788383046864296
2.91	0.579390557337773
2.92	0.5406848812028342
2.9299999999999997	0.5338464984724135
2.9400000000000004	0.6995552800853014
2.95	0.5270237206638486
2.96	0.46408740323732944
2.9699999999999998	0.4443982379332288
2.9800000000000004	0.43273404732731546
2.99	0.00011984483026382148
3.	0.000012527868243556614