-3.	0.000012527868243556614
-2.99	0.00011984483026382148
-2.98	0.2779619145281528
-2.97	0.31062172730640897
-2.96	0.32449603249688025
-2.95	0.273231030917627
-2.94	0.3440373268861086
-2.93	0.5825014466253242
-2.92	0.6721707388791849
-2.91	0.7351688302022711
-2.9	0.7580056786180299
-2.89	0.710994769404535
-2.88	0.6262666770677778
-2.87	0.7301095883965645
-2.86	0.9346636594002056
-2.85	1.009485331862973
-2.84	1.075913848879193
-2.83	1.2226964277458074
-2.82	1.431841435063845
-2.81	1.1916854122386935
-2.8	0.9991434762275846
-2.79	1.0802531830229205
-2.78	0.9878872075947619
-2.77	0.7133223841120978
-2.76	1.29143355898743
-2.75	1.4869253387758725
-2.74	1.616227187505116
-2.73	1.4849677387741467
-2.7199999999999998	1.7335459421707087
-2.71	1.7606793763774304
-2.7	1.6601366887712075
-2.69	1.58908098267703
-2.68	1.5808381081241631
-2.67	1.3140286641242924
-2.66	1.238823533157117
-2.65	1.0850003045908898
-2.64	1.470186589702056
-2.63	1.5836822110421493
-2.62	1.9268018431641287
-2.61	1.840491736388723
-2.6	2.155365422931459
-2.59	1.8989027324576448
-2.58	2.2141096999673064
-2.57	2.0371036762509798
-2.56	2.255692646190203
-2.55	1.891991817461793
-2.54	2.1245229874656193
-2.53	1.9684145751513178
-2.52	1.5890133971434757
-2.51	1.516993727399938
-2.5	1.263262891326622
-2.49	1.8227567479725726
-2.48	1.9391062642182377
-2.4699999999999998	2.2442503839980144
-2.46	2.1843323851684247
-2.45	2.2742924703638354
-2.44	2.5869796600220267
-2.4299999999999997	2.214015310402125
-2.42	2.9994153377969925
-2.41	2.422380504203394
-2.4	2.559701742448733
-2.39	2.277524951938007
-2.38	2.154799121096257
-2.37	2.5329126610993846
-2.36	1.8578379855753804
-2.35	2.034417464957129
-2.34	1.9851097850178538
-2.33	1.4336841165354612
-2.32	1.8033663953585057
-2.31	2.04893745602293
-2.3	2.269119082019279
-2.29	2.51263796943645
-2.2800000000000002	2.5373959196902915
-2.27	2.520810922695617
-2.26	2.673948993814057
-2.25	2.5634932478386214
-2.24	2.8239562302096735
-2.23	2.718097825144806
-2.2199999999999998	2.4589648240414053
-2.21	2.6567923210991595
-2.2	2.3541441961298886
-2.19	2.3885487197295214
-2.1799999999999997	2.2160595678282573
-2.17	1.8965204971081562
-2.16	1.9153251647480316
-2.15	1.466001885122327
-2.14	1.4038126113308491
-2.13	1.3598285376788826
-2.12	1.7600108084225499
-2.11	2.0471282631187693
-2.1	2.071856291680498
-2.09	2.289602366019856
-2.08	2.2021187806139064
-2.07	2.173701106845425
-2.06	2.4899185338313874
-2.05	2.094222157850231
-2.04	2.2908630345354757
-2.0300000000000002	2.2315944140025947
-2.02	2.050096025268184
-2.01	2.207914367513563
-2.	1.8329311008793656
-1.99	1.900023020788763
-1.98	1.817863419883453
-1.97	1.7071075551190977
-1.96	1.4537323520910739
-1.95	1.3074952214147935
-1.94	0.9079872564589605
-1.93	1.2804744591538697
-1.92	0.7470747463101495
-1.91	0.9877500023753099
-1.9	1.3962855109593464
-1.89	1.644813065664724
-1.88	1.7794351244473028
-1.8699999999999999	1.864643138444823
-1.8599999999999999	2.0222804045912546
-1.8499999999999999	2.1616966140427376
-1.84	2.022080277894124
-1.83	2.382999999173343
-1.82	2.2602021705821884
-1.81	2.237815278184212
-1.8	2.1616105700385537
-1.79	2.1188814423930715
-1.78	1.9709215625882097
-1.77	2.2868618796403406
-1.76	2.0202101842306193
-1.75	1.8371373018633392
-1.74	1.9452679985081895
-1.73	1.8217954004032695
-1.72	1.1589110564342842
-1.71	1.7229765238334158
-1.7	1.0444268507193506
-1.69	1.2777858580578938
-1.68	1.759677519985687
-1.67	2.1627853200388536
-1.66	2.1511592787388243
-1.65	2.5135228686823265
-1.64	2.9153894165923666
-1.63	2.6441944040686414
-1.6199999999999999	2.8261393329133813
-1.6099999999999999	3.153802150863422
-1.5999999999999999	2.8096289578953884
-1.59	3.230754783482347
-1.58	3.1387110601092143
-1.57	2.795846521347323
-1.56	2.8323786135593125
-1.55	2.8952371908704735
-1.54	2.8505256135034713
-1.53	2.8479938566596377
-1.52	3.0396431975831555
-1.51	2.485894305066447
-1.5	2.1948032577863446
-1.49	2.0865727365784235
-1.48	1.6326951032178836
-1.47	1.2572381975002334
-1.46	1.649732742157912
-1.45	1.9211377768619222
-1.44	2.1751407515950585
-1.43	2.5663808723389137
-1.42	2.671071275697249
-1.41	2.8656495571933545
-1.4	3.0762765457591823
-1.39	3.0382871785720242
-1.38	3.293278340196625
-1.3699999999999999	3.296811388180801
-1.3599999999999999	3.3536562116900503
-1.3499999999999999	3.517903241007135
-1.3399999999999999	3.039516657675024
-1.33	3.0322425634752577
-1.32	3.110814204460223
-1.31	2.8953225545343684
-1.3	2.9506162562772453
-1.29	2.9909228008077577
-1.28	2.6779487714919212
-1.27	2.5196354704534123
-1.26	2.3222401051894606
-1.25	1.3776893792639955
-1.24	3.0172848941940282
-1.23	1.5847710172434217
-1.22	1.2337744994498447
-1.21	1.0830771939011434
-1.2	1.031029017774681
-1.19	1.146722973907145
-1.18	1.126172926130313
-1.17	1.4719508798078738
-1.16	1.209975072848975
-1.15	1.517711858100496
-1.14	1.517147672183797
-1.13	1.3730926506961294
-1.1199999999999999	1.855910947004954
-1.1099999999999999	1.537239979815685
-1.0999999999999999	1.2239998080784589
-1.0899999999999999	1.2054936769277491
-1.08	1.152724343777985
-1.07	0.9962899027458414
-1.06	0.9261284736226205
-1.05	1.0034379554553903
-1.04	0.9701298907730238
-1.03	1.2148997915136885
-1.02	1.4754332560496433
-1.01	2.8120149234850667
-1.	4.638773122609298
-0.9899999999999998	7.252889215776699
-0.98	7.167434141820829
-0.9699999999999998	5.079226602409618
-0.96	4.8706102441528945
-0.9500000000000002	6.310888102671066
-0.94	8.037315051065955
-0.9300000000000002	5.138769306463973
-0.9199999999999999	3.8561774622554887
-0.9100000000000001	3.0976540307479956
-0.8999999999999999	3.0858025195336682
-0.8900000000000001	3.7164906761009404
-0.8799999999999999	4.958437602159038
-0.8700000000000001	8.226887832690682
-0.8599999999999999	5.92995535773046
-0.8500000000000001	4.7066608452599406
-0.8399999999999999	4.001998236547755
-0.8300000000000001	3.8618677527852605
-0.8199999999999998	3.843979512249406
-0.81	4.069161599802275
-0.7999999999999998	4.988451688119966
-0.79	5.781822179262476
-0.7799999999999998	7.202429714962223
-0.77	7.745522005801811
-0.7599999999999998	7.479796862888464
-0.75	5.058636296033333
-0.7399999999999998	3.866056629258251
-0.73	2.990283542847843
-0.7199999999999998	2.349928377832366
-0.71	1.8773925013148174
-0.6999999999999997	1.6009553948828363
-0.69	1.4066085578800867
-0.6800000000000002	1.5326162739835045
-0.6699999999999999	1.6546612190102337
-0.6600000000000001	1.947373701234286
-0.6499999999999999	3.3953182365701307
-0.6400000000000001	3.413220573570911
-0.6299999999999999	2.4901150429374797
-0.6200000000000001	1.9334973790665786
-0.6099999999999999	1.595220193068987
-0.6000000000000001	1.4900575887165108
-0.5899999999999999	1.3032145191262416
-0.5800000000000001	1.2261472451036093
-0.5699999999999998	1.3046616841792236
-0.56	1.3681663723959008
-0.5499999999999998	1.7080787846649976
-0.54	2.3220991033877887
-0.5299999999999998	3.39399326692067
-0.52	3.864948673198398
-0.5099999999999998	3.415370955352627
-0.5	3.381700198657777
-0.48999999999999977	2.6484582152509217
-0.48	1.7131359085592204
-0.46999999999999975	1.5494189202733797
-0.45999999999999996	0.9604970536427495
-0.44999999999999973	0.9645100209028755
-0.43999999999999995	0.8611871191458427
-0.43000000000000016	0.8322580625886172
-0.41999999999999993	0.7906796213393757
-0.41000000000000014	0.7389795847542469
-0.3999999999999999	0.7771594281886036
-0.3900000000000001	0.701490169514204
-0.3799999999999999	0.7940078795507808
-0.3700000000000001	0.7725637888583018
-0.3599999999999999	0.7267366287598886
-0.3500000000000001	0.7599925165655035
-0.33999999999999986	1.0716870466138175
-0.33000000000000007	1.6042719270042403
-0.31999999999999984	1.8954449246326794
-0.31000000000000005	1.7912838642776236
-0.2999999999999998	1.8488925338305024
-0.29000000000000004	1.628641319698561
-0.2799999999999998	1.385371997363791
-0.27	0.8802076385371429
-0.2599999999999998	0.7439693538069807
-0.25	0.6553356631933822
-0.23999999999999977	0.5329275531452361
-0.22999999999999998	0.4567528479140126
-0.21999999999999975	0.4949776543119657
-0.20999999999999996	0.37223300307467855
-0.19999999999999973	0.4406100832318306
-0.18999999999999995	0.4868101546161645
-0.18000000000000016	0.3089106197253794
-0.16999999999999993	0.3977703760240903
-0.16000000000000014	0.41935420293504627
-0.1499999999999999	0.3554046327688079
-0.14000000000000012	0.33423599188883063
-0.1299999999999999	0.5972848323368181
-0.1200000000000001	0.9900136831396781
-0.10999999999999988	0.3434553834394068
-0.10000000000000009	0.9355782269076988
-0.08999999999999986	0.9198008746929729
-0.08000000000000007	0.45742013932254655
-0.06999999999999984	0.008035369461810092
-0.06000000000000005	0.000027931869005593112
-0.04999999999999982	9.472689866623755e-6
-0.040000000000000036	5.573245255613501e-6
-0.029999999999999805	4.115283869074086e-6
-0.020000000000000018	3.4441150971864284e-6
-0.009999999999999787	3.1322967455091905e-6
0.	3.0399953600235376e-6
0.010000000000000231	3.1322967455109184e-6
0.020000000000000018	3.4441150971864284e-6
0.03000000000000025	4.1152838690740265e-6
0.040000000000000036	5.573245255613501e-6
0.050000000000000266	9.472689866630596e-6
0.06000000000000005	0.000027931869005593112
0.07000000000000028	0.008035369461801334
0.08000000000000007	0.7106439737974145
0.08999999999999986	0.8468699246832291
0.10000000000000009	0.666793712201382
0.10999999999999988	0.4553993986653734
0.1200000000000001	0.9984698120987084
0.1299999999999999	0.22412383990198964
0.14000000000000012	0.4345480924077215
0.1499999999999999	0.5317697823427877
0.16000000000000014	0.4389726471874094
0.16999999999999993	0.493118473184044
0.18000000000000016	0.382419061008304
0.18999999999999995	0.447021149821447
0.20000000000000018	0.43560995779149286
0.20999999999999996	0.4223992420353931
0.2200000000000002	0.43329105759655684
0.22999999999999998	0.5601630749427703
0.2400000000000002	0.7219051389008677
0.25	0.3801515805114442
0.26000000000000023	0.432719631710326
0.27	0.447335791636477
0.28000000000000025	0.7467883276876812
0.29000000000000004	1.4317037316086558
0.30000000000000027	1.2005925940438689
0.31000000000000005	1.1081672401806903
0.3200000000000003	1.2126090764812676
0.33000000000000007	1.1229426008700467
0.33999999999999986	0.8108191370611655
0.3500000000000001	0.9152669532560965
0.3599999999999999	0.943124709114883
0.3700000000000001	0.8022398895765894
0.3799999999999999	1.6070922795329246
0.3900000000000001	1.1483623930080817
0.3999999999999999	1.1348503705006419
0.41000000000000014	1.3945163223534158
0.41999999999999993	1.2417680560710709
0.43000000000000016	0.869929226196505
0.43999999999999995	1.2617192093799816
0.4500000000000002	1.1611313010976025
0.45999999999999996	0.5883805822278462
0.4700000000000002	0.6592978741140509
0.48	0.7117530185697426
0.4900000000000002	1.4770363100402157
0.5	1.9935559787145511
0.5100000000000002	0.949495030485536
0.52	1.3384749337638502
0.5300000000000002	2.3274837888258926
0.54	1.3824555448015008
0.5500000000000003	0.9562113776459091
0.56	0.8471369501220014
0.5700000000000003	1.0592098679798665
0.5800000000000001	0.8958427841267617
0.5899999999999999	0.8700156759686656
0.6000000000000001	0.9641807695221801
0.6099999999999999	0.7447835373569721
0.6200000000000001	0.7500976624226386
0.6299999999999999	0.8156510612564757
0.6400000000000001	0.99359239487434
0.6499999999999999	1.531559516845211
0.6600000000000001	1.033811669377114
0.6699999999999999	0.8947204632375392
0.6800000000000002	0.9627748373346262
0.69	0.8451000816145541
0.7000000000000002	0.9249511663231677
0.71	1.0277016992606134
0.7200000000000002	0.7716230485870946
0.73	0.8625522968786618
0.7400000000000002	0.9699852180559339
0.75	2.8670554397664763
0.7600000000000002	6.009825743710574
0.77	6.547097492679438
0.7800000000000002	5.959646731744109
0.79	3.5568790104941974
0.8000000000000003	2.8803119994205253
0.81	2.0990116381895594
0.8200000000000003	1.4695957969823845
0.8300000000000001	1.2084379140916917
0.8399999999999999	1.574619976788728
0.8500000000000001	1.5918712369545558
0.8599999999999999	2.176251162958185
0.8700000000000001	6.055975005653789
0.8799999999999999	2.5751514821922017
0.8900000000000001	1.7992935695073247
0.8999999999999999	1.5825172835800425
0.9100000000000001	1.2695849098768226
0.9199999999999999	1.4234892841497657
0.9300000000000002	2.1222744447234163
0.94	4.138623895827359
0.9500000000000002	3.707326311866413
0.96	2.956995606896624
0.9700000000000002	2.0979748711848942
0.98	3.6937107091955275
0.9900000000000002	6.747183683458262
1.	4.5311537874737535
1.0099999999999998	2.9266204328534995
1.0200000000000005	2.2657237611162655
1.0300000000000002	1.5596340740016508
1.04	1.407924802766709
1.0499999999999998	1.165266478072315
1.0600000000000005	0.9364381894793863
1.0700000000000003	0.8477990320214492
1.08	0.9126635276437746
1.0899999999999999	1.0614508819027217
1.0999999999999996	1.0011489445427904
1.1100000000000003	1.0662808152309553
1.12	1.1480700541373208
1.13	0.8572531168197625
1.1399999999999997	0.8997327643224537
1.1500000000000004	0.9053798790662895
1.1600000000000001	0.9374061002390701
1.17	0.8831215678408385
1.1799999999999997	0.8908861943400459
1.1900000000000004	0.9301073965237698
1.2000000000000002	1.04639094358085
1.21	1.1391553915426933
1.2199999999999998	1.599428931772949
1.2300000000000004	2.5676706295469787
1.2400000000000002	5.7514029753687375
1.25	2.534407134525324
1.2599999999999998	1.7787056352371942
1.2700000000000005	1.6211382511852335
1.2800000000000002	1.7653620320449528
1.29	1.9297067774347578
1.2999999999999998	2.0593990666633646
1.3100000000000005	2.2039305071455857
1.3200000000000003	2.1749494620380774
1.33	2.2850798316352736
1.3399999999999999	2.4131229918301815
1.3500000000000005	2.3765526276089193
1.3600000000000003	2.3790737091852074
1.37	2.1224670902415688
1.38	2.0817728839615794
1.3899999999999997	1.964393011291704
1.4000000000000004	2.1043936506105765
1.4100000000000001	1.9013323499430936
1.42	1.7949223536911574
1.4299999999999997	1.7682915651887074
1.4400000000000004	1.5013096881981947
1.4500000000000002	1.1451866634372152
1.46	1.0063991931908065
1.4699999999999998	1.0709592967364947
1.4800000000000004	3.2080335269624576
1.4900000000000002	1.692787560137785
1.5	1.4779251070784407
1.5099999999999998	1.6211448743375878
1.5200000000000005	1.8769227838688716
1.5300000000000002	1.9294974496766726
1.54	1.9795968065529428
1.5499999999999998	2.0926980401107276
1.5600000000000005	2.213268381920197
1.5700000000000003	2.114104961388316
1.58	2.2315643056756818
1.5899999999999999	2.316524965189047
1.6000000000000005	2.099375345226354
1.6100000000000003	2.0048302655896344
1.62	2.112782443514216
1.63	1.901072218067008
1.6399999999999997	1.8895164429911315
1.6500000000000004	1.9539316327535057
1.6600000000000001	1.6516865206676876
1.67	1.4446115203061838
1.6799999999999997	1.3892003787994798
1.6900000000000004	0.8858512209347784
1.7000000000000002	0.9237381337384839
1.71	2.5660081625768685
1.7199999999999998	1.4669607848949067
1.7300000000000004	1.2281031824351125
1.7400000000000002	1.3210152441170502
1.75	1.3206152363863906
1.7599999999999998	1.39566172249772
1.7700000000000005	1.608499236230939
1.7800000000000002	1.522384168642212
1.79	1.5048806634027696
1.7999999999999998	1.698347664017871
1.8100000000000005	1.5929681525783945
1.8200000000000003	1.589679359543229
1.83	1.6288406115233547
1.8399999999999999	1.496911305340607
1.8500000000000005	1.3688099632976878
1.8600000000000003	1.4608541813410494
1.87	1.3278357418393423
1.88	1.219308716390446
1.8899999999999997	1.206289646688261
1.9000000000000004	0.8674871119133403
1.9100000000000001	0.7206574462403317
1.92	0.736064130334541
1.9299999999999997	2.8337933009527636
1.9400000000000004	1.449880789798894
1.9500000000000002	1.0812370483623504
1.96	1.0558112855341324
1.9699999999999998	1.1494689085907188
1.9800000000000004	1.1596077565421958
1.9900000000000002	1.3312200257913696
2.	1.4518973645840476
2.01	1.3991774585979473
2.0200000000000005	1.5645279884639414
2.0300000000000002	1.5889544019289086
2.04	1.6332273338927201
2.05	1.6450448259278472
2.0600000000000005	1.6391466243052222
2.0700000000000003	1.6569684113205854
2.08	1.6689489812649676
2.09	1.5145457600265708
2.1000000000000005	1.5891363428178216
2.1100000000000003	1.3206341349034192
2.12	1.0858727767198493
2.13	0.85069793780746
2.1399999999999997	1.5810787732800613
2.1500000000000004	1.2268161030074212
2.16	1.307227721161871
2.17	1.3441527274121645
2.1799999999999997	1.5650412373498024
2.1900000000000004	1.6193083152429315
2.2	1.6583295471927146
2.21	1.8458072643866126
2.2199999999999998	1.8777608640564059
2.2300000000000004	1.8796160069914838
2.24	1.8846435518449522
2.25	1.7986810777117093
2.26	1.8258441452838872
2.2700000000000005	1.8868390567754596
2.2800000000000002	1.8143338675605096
2.29	1.7382532727060591
2.3	1.649092579284465
2.3100000000000005	1.354731501304162
2.3200000000000003	0.9673218953044443
2.33	1.3919583023152986
2.34	1.1279619122944684
2.3500000000000005	1.2982060667164264
2.3600000000000003	1.3492163537136124
2.37	1.4472239213807079
2.38	1.5284543381097624
2.3899999999999997	1.622831663612104
2.4000000000000004	1.6824159888773988
2.41	1.6752248145505908
2.42	1.6480807872356267
2.4299999999999997	1.6020935637943141
2.4400000000000004	1.6070146112676258
2.45	1.6011250492160902
2.46	1.521196220491304
2.4699999999999998	1.4515341284434307
2.4800000000000004	1.2818096740779263
2.49	0.9012814780221929
2.5	1.2707721456088226
2.51	1.043071169348008
2.5200000000000005	1.041174970949131
2.5300000000000002	1.0995867574468912
2.54	1.2529927335559496
2.55	1.2597676600748746
2.5600000000000005	1.3259713365292236
2.5700000000000003	1.2969777152114959
2.58	1.2437225723155452
2.59	1.2466234309485227
2.6000000000000005	1.2201900825539205
2.6100000000000003	1.1826815235806802
2.62	1.1332716810849046
2.63	1.0302980353969668
2.6399999999999997	0.7345020905332033
2.6500000000000004	1.0585970833347185
2.66	0.9253412132275307
2.67	0.8980851413916621
2.6799999999999997	0.8943750309147498
2.6900000000000004	0.9136836012626156
2.7	0.881108148434808
2.71	0.9172535638149627
2.7199999999999998	0.9048715882809029
2.7300000000000004	0.8329183074515203
2.74	0.7765374169024176
2.75	0.7464375252992431
2.76	0.6373171254682468
2.7700000000000005	0.8475218262225921
2.7800000000000002	0.8679820590681295
2.79	0.7706416125111666
2.8	0.6853795136522165
2.8100000000000005	0.6958253465649936
2.8200000000000003	0.6744667530335987
2.83	0.6283372536085244
2.84	0.6266800715604856
2.8500000000000005	0.522819338996906
2.8600000000000003	0.5263901680591926
2.87	1.1204403358073514
2.88	0.7375000638873808
2.8899999999999997	0.6887386381554024
2.9000000000000004	0.6368597566502211
2.91	0.5608964915964197
2.92	0.5382943189694209
2.9299999999999997	0.5164599472923523
2.9400000000000004	0.6873947574834691
2.95	0.5460069255078992
2.96	0.4641665803032339
2.9699999999999998	0.4666666013711755
2.9800000000000004	0.4413847557473036
2.99	0.00011984483026382148
3.	0.000012527868243556614