-3.	0.000012527868243556614
-2.99	0.00011981770765250313
-2.98	0.30078626876502884
-2.97	0.28312260444651793
-2.96	0.33045117706318033
-2.95	0.28497208883415437
-2.94	0.36365738608063713
-2.93	0.6468900169460842
-2.92	0.6685294538897586
-2.91	0.7414018902725154
-2.9	0.73927640962026
-2.89	0.7028824459862774
-2.88	0.6794297679363323
-2.87	0.8705394238842056
-2.86	0.8596167106944765
-2.85	1.0145945301133938
-2.84	1.1479244193437244
-2.83	1.198101079758883
-2.82	1.4117818424939856
-2.81	1.2124285049020151
-2.8	1.059096588967944
-2.79	1.0182768362007844
-2.78	0.9750878563668172
-2.77	0.7452918730804865
-2.76	1.304689896307951
-2.75	1.5879558529274724
-2.74	1.5438717804596793
-2.73	1.546346116125112
-2.7199999999999998	1.7531535194622232
-2.71	1.799864676586629
-2.7	1.7231055612107533
-2.69	1.650638933819485
-2.68	1.6422150833174862
-2.67	1.361663113245886
-2.66	1.3801494261426008
-2.65	1.072002999930321
-2.64	1.5749475251873593
-2.63	1.639667517317374
-2.62	2.048675305023771
-2.61	1.9092558640193915
-2.6	2.262854186846357
-2.59	1.994413310021521
-2.58	2.2620609850351014
-2.57	2.103489415701073
-2.56	2.2333269071911293
-2.55	1.9314391172638656
-2.54	2.010045037592872
-2.53	2.1013964162273973
-2.52	1.5440790584861093
-2.51	1.5504788891655772
-2.5	1.2355601393755642
-2.49	1.8616918017659616
-2.48	2.010875379008486
-2.4699999999999998	2.170228329642831
-2.46	2.3095467312288753
-2.45	2.2909304490765368
-2.44	2.6530179884336413
-2.4299999999999997	2.2751676765911544
-2.42	2.930656240065199
-2.41	2.5219540800650107
-2.4	2.5232628080565065
-2.39	2.363245010491269
-2.38	2.2236750570682853
-2.37	2.4274059787017856
-2.36	1.9765946874163867
-2.35	2.06873643199823
-2.34	2.0262221724705007
-2.33	1.475887560214023
-2.32	1.6788051345118027
-2.31	2.21943106562744
-2.3	2.3494967273497105
-2.29	2.378484978524139
-2.2800000000000002	2.683496365106282
-2.27	2.537395551265874
-2.26	2.730137284759842
-2.25	2.616767098548221
-2.24	2.743963537068027
-2.23	2.823113961817862
-2.2199999999999998	2.5179524382751635
-2.21	2.5306946723867014
-2.2	2.431503198864119
-2.19	2.367144300321916
-2.1799999999999997	2.046815523407083
-2.17	2.0143780686271864
-2.16	1.904969253891739
-2.15	1.4168675392056753
-2.14	1.3990627270736418
-2.13	1.3754565001265968
-2.12	1.696615900739234
-2.11	2.131626363071938
-2.1	2.0132973454989207
-2.09	2.3646269570478498
-2.08	2.219415491957424
-2.07	2.0659229408011424
-2.06	2.5217609500976232
-2.05	2.12394085259099
-2.04	2.2397702365706724
-2.0300000000000002	2.2198010373680654
-2.02	2.0563532183296194
-2.01	2.1749899630636964
-2.	1.8218088734588551
-1.99	1.8903809993748864
-1.98	1.7187993791707383
-1.97	1.7222855567144717
-1.96	1.4371824613658852
-1.95	1.206125980604785
-1.94	0.940633473615226
-1.93	1.2730253425548241
-1.92	0.7610811838238176
-1.91	1.0385264172351907
-1.9	1.3930605045476392
-1.89	1.5594504694856983
-1.88	1.855715287234451
-1.8699999999999999	1.9182857988704327
-1.8599999999999999	1.906238745274688
-1.8499999999999999	2.2650046226469134
-1.84	2.0753776636899777
-1.83	2.2593475987639358
-1.82	2.3842491339656036
-1.81	2.3082385664686016
-1.8	2.0729865767140137
-1.79	2.27869548849298
-1.78	2.0634460841794984
-1.77	2.1287829376936993
-1.76	2.167249552456215
-1.75	1.9936609335778395
-1.74	1.818049539351592
-1.73	1.952943387498456
-1.72	1.2313772123791995
-1.71	1.744153010831248
-1.7	1.1536984602960145
-1.69	1.4755190624718275
-1.68	1.7368161699122262
-1.67	2.3001843358059295
-1.66	2.3319405795738244
-1.65	2.512503458161171
-1.64	3.036375500253382
-1.63	2.8209561560363543
-1.6199999999999999	2.8239813179860085
-1.6099999999999999	3.2260938434737665
-1.5999999999999999	3.008022323987232
-1.59	3.2745827142297874
-1.58	3.187968864482385
-1.57	2.9898074254210707
-1.56	2.923092025101176
-1.55	2.911235808940107
-1.54	3.0440364090742738
-1.53	2.87564098351826
-1.52	3.006107699576248
-1.51	2.614191067216291
-1.5	2.291395352763753
-1.49	2.0757217771370717
-1.48	1.635341520289348
-1.47	1.339109701420545
-1.46	1.684802015269468
-1.45	2.093781888811943
-1.44	2.289462181468238
-1.43	2.6317096116911216
-1.42	2.8483951872497038
-1.41	3.020527743764761
-1.4	3.13766199015459
-1.39	3.2057072947799625
-1.38	3.3363358618237546
-1.3699999999999999	3.390501371894398
-1.3599999999999999	3.476765134439796
-1.3499999999999999	3.5622734282714763
-1.3399999999999999	3.148182984513882
-1.33	3.139168394508315
-1.32	3.1697370621265972
-1.31	3.0238823719747105
-1.3	3.0883612280030595
-1.29	2.997992170155713
-1.28	2.7598583963176715
-1.27	2.503645667120136
-1.26	2.4026163730751326
-1.25	1.4762773401660443
-1.24	2.8398774382572713
-1.23	1.5188944293559807
-1.22	1.110837021372978
-1.21	1.1751125264183246
-1.2	1.1479543175185187
-1.19	1.199787713780419
-1.18	1.25463586882935
-1.17	1.5452773742295296
-1.16	1.3286628956925541
-1.15	1.6143567768587441
-1.14	1.6527373554905194
-1.13	1.4955021983638703
-1.1199999999999999	2.06737195316776
-1.1099999999999999	1.6996599978258908
-1.0999999999999999	1.3311646360456322
-1.0899999999999999	1.2824085462269645
-1.08	1.2126383861945633
-1.07	0.9934903388795182
-1.06	0.956695448141256
-1.05	0.9483994597039743
-1.04	0.9859023033109142
-1.03	1.085878587469411
-1.02	1.3761164988276415
-1.01	2.8006379799005625
-1.	4.507258006361466
-0.9899999999999998	7.067307528639359
-0.98	6.43734738783734
-0.9699999999999998	4.1673984472159455
-0.96	4.362640516239295
-0.9500000000000002	5.925812587482514
-0.94	7.5164799761011984
-0.9300000000000002	4.271635539895544
-0.9199999999999999	3.197021420079868
-0.9100000000000001	2.7325549328136276
-0.8999999999999999	2.7032706918977976
-0.8900000000000001	3.4648695315119413
-0.8799999999999999	4.653032057642988
-0.8700000000000001	7.975359304810821
-0.8599999999999999	5.645591434030573
-0.8500000000000001	4.411979910424252
-0.8399999999999999	3.5851136800557795
-0.8300000000000001	3.3116997746417356
-0.8199999999999998	3.194125211484139
-0.81	3.6600662381888998
-0.7999999999999998	4.4665665032398865
-0.79	5.554820950539655
-0.7799999999999998	6.972124089979627
-0.77	7.645420784479176
-0.7599999999999998	7.488178688083675
-0.75	5.056987227462458
-0.7399999999999998	3.2894801545205046
-0.73	2.6187880487983164
-0.7199999999999998	1.943131519305755
-0.71	1.5263311272990003
-0.6999999999999997	1.3455204352208574
-0.69	1.2352279173304115
-0.6800000000000002	1.1747340765588503
-0.6699999999999999	1.3978161724066465
-0.6600000000000001	1.6657162040923523
-0.6499999999999999	3.384944750038075
-0.6400000000000001	3.2427470508879943
-0.6299999999999999	2.2192815543541755
-0.6200000000000001	1.6904135818348982
-0.6099999999999999	1.367786216180392
-0.6000000000000001	1.1294325590277547
-0.5899999999999999	1.1348514460965344
-0.5800000000000001	1.1179345448235312
-0.5699999999999998	1.09949695959165
-0.56	1.2663447298954438
-0.5499999999999998	1.6035142428876763
-0.54	2.123269069696038
-0.5299999999999998	3.1497244744287207
-0.52	3.7369021760116397
-0.5099999999999998	3.034761844077202
-0.5	3.3119154340047614
-0.48999999999999977	2.450413354565163
-0.48	1.5752664247522525
-0.46999999999999975	1.2842193433109457
-0.45999999999999996	0.830896369991542
-0.44999999999999973	0.7982373228040068
-0.43999999999999995	0.8112720838640687
-0.43000000000000016	0.7916699844886758
-0.41999999999999993	0.8747398383923749
-0.41000000000000014	0.7632610331331428
-0.3999999999999999	0.8194232556303661
-0.3900000000000001	0.743379918794699
-0.3799999999999999	0.7657597920371647
-0.3700000000000001	0.7783157605265676
-0.3599999999999999	0.8220863851394427
-0.3500000000000001	0.7462318788521645
-0.33999999999999986	0.9823851519905848
-0.33000000000000007	1.6402770153463544
-0.31999999999999984	1.8151942243414283
-0.31000000000000005	1.665214445911621
-0.2999999999999998	1.7196509914026528
-0.29000000000000004	1.5699489551011023
-0.2799999999999998	1.332635403365677
-0.27	0.8642378438524396
-0.2599999999999998	0.733310492898351
-0.25	0.5648908040052952
-0.23999999999999977	0.421854533391534
-0.22999999999999998	0.441099863405797
-0.21999999999999975	0.506326552471331
-0.20999999999999996	0.3990144297618539
-0.19999999999999973	0.37800757607301205
-0.18999999999999995	0.4692473364254383
-0.18000000000000016	0.33419890275833425
-0.16999999999999993	0.3880469477673704
-0.16000000000000014	0.41095525126052884
-0.1499999999999999	0.3328922163582993
-0.14000000000000012	0.2380330312356362
-0.1299999999999999	0.7594341673201419
-0.1200000000000001	0.9451662539459759
-0.10999999999999988	0.23488560248160592
-0.10000000000000009	0.9996874056170478
-0.08999999999999986	0.7107288848836898
-0.08000000000000007	0.832004770554903
-0.06999999999999984	0.008035369461810092
-0.06000000000000005	0.000027931869005593112
-0.04999999999999982	9.472689866623755e-6
-0.040000000000000036	5.573245255613501e-6
-0.029999999999999805	4.115283869074086e-6
-0.020000000000000018	3.4441150971864284e-6
-0.009999999999999787	3.1322967455091905e-6
0.	3.0399953600235376e-6
0.010000000000000231	3.1322967455109184e-6
0.020000000000000018	3.4441150971864284e-6
0.03000000000000025	4.1152838690740265e-6
0.040000000000000036	5.573245255613501e-6
0.050000000000000266	9.472689866630596e-6
0.06000000000000005	0.000027931869005593112
0.07000000000000028	0.008035369461801334
0.08000000000000007	0.6843716537205085
0.08999999999999986	0.9274087948068629
0.10000000000000009	0.4932785155883828
0.10999999999999988	0.8216083539821443
0.1200000000000001	0.9955109135963723
0.1299999999999999	0.1515509434550925
0.14000000000000012	0.9132492159883892
0.1499999999999999	0.48726837302701154
0.16000000000000014	0.5474074234302683
0.16999999999999993	0.41060689322771465
0.18000000000000016	0.5434435215371262
0.18999999999999995	0.48267904214166824
0.20000000000000018	0.3565284711722485
0.20999999999999996	0.571406632509777
0.2200000000000002	0.3681676661949911
0.22999999999999998	0.4724411468969977
0.2400000000000002	0.4891421571256185
0.25	0.38250329444983483
0.26000000000000023	0.5850016736239358
0.27	0.4492254775252056
0.28000000000000025	0.6979755628247712
0.29000000000000004	1.3854508014800317
0.30000000000000027	1.0647221308865908
0.31000000000000005	1.0741100271696011
0.3200000000000003	1.3724830928712717
0.33000000000000007	1.1611108944841095
0.33999999999999986	0.8537492236464438
0.3500000000000001	0.9484097859579884
0.3599999999999999	0.97829386547499
0.3700000000000001	0.889705829057039
0.3799999999999999	1.592158974943417
0.3900000000000001	1.2386900674852763
0.3999999999999999	1.1492203235556728
0.41000000000000014	1.4045694716653556
0.41999999999999993	1.3381598457760129
0.43000000000000016	0.8011808435867506
0.43999999999999995	1.251872221939937
0.4500000000000002	1.2108345187346967
0.45999999999999996	0.6228909641461419
0.4700000000000002	0.6685357979139246
0.48	0.7918425037607403
0.4900000000000002	1.5670335817426817
0.5	1.9241712138521476
0.5100000000000002	0.9716047486599861
0.52	1.410970853966385
0.5300000000000002	2.2957929197888087
0.54	1.52789491901177
0.5500000000000003	0.9278435033276009
0.56	0.8262705894175734
0.5700000000000003	1.004718637979214
0.5800000000000001	0.8468242716551966
0.5899999999999999	0.7977516745353337
0.6000000000000001	1.0178542724305601
0.6099999999999999	0.794860114869898
0.6200000000000001	0.8083150978556956
0.6299999999999999	0.7600156898801488
0.6400000000000001	1.0099370916138546
0.6499999999999999	1.735098651879329
0.6600000000000001	1.0726362445083368
0.6699999999999999	0.8145209217797972
0.6800000000000002	0.9122970576498419
0.69	0.8982893320306727
0.7000000000000002	0.9144469412098385
0.71	1.0592163811049076
0.7200000000000002	0.7953385430069065
0.73	0.8226965739394623
0.7400000000000002	1.0337687307155456
0.75	2.796695528985177
0.7600000000000002	6.0408615673799195
0.77	6.747188651948647
0.7800000000000002	6.098054414231974
0.79	3.5777269950039154
0.8000000000000003	2.8508938051947044
0.81	2.1286055935187385
0.8200000000000003	1.3946635166115262
0.8300000000000001	1.1382186660011657
0.8399999999999999	1.7568578478088177
0.8500000000000001	1.4658116638678884
0.8599999999999999	2.249297026504355
0.8700000000000001	5.947206048713866
0.8799999999999999	2.4715208477175787
0.8900000000000001	1.7586880290173759
0.8999999999999999	1.5012752114881327
0.9100000000000001	1.1080618445524675
0.9199999999999999	1.3599334342499478
0.9300000000000002	2.1662798982291362
0.94	4.2269357188606715
0.9500000000000002	3.8903616748491614
0.96	2.811915756344317
0.9700000000000002	1.9542657144203872
0.98	3.4589656443918124
0.9900000000000002	6.8621838907228305
1.	4.6618325289325835
1.0099999999999998	2.8796019209748347
1.0200000000000005	2.1414540362189087
1.0300000000000002	1.3624478295720572
1.04	1.2479573264422352
1.0499999999999998	1.0993697917093528
1.0600000000000005	0.9342021456634549
1.0700000000000003	0.8877359252488689
1.08	0.9176851799139232
1.0899999999999999	1.0769540472045571
1.0999999999999996	1.0233574483816792
1.1100000000000003	1.1017263628371845
1.12	1.2569836086890565
1.13	0.8812040311185168
1.1399999999999997	0.8562640199347701
1.1500000000000004	0.9008865662702047
1.1600000000000001	0.8488896286761699
1.17	0.8788434457121654
1.1799999999999997	0.9693087635094062
1.1900000000000004	0.9696174425830868
1.2000000000000002	1.0025044666381735
1.21	1.110150825010053
1.2199999999999998	1.438910022010662
1.2300000000000004	2.2975598529586034
1.2400000000000002	5.401749283392432
1.25	2.324434082929909
1.2599999999999998	1.6938313762343256
1.2700000000000005	1.7405862824083975
1.2800000000000002	1.9036375209608545
1.29	1.9261812938740142
1.2999999999999998	2.1273623570864206
1.3100000000000005	2.2934300179308202
1.3200000000000003	2.2356325562418298
1.33	2.421217970120485
1.3399999999999999	2.505185194696724
1.3500000000000005	2.4060155178370852
1.3600000000000003	2.5310252555467088
1.37	2.1865676114438637
1.38	2.124264187519228
1.3899999999999997	2.180660642900455
1.4000000000000004	2.1816094630333986
1.4100000000000001	1.9753474788441194
1.42	1.975562591474021
1.4299999999999997	1.785951590908987
1.4400000000000004	1.5115239964434675
1.4500000000000002	1.4050588464833553
1.46	1.0547507468199961
1.4699999999999998	1.1217556928744075
1.4800000000000004	2.9457922874274436
1.4900000000000002	1.5152625209964525
1.5	1.511595850401822
1.5099999999999998	1.726654040901284
1.5200000000000005	1.8746646162094285
1.5300000000000002	2.0313108323143725
1.54	2.225534195001956
1.5499999999999998	2.18080932183191
1.5600000000000005	2.3009712269905993
1.5700000000000003	2.339657063195655
1.58	2.309704343699821
1.5899999999999999	2.3731679428446024
1.6000000000000005	2.2809934703087067
1.6100000000000003	2.070601461915292
1.62	2.0934701787339685
1.63	2.0859229557070993
1.6399999999999997	1.9463915289963831
1.6500000000000004	1.8577857453356021
1.6600000000000001	1.8352235456344153
1.67	1.4605859505769532
1.6799999999999997	1.3667352684644307
1.6900000000000004	0.9594884869173436
1.7000000000000002	0.8555849545890244
1.71	2.8406458409586226
1.7199999999999998	1.4724666965610422
1.7300000000000004	1.1731442477051488
1.7400000000000002	1.3041272106238462
1.75	1.410586664485917
1.7599999999999998	1.4818867021676063
1.7700000000000005	1.5545129262634518
1.7800000000000002	1.6656794029931186
1.79	1.578362843334234
1.7999999999999998	1.7184283005230432
1.8100000000000005	1.732225510199587
1.8200000000000003	1.6758641414316857
1.83	1.6577194082088844
1.8399999999999999	1.5796827811219714
1.8500000000000005	1.4922786359784799
1.8600000000000003	1.5576395233192137
1.87	1.4728219536747065
1.88	1.3061508468531462
1.8899999999999997	1.2276367478008288
1.9000000000000004	0.9662642527993062
1.9100000000000001	0.7884574266257978
1.92	0.7169749302813136
1.9299999999999997	2.7884658471704564
1.9400000000000004	1.3153994582740793
1.9500000000000002	1.102763835442637
1.96	1.120252166393203
1.9699999999999998	1.18744519069669
1.9800000000000004	1.2207823603358625
1.9900000000000002	1.3745236216950858
2.	1.5545822783159315
2.01	1.493126254833891
2.0200000000000005	1.7149835954116248
2.0300000000000002	1.7488769516142266
2.04	1.715630227747185
2.05	1.75108265852551
2.0600000000000005	1.7136906749860257
2.0700000000000003	1.6847451502654402
2.08	1.7888616437376856
2.09	1.6106912185943816
2.1000000000000005	1.6352142911605139
2.1100000000000003	1.3901447136946672
2.12	1.1460143139633796
2.13	0.843568978738028
2.1399999999999997	1.370199363743441
2.1500000000000004	1.2123523794008084
2.16	1.3145709077031325
2.17	1.4331907057266902
2.1799999999999997	1.6153671460656933
2.1900000000000004	1.7274440716968364
2.2	1.7866885913992705
2.21	1.862985675678906
2.2199999999999998	1.948270269971946
2.2300000000000004	1.9949293662683305
2.24	1.9301946692580405
2.25	1.9288520633059945
2.26	1.8973979468803013
2.2700000000000005	1.910206750724377
2.2800000000000002	1.9318301691186726
2.29	1.7532444192771734
2.3	1.7327269781719878
2.3100000000000005	1.4563448178965117
2.3200000000000003	0.9983016208448223
2.33	1.330346609631573
2.34	1.1082079907418878
2.3500000000000005	1.2286282724608555
2.3600000000000003	1.4255630227089855
2.37	1.5196201456431708
2.38	1.620986903668969
2.3899999999999997	1.7289208630028219
2.4000000000000004	1.7621227838015618
2.41	1.8061703657519328
2.42	1.6924769690321326
2.4299999999999997	1.6705060451844933
2.4400000000000004	1.6531492968685015
2.45	1.6471313575413602
2.46	1.6289658369489193
2.4699999999999998	1.4689124693432913
2.4800000000000004	1.3679653631087174
2.49	0.8957311023146811
2.5	1.3478657117890505
2.51	1.1078916165127712
2.5200000000000005	1.07678271321373
2.5300000000000002	1.1413136826131791
2.54	1.249745649681301
2.55	1.3068879253080121
2.5600000000000005	1.3607544941297496
2.5700000000000003	1.3668390125563505
2.58	1.367384578724671
2.59	1.2952973269064922
2.6000000000000005	1.2622104757430959
2.6100000000000003	1.2428754054417763
2.62	1.172156439672685
2.63	1.0404887019495443
2.6399999999999997	0.71151640284509
2.6500000000000004	1.064297507604822
2.66	0.9112123672177793
2.67	0.9137720448636801
2.6799999999999997	0.8999781137651817
2.6900000000000004	0.9287941470748842
2.7	0.9404163032063907
2.71	0.9700050524122381
2.7199999999999998	0.910421018738853
2.7300000000000004	0.8558598198939228
2.74	0.8350383776707215
2.75	0.7773702662669457
2.76	0.6258108440198545
2.7700000000000005	0.938202093932228
2.7800000000000002	0.8498838272887469
2.79	0.732312940738805
2.8	0.668359994977521
2.8100000000000005	0.6516321237876318
2.8200000000000003	0.6432872903896103
2.83	0.6043134250760759
2.84	0.5578210577133433
2.8500000000000005	0.461723676738212
2.8600000000000003	0.47182176610924104
2.87	1.0885829510984035
2.88	0.7332631434268403
2.8899999999999997	0.6437364891641353
2.9000000000000004	0.5800745956608724
2.91	0.4993654061069441
2.92	0.4682872415738809
2.9299999999999997	0.4962989351906938
2.9400000000000004	0.67209427466852
2.95	0.4779089459570214
2.96	0.45030832370803325
2.9699999999999998	0.4102108469765266
2.9800000000000004	0.40491377666655787
2.99	0.00011984483026382148
3.	0.000012527868243556614