0.	0.20451038226431467
0.01	0.1044164564239409
0.02	0.04497128989885242
0.03	0.07184185904066248
0.04	0.05345100071842196
0.05	0.07455968016336902
0.06	0.1064124841140744
0.07	0.06727076403466818
0.08	0.09651696326481227
0.09	0.19458168318696994
0.1	0.10491420554356524
0.11	0.1808368491705285
0.12	0.37671267459143043
0.13	0.308754792501473
0.14	0.3971184848197663
0.15	0.4139398973621323
0.16	0.10496010558831743
0.17	0.23904138446432477
0.18	0.49067679494218597
0.19	0.2643664851854116
0.2	0.2622501852921394
0.21	0.03466263735903403
0.22	0.21949221042692565
0.23	0.29071595593900046
0.24	0.4636783587676945
0.25	0.028451120973886385
0.26	0.8964258885718176
0.27	0.19150885141304955
0.28	0.9032487137759511
0.29	1.0676241715553527
0.3	0.18723029589627682
0.31	0.5096190324699909
0.32	0.3466028279536214
0.33	0.6778997146960993
0.34	0.7470907904847769
0.35000000000000003	1.0875278170569465
0.36	0.5062364113622009
0.37	0.6572170677557441
0.38	0.21477523029489054
0.39	1.0304703074095918
0.4	0.3101546124037019
0.41000000000000003	0.6643899839297722
0.42	1.2286964324159875
0.43	1.426870889575102
0.44	1.749379366118443
0.45	1.3083916928232338
0.46	1.458580107029955
0.47000000000000003	2.00870987411142
0.48	1.7863453218174876
0.49	1.98471538991786
0.5	1.9544502716917402
0.51	1.5276682784657307
0.52	1.4800368755826587
0.53	1.758500176675018
0.54	2.3004412150365807
0.55	1.888491036696677
0.56	2.1138657770880926
0.5700000000000001	1.6600933440082961
0.58	1.510235039003471
0.59	2.1367603426021224
0.6	0.12954823133295645
0.61	0.35032779035598405
0.62	1.6703341468906026
0.63	0.7021360658279145
0.64	5.66053743757911
0.65	2.476980299004671
0.66	0.6566433625258736
0.67	1.701886277023744
0.68	2.4324488269819127
0.6900000000000001	2.320839641606752
0.7000000000000001	2.7347994212288773
0.71	2.747217878804893
0.72	2.7284869923963715
0.73	2.7864091145977756
0.74	2.0421234977592704
0.75	2.34169369034677
0.76	2.0845029331822422
0.77	3.42204635203787
0.78	3.104133656826809
0.79	3.4542361859036026
0.8	3.124807471027324
0.81	2.896816851419223
0.8200000000000001	3.080521688854576
0.8300000000000001	3.3912811014435134
0.84	2.029004558807813
0.85	3.207403920317129
0.86	2.249012748887824
0.87	2.0163339613445626
0.88	4.165602737514718
0.89	3.3367478333921015
0.9	3.980804738664758
0.91	2.900133363151074
0.92	3.8732708984227786
0.93	2.919825254927233
0.9400000000000001	3.403679438595954
0.9500000000000001	3.8968624897595534
0.96	3.3028385031415324
0.97	3.7569299718145803
0.98	2.969885961109392
0.99	4.139143634830864
1.	2.61391906676151
1.01	4.070530922512322
1.02	4.216952005220965
1.03	3.898882558836343
1.04	4.17823184334293
1.05	4.924552023390842
1.06	4.134837024259156
1.07	4.147030793689036
1.08	3.773679484325891
1.09	3.9163514396556396
1.1	2.8070951825277204
1.11	3.37378773705003
1.12	3.955882500006641
1.1300000000000001	3.6471806920188463
1.1400000000000001	3.943791662843566
1.1500000000000001	3.425612692795063
1.16	3.5834914812996175
1.17	4.65358935927021
1.18	4.527830238751977
1.19	4.81351949802513
1.2	4.696029998097187
1.21	4.072976068587071
1.22	4.643466325658627
1.23	4.103955734874535
1.24	4.387096565230309
1.25	3.978560895573474
1.26	4.342583638247903
1.27	4.160480224358352
1.28	4.299319051741027
1.29	4.303437439313205
1.3	4.190227007977141
1.31	3.880818202576715
1.32	4.053805868808934
1.33	3.544021801148216
1.34	4.355459395207992
1.35	2.8767062989980987
1.36	3.2901283619471724
1.37	1.7094599889998037
1.3800000000000001	3.114811835668611
1.3900000000000001	0.23920386642919067
1.4000000000000001	2.6044397787585156
1.41	2.515759707153344
1.42	2.471163722932575
1.43	2.5252371708506494
1.44	2.852350073110971
1.45	2.5947955651565238
1.46	2.2646749895212523
1.47	2.376141985117367
1.48	2.207706911814497
1.49	3.1094192823603732
1.5	2.1337062993831246
1.51	2.2890939799743015
1.52	2.062465243072836
1.53	3.1526784313975744
1.54	3.7393051883827204
1.55	3.4396912383602407
1.56	3.1551097318144983
1.57	3.763146015045477
1.58	3.38276069804316
1.59	3.6922777368081214
1.6	3.679501221392589
1.61	3.494629771713664
1.62	3.4441762234962194
1.6300000000000001	3.7423811637565843
1.6400000000000001	3.4249905334140007
1.6500000000000001	3.680976821844315
1.6600000000000001	3.619612121641141
1.67	3.5736802087935367
1.68	3.7873211514234533
1.69	3.713330637449471
1.7	3.807181622189413
1.71	3.614138131601516
1.72	3.257151829658394
1.73	3.405136642330402
1.74	2.876679523650955
1.75	3.3925755419581716
1.76	3.628140801805677
1.77	2.510465114940283
1.78	2.3822451606356285
1.79	2.6101219058766625
1.8	2.8738746557839
1.81	1.8127124257696234
1.82	2.6750069234738287
1.83	2.0287156232459833
1.84	2.822601865326634
1.85	1.8324572642233146
1.86	2.0630862828821854
1.87	2.47526344910348
1.8800000000000001	1.6796582965279836
1.8900000000000001	3.005615486619889
1.9000000000000001	3.5742270925638735
1.9100000000000001	3.2235613848657096
1.92	2.890769979118936
1.93	3.2152106566349468
1.94	3.1032410808211064
1.95	2.261688349819185
1.96	3.0833828026697634
1.97	2.9883595587230207
1.98	3.298992759596892
1.99	3.7865290007703782
2.	3.3250749282073