0.	1.8440102845492117
0.01	0.026287673560085486
0.02	0.004426763171688269
0.03	0.0018681536437373252
0.04	0.0008744812480401458
0.05	0.0004279280262901377
0.06	0.00012503484562938945
0.07	0.00011419030390019983
0.08	0.00016569878413209133
0.09	0.0007080900611436008
0.1	0.00007415794724176235
0.11	0.0004431711790820976
0.12	0.032424644658829604
0.13	0.013805631450601753
0.14	0.01330387912590894
0.15	0.011323781530513598
0.16	0.015806072563682716
0.17	0.01613238237336071
0.18	0.08075321826933284
0.19	0.2741213018924471
0.2	0.093815222417012
0.21	0.07374146596080587
0.22	0.03771206382035871
0.23	0.09472303397780173
0.24	0.0916823696326263
0.25	0.12686522002315792
0.26	0.08582460740149225
0.27	0.042121122144202994
0.28	0.09578305153756417
0.29	0.44254096217984973
0.3	0.11694979748912027
0.31	0.34078014878905705
0.32	0.12778159665303102
0.33	0.08187617496208147
0.34	0.1962678528551409
0.35000000000000003	0.334193791392336
0.36	0.2248941303189297
0.37	0.5095480150165584
0.38	0.4891757118505192
0.39	0.24301934832200564
0.4	0.15586694512419672
0.41000000000000003	0.22406962079173964
0.42	0.11351848232229778
0.43	0.034763448972795014
0.44	0.3848877356634519
0.45	0.015322319185560276
0.46	0.17215014785966404
0.47000000000000003	0.1422323078661925
0.48	0.24668785039639343
0.49	0.10349403553971746
0.5	0.16587682234031342
0.51	0.2840451303640504
0.52	1.03904618272943
0.53	0.8189077622264731
0.54	0.5937546202404056
0.55	1.2822897209716102
0.56	0.705835472060164
0.5700000000000001	0.9655197616323511
0.58	1.3414051206605258
0.59	0.9010901923585006
0.6	0.6991151485044078
0.61	1.393155151594108
0.62	1.0845235248278418
0.63	1.0187946024983485
0.64	1.6214658666298178
0.65	1.3325879455501664
0.66	0.6517192876387197
0.67	1.225394056189545
0.68	1.210772076362294
0.6900000000000001	1.801293743178809
0.7000000000000001	1.3701898767752965
0.71	1.4689252748847523
0.72	1.8408385177524806
0.73	1.639629417551679
0.74	1.5981912239399887
0.75	1.6528297712051907
0.76	1.7679555576592252
0.77	2.0262210086586516
0.78	2.1392869261907976
0.79	2.1405489076029407
0.8	1.917191260664489
0.81	2.2318557034865067
0.8200000000000001	2.1609217624219204
0.8300000000000001	2.3293254087103974
0.84	2.462152769802353
0.85	2.7621186241166593
0.86	2.2228461240141897
0.87	2.305985440519073
0.88	2.2113900728409672
0.89	2.471232983632629
0.9	2.5044048885896686
0.91	2.3537112322208023
0.92	1.9374353931432262
0.93	2.0087448377966353
0.9400000000000001	2.4038116237981075
0.9500000000000001	2.292546612176838
0.96	2.348572915011899
0.97	2.116437131344851
0.98	2.2483327224030756
0.99	2.742314235009287
1.	2.235177594859772
1.01	2.9343465179792165
1.02	2.4334472420996804
1.03	2.857786753555332
1.04	3.000292956804034
1.05	3.0240080709753743
1.06	2.7686156014579657
1.07	2.5498247280699573
1.08	2.924787542209318
1.09	3.053591473417395
1.1	2.700576828855334
1.11	3.0193524799622944
1.12	2.668141549902214
1.1300000000000001	3.344908828354502
1.1400000000000001	3.165314852241205
1.1500000000000001	3.1045133573395525
1.16	3.1444666860322874
1.17	3.3158673843392843
1.18	3.198336756913126
1.19	3.9266128143113064
1.2	3.0916098816405557
1.21	3.431131760068064
1.22	2.9467959552608782
1.23	2.5882165323441657
1.24	3.304671755246003
1.25	3.2335793972179547
1.26	2.8150558737213545
1.27	2.9713433645295493
1.28	3.3731656092829576
1.29	3.9712006516177785
1.3	3.490633958902538
1.31	3.4042175710371643
1.32	3.53658841636634
1.33	3.0637915115428243
1.34	3.51465845029398
1.35	3.4310582555229816
1.36	3.081061118050585
1.37	2.9758052179271957
1.3800000000000001	3.4052406730009253
1.3900000000000001	3.2187123174966965
1.4000000000000001	2.268166739394962
1.41	2.707350480487947
1.42	2.8699137785517204
1.43	2.5222146574922255
1.44	2.2787733707880897
1.45	2.3710592438551603
1.46	2.0334194811614057
1.47	0.28578260662342236
1.48	2.541737049110541
1.49	0.48219315895436254
1.5	0.34181761780364783
1.51	4.217842348287319
1.52	8.198487265761283
1.53	0.5975332997246159
1.54	1.2451956477642254
1.55	6.195583348609452
1.56	4.317465905204453
1.57	5.920090743282242
1.58	10
1.59	0.33597979852907156
1.6	0.5662915117289911
1.61	0.4555902255648505
1.62	1.3328421834845905
1.6300000000000001	1.263662386670068
1.6400000000000001	1.0532024305123207
1.6500000000000001	2.413132599671237
1.6600000000000001	1.968687340791297
1.67	2.421080275707296
1.68	3.110652049540248
1.69	3.1719930006588304
1.7	2.9147165048959964
1.71	2.671812176230092
1.72	2.9538729096998617
1.73	1.5916881717752496
1.74	3.136372981660328
1.75	2.1914998192425554
1.76	2.951489687684754
1.77	1.9551880579250374
1.78	1.8637843671547785
1.79	1.7992725628978206
1.8	0.4019887863910855
1.81	2.1522171544335107
1.82	1.6239424613203597
1.83	0.5576397868498049
1.84	0.4123012075679924
1.85	1.0902935439272023
1.86	0.5124140890492646
1.87	1.8063172727561436
1.8800000000000001	1.3324958201014323
1.8900000000000001	0.03670230143630149
1.9000000000000001	0.8832126340252473
1.9100000000000001	0.400005874644765
1.92	1.5174978530092291
1.93	0.990895231791624
1.94	1.300358995457993
1.95	1.7485973052328547
1.96	2.0909481015144946
1.97	1.9628434291221477
1.98	2.866297919458795
1.99	1.961861862154867
2.	2.1854783109768725