0.	0.0406493225080642
0.01	0.05235133414163329
0.02	0.04719775100341381
0.03	0.05889896150778949
0.04	0.06571313285503852
0.05	0.07170657484761035
0.06	0.0808311387887985
0.07	0.0752995468244163
0.08	0.09173589953220876
0.09	0.15533472808512871
0.1	0.0900751629742694
0.11	0.14902308375457526
0.12	0.398232001215463
0.13	0.08252160517619347
0.14	0.17957388203593594
0.15	0.4204498835095021
0.16	0.2938385833959766
0.17	0.28962027867712165
0.18	0.31246444072219565
0.19	0.6478127365742397
0.2	0.627939687693623
0.21	0.4163351682403299
0.22	0.41648515880748493
0.23	0.47207676375588015
0.24	0.17384364740007063
0.25	0.5032345855826879
0.26	0.06047382201619517
0.27	0.8755211320329827
0.28	1.133502398614915
0.29	0.9313072045860553
0.3	1.1160150916608518
0.31	0.9410818776103503
0.32	1.0688192680193314
0.33	0.8387076514419871
0.34	1.4081636016490153
0.35000000000000003	1.0975000871982072
0.36	0.2424088545795225
0.37	0.07122022808862583
0.38	1.3039121767448199
0.39	0.9975117340278017
0.4	0.8724406877100347
0.41000000000000003	0.9356066622628116
0.42	1.0456621716768773
0.43	0.6361707994483536
0.44	1.810698037303358
0.45	1.1048734046707467
0.46	1.737771820017472
0.47000000000000003	2.0272725189749283
0.48	1.9288846342392918
0.49	1.6225561986075152
0.5	2.169823113737685
0.51	1.983840977354456
0.52	1.4049729011910586
0.53	2.0464790542473903
0.54	2.3076966608487868
0.55	1.501436898513492
0.56	1.657827578310417
0.5700000000000001	1.2476903801028658
0.58	1.416959546582682
0.59	1.8511662497310053
0.6	1.2176334839943814
0.61	1.2930358232430976
0.62	1.5006403282521403
0.63	1.3031596779493766
0.64	2.365585191388433
0.65	2.1380179581603427
0.66	1.3488376979910504
0.67	1.0528501790825016
0.68	0.30324697516831467
0.6900000000000001	1.5009775557301503
0.7000000000000001	2.8291064969070057
0.71	2.143646001052274
0.72	3.060868872467426
0.73	2.636293874121546
0.74	2.830080599974283
0.75	2.2724535732920783
0.76	2.697452696486775
0.77	3.1439296589474104
0.78	2.940617054419324
0.79	3.1806178188846355
0.8	2.6779931822675422
0.81	2.778243956190157
0.8200000000000001	3.6623397948667007
0.8300000000000001	3.488123071842681
0.84	2.417851345783223
0.85	3.784994656176653
0.86	2.694099754439832
0.87	3.9367677967389794
0.88	3.620027773203121
0.89	3.631415110785208
0.9	3.888631461586267
0.91	4.163420153866683
0.92	4.350041390692025
0.93	3.5354389123334897
0.9400000000000001	3.5659836805877547
0.9500000000000001	3.782308651836758
0.96	3.2534389588555968
0.97	1.990649300401659
0.98	3.5495439919858054
0.99	4.232802030015557
1.	4.031673400172611
1.01	4.676527067244423
1.02	4.2647511695147635
1.03	4.518123528752816
1.04	2.204452897973128
1.05	3.709926270440091
1.06	3.7906383708186744
1.07	4.170672960349715
1.08	3.5562646106292286
1.09	2.3837031381447202
1.1	3.2465615653499986
1.11	3.2017172851828932
1.12	3.6150153398057525
1.1300000000000001	3.7449190615562484
1.1400000000000001	3.1646922599284357
1.1500000000000001	4.2696342863301195
1.16	3.962187547847506
1.17	3.734918635602889
1.18	4.405503201826809
1.19	3.9313624240575917
1.2	3.6792561591598125
1.21	4.37754846691047
1.22	3.659685456429599
1.23	4.444555006445206
1.24	3.925506551630421
1.25	3.0738686865665845
1.26	3.6996828929691166
1.27	3.6529670655615734
1.28	3.7129698625181344
1.29	4.120540117719091
1.3	3.24718352550238
1.31	3.587559714636587
1.32	2.4591412061006652
1.33	3.4132846250194433
1.34	3.503886332905616
1.35	2.9916914041037543
1.36	3.5619887089526574
1.37	2.5645761038924766
1.3800000000000001	1.2376688949319221
1.3900000000000001	2.108845414473797
1.4000000000000001	3.3027685506269764
1.41	2.937539097176003
1.42	1.5469216217717872
1.43	3.2990931736943634
1.44	3.5463122083635064
1.45	3.735949614712706
1.46	2.9919156342482625
1.47	3.6350936292320783
1.48	3.562718030173619
1.49	3.4765328198527574
1.5	3.4231043409489224
1.51	3.6885380162952024
1.52	3.932390107803431
1.53	3.1318899440137087
1.54	3.5358274828483385
1.55	2.9644738739411194
1.56	3.3049464745769743
1.57	3.7290893292043865
1.58	3.6155115083394103
1.59	3.864419496564377
1.6	3.339485962124519
1.61	3.7441309832887892
1.62	3.494594013613846
1.6300000000000001	3.6608273577248855
1.6400000000000001	3.4579694710200304
1.6500000000000001	3.3124767903274206
1.6600000000000001	3.8726015554814675
1.67	3.1905141882862407
1.68	3.3330272893335406
1.69	3.2473846466039484
1.7	2.7820474699132802
1.71	2.31069335979206
1.72	2.394821845014796
1.73	3.143863118069321
1.74	3.0480686440205935
1.75	3.093285832657161
1.76	0.5773099891220552
1.77	0.9347298369753393
1.78	2.564300089896621
1.79	2.9627885516586563
1.8	3.2182663092295316
1.81	3.3147163723417448
1.82	2.7883422110797165
1.83	3.0856529347354984
1.84	2.769151431745626
1.85	3.100203565317911
1.86	3.28795834198636
1.87	2.865500191380047
1.8800000000000001	2.783795938640191
1.8900000000000001	3.153078186647919
1.9000000000000001	2.930132493614116
1.9100000000000001	3.241887146387349
1.92	2.8474196568249748
1.93	2.918846112349934
1.94	3.34308937014117
1.95	2.9193331320010127
1.96	2.8842973877945974
1.97	2.727478283035791
1.98	2.9719043960557014
1.99	3.1900342016127965
2.	3.018470654250902