0.	0.3447868757626821
0.01	0.06825930992267826
0.02	0.07802637112598414
0.03	0.08512810053452291
0.04	0.07875078000272773
0.05	0.08837586429114921
0.06	0.11553778661052232
0.07	0.09898124632713395
0.08	0.10216943909472528
0.09	0.1542353971590123
0.1	0.11234118321198355
0.11	0.20598233728131632
0.12	0.12834552441901353
0.13	0.10617840185876237
0.14	0.7093968015261964
0.15	0.6258732931109925
0.16	0.30499470036031384
0.17	0.523173966251593
0.18	0.29954214319168854
0.19	0.5701364835386639
0.2	0.6057995828644911
0.21	0.003052409546376589
0.22	0.2546894176901384
0.23	0.054043209519515745
0.24	0.11706001582791312
0.25	0.5062809323671084
0.26	0.687575712329599
0.27	0.500406303095171
0.28	0.6821997175474461
0.29	0.3300055128905868
0.3	0.5144546419435563
0.31	0.6546777893789124
0.32	0.8721703325846619
0.33	1.2819309641420462
0.34	0.9001330022852253
0.35000000000000003	1.395521085938882
0.36	0.1580819328002917
0.37	0.6844208539333498
0.38	0.016282732342704942
0.39	1.0712693468492906
0.4	0.4439929401614495
0.41000000000000003	0.9584817756001656
0.42	0.7059123849916326
0.43	1.0223273074916488
0.44	1.4413511652504267
0.45	1.6648077204063965
0.46	1.772849274277112
0.47000000000000003	1.6465318726051894
0.48	1.3003936729493397
0.49	2.359686615346565
0.5	1.8550051305779858
0.51	1.5436838192576046
0.52	2.0073898755284203
0.53	1.805367205744062
0.54	1.6748027787399933
0.55	1.3991823749734655
0.56	1.794911375190087
0.5700000000000001	1.850712156468691
0.58	1.4576707963943367
0.59	1.5401709335163738
0.6	0.005896380572816495
0.61	0.9552086286930749
0.62	1.8423019231105844
0.63	0.8398483332194191
0.64	0.01429750215795611
0.65	2.426834881567561
0.66	0.8264974718965774
0.67	2.3912462755950243
0.68	2.2201484376120875
0.6900000000000001	2.475676543246498
0.7000000000000001	2.2787734161251474
0.71	3.274456375090471
0.72	3.608002322631266
0.73	3.279062337273984
0.74	3.5876592511832808
0.75	2.514894355954044
0.76	3.574381194256653
0.77	2.563425003422413
0.78	2.7425707443310103
0.79	3.2735651794439615
0.8	3.0909793309591365
0.81	3.6409149392968523
0.8200000000000001	2.2751784090094334
0.8300000000000001	3.0151792114799827
0.84	2.46840791650735
0.85	2.9368299507147393
0.86	3.4214555562151103
0.87	2.5850541969712357
0.88	3.1497371590986494
0.89	3.673335485729528
0.9	4.032252562957882
0.91	3.0043308086997866
0.92	2.979131825486651
0.93	2.653425896366439
0.9400000000000001	3.7426439428947367
0.9500000000000001	3.7424961761071747
0.96	2.396286854670861
0.97	4.012555587695278
0.98	4.124258719215745
0.99	3.7726770824439924
1.	2.710270900539202
1.01	3.24920405255905
1.02	3.6773228110620897
1.03	3.988297934130104
1.04	4.500898699242045
1.05	4.987019146473993
1.06	4.5187591193565595
1.07	4.6894026768017225
1.08	3.8629972692087073
1.09	3.8660676557086755
1.1	4.458487809410782
1.11	4.752687350975066
1.12	4.606693144312802
1.1300000000000001	4.3232029754666375
1.1400000000000001	4.611777359647
1.1500000000000001	4.550481212337443
1.16	4.198138931049904
1.17	4.2134429545710095
1.18	4.98404170832138
1.19	3.5486923206772705
1.2	3.8991362876353923
1.21	3.7408286540640354
1.22	4.271941671602068
1.23	3.5751495472630674
1.24	4.310325358650111
1.25	4.457424999961673
1.26	4.623206694939331
1.27	3.8990566253335572
1.28	3.8361779494022876
1.29	4.3946371979976835
1.3	4.713268065551421
1.31	3.707870289709856
1.32	3.403749478882605
1.33	3.332075492859263
1.34	3.3337249199444714
1.35	3.9578067475900407
1.36	4.277455780361343
1.37	3.27808807786257
1.3800000000000001	3.1633924636205015
1.3900000000000001	3.824382931436514
1.4000000000000001	3.1785549355213023
1.41	3.1878841346521174
1.42	3.5788417879509984
1.43	3.4103488699457447
1.44	3.4431630735907826
1.45	3.6715454147133477
1.46	3.4759928165688416
1.47	3.6460671793479236
1.48	4.155251135471464
1.49	3.1740972738169333
1.5	3.4584803437952565
1.51	3.9052883952764574
1.52	3.664761462418829
1.53	3.809101699191062
1.54	4.325763362108172
1.55	3.985422380888018
1.56	4.053636280098316
1.57	3.826034222867964
1.58	3.661471795753458
1.59	3.654797126194693
1.6	2.7187040884911875
1.61	2.9336402600210745
1.62	3.0226863319625057
1.6300000000000001	3.9587896403355574
1.6400000000000001	3.7386563094823737
1.6500000000000001	2.621153134966715
1.6600000000000001	3.400868161941549
1.67	4.163176014765305
1.68	3.769706332911818
1.69	3.4910123631669094
1.7	3.1484912325740675
1.71	3.3907172100009983
1.72	3.766681333607052
1.73	2.482246687334359
1.74	2.861536748114269
1.75	2.9849325009965635
1.76	3.063079880992987
1.77	2.183546994494819
1.78	3.070268506776962
1.79	2.644587710585724
1.8	3.2005514888167763
1.81	2.771796727814057
1.82	2.5175788305715057
1.83	3.0901876442955123
1.84	2.9995068372895832
1.85	2.9487040393692014
1.86	3.191007439302605
1.87	3.4759287052971164
1.8800000000000001	3.4442843080826915
1.8900000000000001	3.5757309107335074
1.9000000000000001	3.6201110629495976
1.9100000000000001	3.114703951866889
1.92	3.4737050568619265
1.93	3.6416234323820276
1.94	3.086577009815493
1.95	3.3756418934939108
1.96	2.9242142605697325
1.97	2.7827789964035357
1.98	3.384654294863282
1.99	3.2620007873852854
2.	3.348612560895267