0.	1.8286164858237774
0.01	0.017840872295605686
0.02	0.004307549689885984
0.03	0.001738501677693483
0.04	0.0009277779625966772
0.05	0.00045138810049751065
0.06	0.00010392250720808071
0.07	0.0002455243023424262
0.08	0.00002741269733617359
0.09	0.0003686738910158177
0.1	0.000018679027316429194
0.11	0.00032184105879362146
0.12	0.01689463524908897
0.13	0.01674225373844431
0.14	0.008800555322426205
0.15	0.01985619241978806
0.16	0.04737127034172478
0.17	0.020759073621334084
0.18	0.1408532106553798
0.19	0.031911681882180236
0.2	0.04634352212412263
0.21	0.03412248644731896
0.22	0.032260655011835296
0.23	0.24156265984940192
0.24	0.048140094063148606
0.25	0.0644844037219299
0.26	0.24565124735214866
0.27	0.4799068484616662
0.28	0.32890289510381454
0.29	0.3744071688122329
0.3	0.4707655797694781
0.31	0.34150764680920204
0.32	0.4941130008283508
0.33	0.2232456180926741
0.34	0.2890970277536877
0.35000000000000003	0.11649654878084886
0.36	0.2280849885237567
0.37	0.16007252583327186
0.38	0.32496620520654984
0.39	0.13647380760406996
0.4	0.5288235193881331
0.41000000000000003	0.263914202826106
0.42	0.7964016689103977
0.43	0.7986025017497835
0.44	0.7465368744947604
0.45	0.50724427762414
0.46	0.8413763083977951
0.47000000000000003	0.6241463502154379
0.48	0.5843223760040257
0.49	1.3526629774498113
0.5	0.7096538196217128
0.51	0.746195810187875
0.52	1.2055623319753168
0.53	0.9965271043721311
0.54	0.7870116796741371
0.55	1.2106097450989508
0.56	1.6616394239558083
0.5700000000000001	1.1295251849152916
0.58	1.4538940793338937
0.59	1.252742755417075
0.6	1.3023204361397478
0.61	1.0270872198301106
0.62	1.5754970895268379
0.63	1.227166223451885
0.64	1.2883996511926252
0.65	1.4502511711344113
0.66	1.318302581333771
0.67	2.0218961847877237
0.68	1.5407443168379282
0.6900000000000001	1.7033148046391189
0.7000000000000001	1.9757046924363868
0.71	1.8465856121727562
0.72	1.6638107303982408
0.73	1.6198293985201528
0.74	1.948338500598307
0.75	2.203194917266099
0.76	1.9105581787749357
0.77	1.6116803665066395
0.78	1.9928245401247033
0.79	2.0041756261044865
0.8	2.4344614815425456
0.81	2.106922275651599
0.8200000000000001	1.9973800749722073
0.8300000000000001	2.313092146241832
0.84	1.939050446010501
0.85	1.7645659952283015
0.86	2.789209809154759
0.87	2.475093636951242
0.88	1.8474913381839606
0.89	2.3510079647334807
0.9	2.7451735440571428
0.91	2.1037145697255686
0.92	1.907875561179011
0.93	2.4484717108362464
0.9400000000000001	1.8178678175889762
0.9500000000000001	3.011495415741709
0.96	2.16558341899351
0.97	2.4706170305038007
0.98	2.6659857983031254
0.99	2.361445083015746
1.	2.7800935198669183
1.01	2.9745157250571665
1.02	2.457419310710244
1.03	3.351949678855945
1.04	3.379683315143914
1.05	3.874963145685386
1.06	3.5704305421525007
1.07	3.5807532054415545
1.08	3.3888961689849264
1.09	3.595706828060377
1.1	3.2607700601520637
1.11	3.1997989939032783
1.12	3.6160207217513096
1.1300000000000001	3.5963740445928805
1.1400000000000001	3.7918741223667682
1.1500000000000001	3.583779467072881
1.16	3.4228825770391045
1.17	3.7576374664283687
1.18	3.5117294662882683
1.19	3.521050147705058
1.2	4.066660143191687
1.21	3.4781197864252817
1.22	3.3991487924080412
1.23	3.7521769164241725
1.24	3.5613100121021706
1.25	3.3919129585541676
1.26	4.435118039367363
1.27	3.606714936132656
1.28	3.929311167110634
1.29	3.8860300804311225
1.3	3.7431074085044322
1.31	3.022934290318359
1.32	3.0853169481702456
1.33	3.031081144092793
1.34	3.026110414325958
1.35	2.979566366656027
1.36	3.3637513441324263
1.37	3.1422387730660772
1.3800000000000001	3.1327599336223395
1.3900000000000001	2.5301570531218434
1.4000000000000001	3.304553884165316
1.41	2.672089497698175
1.42	2.7709077850835615
1.43	2.4269718403698346
1.44	1.892232709077073
1.45	2.1887102669962237
1.46	1.3553106730905298
1.47	0.6141984012111117
1.48	0.1922644005362134
1.49	1.4042295891605274
1.5	2.507777024576408
1.51	0.7553502335072044
1.52	2.8544116738810135
1.53	2.269000409618976
1.54	7.108869291441021
1.55	2.8385023353716075
1.56	4.852663615398827
1.57	1.1324772803759604
1.58	5.4222223101137885
1.59	1.0727414313416301
1.6	2.2647570766085154
1.61	1.5054190281281157
1.62	1.7000712692825115
1.6300000000000001	2.002889923285663
1.6400000000000001	2.4100576297338354
1.6500000000000001	1.6216539686800697
1.6600000000000001	1.8888122618786973
1.67	2.7247632980359064
1.68	2.2939639155786837
1.69	2.6652044781778628
1.7	2.7271273641917064
1.71	2.466932248271839
1.72	2.569489099074191
1.73	3.3386036609092447
1.74	2.826735746239592
1.75	1.7310205261916873
1.76	1.6369114576120136
1.77	2.2802659425478273
1.78	1.8951407808882275
1.79	1.4520731855315012
1.8	0.621201204545057
1.81	0.47096930374358736
1.82	7.072649968802012
1.83	1.6869106256013513
1.84	2.481254002915857
1.85	0.6865934583216684
1.86	0.21803366599637697
1.87	1.2180430287329744
1.8800000000000001	3.0858337126985393
1.8900000000000001	0.5958361971219557
1.9000000000000001	2.351345992171412
1.9100000000000001	2.3852555681602903
1.92	2.138679661049529
1.93	1.4676472131114164
1.94	1.6404746112287916
1.95	1.5924418673137317
1.96	2.0037818963836296
1.97	2.211895316593755
1.98	2.1566514438194506
1.99	2.7597352407451834
2.	2.358224697215597