0.	1.8520209933867022
0.01	0.014291857460057891
0.02	0.0036488432393762117
0.03	0.001986981450399525
0.04	0.0011700497066906867
0.05	0.0006909537019001075
0.06	0.00031531425373766404
0.07	0.00045114299478439475
0.08	0.00017309201668375094
0.09	0.0002527788366243668
0.1	0.00026701331873320235
0.11	0.0001614362003495206
0.12	0.01878087485596152
0.13	0.005798669300082331
0.14	0.008768161339815245
0.15	0.017575414127194634
0.16	0.028173770791426085
0.17	0.008979868900179181
0.18	0.1883974693171934
0.19	0.011051120190658124
0.2	0.09410009968388959
0.21	0.0541788960294894
0.22	0.020415849799486394
0.23	0.05102873770457255
0.24	0.08956164344527692
0.25	0.06556918163922754
0.26	0.11079892346169053
0.27	0.07577152759487074
0.28	0.11033824738732505
0.29	0.43808190911171385
0.3	0.15049915805223502
0.31	0.34551206859260863
0.32	0.3175005104537021
0.33	0.21553805802496248
0.34	0.23850732800875707
0.35000000000000003	0.2346594047881429
0.36	0.14388423908362297
0.37	0.23094451025054252
0.38	0.39620437031983924
0.39	0.2585648851962007
0.4	0.5441646732728571
0.41000000000000003	0.8421212639263798
0.42	0.7327395587551065
0.43	0.9354398522262601
0.44	0.9266406412252972
0.45	0.36721217210347873
0.46	0.8570113512006958
0.47000000000000003	0.9160552639464925
0.48	0.5386856907232068
0.49	1.162418012475207
0.5	0.8351133246972109
0.51	1.0407400294547076
0.52	1.0142636445351236
0.53	0.6936839606315319
0.54	1.111069029238
0.55	0.8456501757959878
0.56	0.8258358297310395
0.5700000000000001	0.9885537471442319
0.58	1.3929150763218123
0.59	1.2215021074537096
0.6	1.140351374364731
0.61	1.1107393581743068
0.62	1.3254786375237368
0.63	1.3461312466291173
0.64	1.4509412358859919
0.65	1.486411722464088
0.66	1.629301583040599
0.67	1.8562501990622011
0.68	1.6848012583199616
0.6900000000000001	1.6489201441845567
0.7000000000000001	1.8336920442833833
0.71	2.0659814119014577
0.72	1.7516216530295377
0.73	2.564590546832698
0.74	2.1843837379301707
0.75	2.1890925715530556
0.76	1.7534895054514135
0.77	2.704865661454223
0.78	2.2324605515146727
0.79	1.8834096051370215
0.8	2.263197130734593
0.81	1.995701741710499
0.8200000000000001	2.4707147129067693
0.8300000000000001	2.416812599928224
0.84	2.7287469703913
0.85	2.840577878659657
0.86	2.6120491859232766
0.87	2.2739001396978247
0.88	2.031294392841155
0.89	2.539181651458422
0.9	2.199110669956054
0.91	2.114616188258857
0.92	2.8386845528946543
0.93	2.2594598262350165
0.9400000000000001	2.2210159962318694
0.9500000000000001	3.261093620638721
0.96	2.7258881142828644
0.97	2.6795640088432595
0.98	3.495527039968881
0.99	2.708930121149052
1.	2.157049341615234
1.01	3.625866714460105
1.02	3.143738282200389
1.03	3.5724978234583054
1.04	3.882463128809162
1.05	2.7321502949075924
1.06	3.549899556592587
1.07	3.5425600811975317
1.08	2.8096954377177634
1.09	2.9571632381742967
1.1	2.8601310915856413
1.11	3.4422008493172154
1.12	2.8348316911009133
1.1300000000000001	3.4479867659930914
1.1400000000000001	3.425472149262159
1.1500000000000001	3.761557433466912
1.16	3.079190304648941
1.17	3.46282367420659
1.18	3.461887763157053
1.19	3.2982891314277745
1.2	3.014428143846064
1.21	3.031998047046888
1.22	2.571494712990769
1.23	3.2679624057509153
1.24	3.465674554239787
1.25	3.6169496668168564
1.26	3.2462951733685
1.27	3.1553626003151614
1.28	2.9341709061956056
1.29	3.726687044782105
1.3	3.375971953370886
1.31	3.590396454849713
1.32	4.000903854039892
1.33	3.444968850779837
1.34	3.3577972972366963
1.35	3.6926823075472344
1.36	3.488150439540486
1.37	3.2381405994541566
1.3800000000000001	2.8357430662345617
1.3900000000000001	3.218165183686904
1.4000000000000001	3.2997230062221616
1.41	2.9312541424686827
1.42	2.4865895087018597
1.43	2.3929558622197136
1.44	1.9118114613733257
1.45	3.1772280526471395
1.46	2.5193343943104045
1.47	1.6219839366319335
1.48	0.9930300714945275
1.49	0.8264674205748823
1.5	2.045990674743908
1.51	2.4578422783692986
1.52	1.7299397227006836
1.53	0.4674825188331233
1.54	0.984356448122101
1.55	0.2664743648455399
1.56	10
1.57	1.779346338085792
1.58	4.171026903289182
1.59	2.4818521378871057
1.6	3.1134163879520607
1.61	4.230024933552015
1.62	0.18157091672602732
1.6300000000000001	0.0391598208184295
1.6400000000000001	0.15167897804791786
1.6500000000000001	3.2986157246465306
1.6600000000000001	3.2344108759053873
1.67	3.453368709902647
1.68	3.0294149950933926
1.69	3.221845347189886
1.7	2.9034019250543337
1.71	2.7770723004078315
1.72	3.4520796754105985
1.73	3.1501119458471756
1.74	3.266087466226894
1.75	2.7023937684487107
1.76	3.233936971885817
1.77	2.8051982263249036
1.78	1.5982550335562637
1.79	0.5595768246434005
1.8	0.24803969545534799
1.81	0.1291491653435256
1.82	6.470238506017374
1.83	1.5204957933934728
1.84	1.2042968845291149
1.85	0.1951803170308699
1.86	1.5087227975234945
1.87	0.027507253009655397
1.8800000000000001	2.0790775675851987
1.8900000000000001	0.25230434515554234
1.9000000000000001	1.0388586258623844
1.9100000000000001	2.8685249870651335
1.92	2.5744463787621985
1.93	2.469780842268496
1.94	2.176210112993555
1.95	2.446224926182703
1.96	2.6807679850491297
1.97	2.218788403142372
1.98	2.3293723396102752
1.99	2.249822668683747
2.	2.2648193391778206