0.	0.3007392859394132
0.01	0.9032459596856584
0.02	1.4219068662382968
0.03	0.9762193158609747
0.04	1.6446300800313942
0.05	3.1883879903842924
0.06	10
0.07	8.476710928059454
0.08	10
0.09	10
0.1	10
0.11	3.6070454100768474
0.12	1.5455341169803294
0.13	0.022800129777647216
0.14	0.004840713168202951
0.15	0.11144044137430922
0.16	0.010558747065947612
0.17	0.020601394883855095
0.18	0.030862424214745755
0.19	0.08759878591572985
0.2	0.037194558236524504
0.21	0.05486929681995495
0.22	0.06246119234606845
0.23	0.2775983109751168
0.24	0.07068540845964455
0.25	0.1994668184593468
0.26	0.184076063564003
0.27	0.09580761844896443
0.28	0.16767259856885613
0.29	0.3860403543411947
0.3	0.2499503231799155
0.31	0.12660981052978182
0.32	0.5939287278202715
0.33	0.33525377384233723
0.34	0.37516340567572365
0.35000000000000003	0.39216982664651856
0.36	0.4102960011157539
0.37	0.20798555114354128
0.38	0.6114831388837496
0.39	0.5650830436227459
0.4	0.8968106842637065
0.41000000000000003	0.5571501885734391
0.42	0.420863074120421
0.43	1.040109953842406
0.44	0.8391756701084641
0.45	0.5831883660910793
0.46	1.1355321690228473
0.47000000000000003	0.8731659612678032
0.48	0.7593487753129106
0.49	0.9338218836203637
0.5	0.9224223431272007
0.51	0.6946237614647546
0.52	2.623814320390033
0.53	2.766826646723469
0.54	0.7138431134694353
0.55	1.2079440173248324
0.56	0.5181086577277829
0.5700000000000001	0.23189807164120202
0.58	0.3685401319505763
0.59	0.28069519871958687
0.6	0.0530946427234848
0.61	0.6571365907336593
0.62	0.34298801801962603
0.63	0.02247329181027738
0.64	0.3792323919928552
0.65	0.7336843868562938
0.66	1.101760891439807
0.67	1.1973048932421992
0.68	1.2700486149432453
0.6900000000000001	0.9778228703810624
0.7000000000000001	1.3019692801398042
0.71	1.3454004732589153
0.72	1.5096455764302448
0.73	1.7728293115736184
0.74	1.9050362928748783
0.75	1.9458069648182192
0.76	1.6070787517480984
0.77	1.5780839757747644
0.78	1.8153987275810186
0.79	1.7088948209271613
0.8	1.9707606495214554
0.81	1.89955048466478
0.8200000000000001	2.3182783257763284
0.8300000000000001	2.2285734970924507
0.84	2.1166758113573128
0.85	2.1252390271996853
0.86	2.321562977736929
0.87	2.185114763360099
0.88	2.2947473297773646
0.89	2.597631656278206
0.9	2.5774533907897093
0.91	2.5608508400417964
0.92	3.0684117639950723
0.93	2.6567605638334024
0.9400000000000001	2.6869758513576327
0.9500000000000001	2.864805327363924
0.96	2.927102132800799
0.97	2.605582873758462
0.98	3.25306829689587
0.99	2.9052812591381993
1.	2.720911765724367
1.01	3.536608849125374
1.02	3.2425694883197265
1.03	3.1397366751974807
1.04	2.538047838508882
1.05	2.095534647966991
1.06	2.834194405101478
1.07	2.578167431771399
1.08	2.6787856711034475
1.09	2.247613066023841
1.1	2.212936951650859
1.11	2.4105450417866194
1.12	2.120031967608145
1.1300000000000001	2.307968187265388
1.1400000000000001	2.7331898279796
1.1500000000000001	2.8139814188870194
1.16	2.7984638005365166
1.17	2.8480481112090588
1.18	3.273970987263673
1.19	3.2733315457132015
1.2	2.6824110194641966
1.21	3.244969083110444
1.22	2.482568311729641
1.23	2.776342991278238
1.24	3.4014239583381594
1.25	2.1709449560770273
1.26	3.132045091942853
1.27	2.8430999333245452
1.28	2.7557562813567573
1.29	2.950246370498555
1.3	2.77237114586984
1.31	3.1620444612694563
1.32	2.3744275646623674
1.33	2.8812879595517846
1.34	2.568259614234304
1.35	2.023722278075307
1.36	1.8104955451243736
1.37	2.0725268221906394
1.3800000000000001	2.0248005379110587
1.3900000000000001	1.6277611873891493
1.4000000000000001	1.3072446674379279
1.41	3.6794697518289623
1.42	3.186849379169468
1.43	3.3270902370497497
1.44	2.721007565617292
1.45	2.769473721575652
1.46	1.8392835516130113
1.47	1.8893743351306755
1.48	1.9859863314966513
1.49	2.0621571765441065
1.5	2.5526583033427865
1.51	2.4139617800639166
1.52	1.186849927840988
1.53	0.3847131702126215
1.54	0.8550951135799586
1.55	1.0657525937578223
1.56	1.9177812400741778
1.57	3.1080378622874916
1.58	4.029760636264473
1.59	5.891438492100435
1.6	2.4873391480705
1.61	2.1700762090341574
1.62	2.3059703924077435
1.6300000000000001	0.5531110221107394
1.6400000000000001	0.9930147701029085
1.6500000000000001	1.2391803951141376
1.6600000000000001	0.1762125267502065
1.67	0.6437912059792625
1.68	0.40425760462262994
1.69	0.29880499155014695
1.7	0.06226082413768319
1.71	0.42381463998969615
1.72	0.45527835120696825
1.73	1.0934637842168287
1.74	1.1412369522281363
1.75	1.3019696056038246
1.76	1.2399217933419702
1.77	1.8098238379806693
1.78	1.64785705426903
1.79	1.3878579982638912
1.8	2.0678086823103348
1.81	1.2693771330113905
1.82	0.9428275344335819
1.83	1.3732982770253093
1.84	3.2232296983701776
1.85	3.1851216485900062
1.86	0.9816766206263936
1.87	2.165008844174249
1.8800000000000001	0.5116048986402915
1.8900000000000001	2.0145354529446333
1.9000000000000001	1.726370985050798
1.9100000000000001	1.9717575306328863
1.92	1.5745153417612763
1.93	2.3581745638344542
1.94	2.549971242897789
1.95	2.5875751810352554
1.96	2.4981100767565487
1.97	2.076100625603578
1.98	3.1366215843127696
1.99	2.746252670879402
2.	2.449756205505736