0.	1.3708796893203838
0.01	0.06774087084825202
0.02	0.03696510112672713
0.03	0.029870859209716265
0.04	0.031138425309190688
0.05	0.041585797068990744
0.06	0.09941037276880196
0.07	0.06542244057835427
0.08	0.15151165088390559
0.09	2.68960690356533
0.1	0.3514597496819497
0.11	10
0.12	0.5053464873063575
0.13	4.844265596792408
0.14	0.6045490600961893
0.15	0.18725526242592375
0.16	0.1077826835700886
0.17	0.05260976118623649
0.18	0.0516875465421047
0.19	0.029796394838201658
0.2	0.009058676748134976
0.21	0.05154850301841857
0.22	0.010561747706689746
0.23	0.1534698995429704
0.24	0.021848135053331764
0.25	0.06214385199415977
0.26	10
0.27	10
0.28	5.868165309833554
0.29	2.494933184930539
0.3	1.446306895836785
0.31	0.8667108815015833
0.32	0.626157848388907
0.33	0.599333679653164
0.34	0.40592120169631324
0.35000000000000003	0.0851948792819283
0.36	0.20631962966248923
0.37	0.474175724453309
0.38	0.05170289192358536
0.39	0.26497708320547353
0.4	0.14674166559068946
0.41000000000000003	0.205280501742003
0.42	0.22583827680119264
0.43	0.17233923120809988
0.44	0.11342199773863235
0.45	0.1037526118329446
0.46	0.06283066243198529
0.47000000000000003	0.38301051242239775
0.48	0.050225148436241235
0.49	0.5716745258157642
0.5	0.7373053655322472
0.51	0.29383338722776575
0.52	0.8410687698866077
0.53	1.0557473733187983
0.54	0.9125479525403688
0.55	0.8525107268264266
0.56	0.7973934357998204
0.5700000000000001	1.0085376320571384
0.58	1.1606457666049401
0.59	1.1035151788583955
0.6	0.6673377756803374
0.61	0.9631492359687026
0.62	0.8333381615055233
0.63	1.2015507724997576
0.64	1.1306936885205603
0.65	1.5036641335284024
0.66	1.1258986441412877
0.67	1.4815586158732053
0.68	1.506243186303307
0.6900000000000001	1.6899646209302637
0.7000000000000001	1.7081245320774447
0.71	2.0329853315970867
0.72	1.7265154120216093
0.73	1.6587088191983084
0.74	1.8142569732516427
0.75	2.3288118696475646
0.76	1.9645667494385912
0.77	2.050528323341916
0.78	1.1921827019321556
0.79	1.1455818523547827
0.8	2.032905488114452
0.81	1.1807644052584885
0.8200000000000001	1.4869651684147016
0.8300000000000001	2.201569479739927
0.84	1.7026565859093516
0.85	1.4856247303041847
0.86	2.1919494204241583
0.87	1.6120535997607441
0.88	1.4925330948217777
0.89	2.2578211327405215
0.9	2.015209803567548
0.91	1.647121685250983
0.92	2.1965208581963105
0.93	2.066725028054285
0.9400000000000001	2.2096722545182677
0.9500000000000001	2.5984861485208217
0.96	2.1667122343557477
0.97	2.6797995630457825
0.98	2.674408200840356
0.99	1.9850393877210868
1.	2.283221416516411
1.01	2.9657436464448184
1.02	2.514739418419543
1.03	2.7101250212127987
1.04	2.847263131788243
1.05	3.0077896915562103
1.06	3.5818573160531293
1.07	3.2651190672888286
1.08	2.9405230902553656
1.09	2.4358748147428013
1.1	3.1978759294148085
1.11	2.8842549558011514
1.12	2.226035532537055
1.1300000000000001	2.616779562055644
1.1400000000000001	3.6455010026346204
1.1500000000000001	2.939643397939089
1.16	2.8676128048965865
1.17	2.522460264870366
1.18	2.943962322679271
1.19	2.7649105312549302
1.2	3.152149585174969
1.21	3.4017284308207705
1.22	3.2563690176240514
1.23	3.4876061696696237
1.24	3.049753543893207
1.25	2.999762351560669
1.26	3.0411208357649184
1.27	2.6355846647538876
1.28	2.1897585700882676
1.29	3.141225377788625
1.3	3.5331906740556827
1.31	3.6320400713161867
1.32	3.268712512235457
1.33	3.346558645164728
1.34	3.4418176164702357
1.35	3.316452939598076
1.36	2.7431583661110963
1.37	3.0435689612525065
1.3800000000000001	2.373209317020564
1.3900000000000001	2.47356844989526
1.4000000000000001	1.5001022715639771
1.41	2.858106864230499
1.42	2.485946014508207
1.43	2.6360988093322772
1.44	2.1088323321394857
1.45	1.9192196058409168
1.46	0.4851281290403954
1.47	1.105074537098372
1.48	2.2124926037566115
1.49	0.8976597364981964
1.5	1.7938168468807967
1.51	1.3987936657314177
1.52	3.668446763156461
1.53	0.10266786376252002
1.54	0.5012062169936118
1.55	4.256674220629833
1.56	10
1.57	10
1.58	1.3399522108712927
1.59	6.588165284909984
1.6	0.6746610153321617
1.61	0.06986697220986693
1.62	0.806538290391142
1.6300000000000001	1.8815617097502422
1.6400000000000001	0.7859957355695897
1.6500000000000001	0.7148934292349121
1.6600000000000001	1.4651527946546405
1.67	0.4061385366330789
1.68	0.16708910390033893
1.69	1.1226409591630726
1.7	1.6211405157101546
1.71	1.0023099102859887
1.72	1.4071312398637992
1.73	2.4879914906597325
1.74	1.8780943422412186
1.75	1.2427876976936305
1.76	1.3805797378895068
1.77	0.06329018635699413
1.78	0.8986916046405116
1.79	0.6862092187817752
1.8	1.4562257806481775
1.81	1.5073022807588328
1.82	3.6391894686435524
1.83	0.5881014901623722
1.84	1.1553027116771177
1.85	0.6469820542125979
1.86	1.385965950379929
1.87	0.6861875323141399
1.8800000000000001	0.4741298186872027
1.8900000000000001	0.5963984367551384
1.9000000000000001	1.2401744018365926
1.9100000000000001	1.29146797421428
1.92	0.11971649703590881
1.93	0.9032466729086404
1.94	2.1072312836748006
1.95	1.697203308027202
1.96	2.4897141197152095
1.97	2.324697735956062
1.98	2.6504520530651243
1.99	2.567085153014335
2.	2.3209991318391605