0.	0.0142565818932417
0.01	0.03977042960068952
0.02	0.06462347594149906
0.03	0.07670626283964965
0.04	0.06609375972063777
0.05	0.08400005198613125
0.06	0.14785231920818576
0.07	0.08594280992133328
0.08	0.10641185340507239
0.09	0.17278496021238615
0.1	0.09854324430935796
0.11	0.20802729233317116
0.12	0.4830285352144913
0.13	0.49783263057980626
0.14	0.4622760858224567
0.15	0.539265517292923
0.16	0.5278776250138006
0.17	0.5126740059795838
0.18	0.27072972285795927
0.19	0.39785150761722454
0.2	0.12826570321684128
0.21	0.4709304948816916
0.22	0.2852741191074104
0.23	0.41451175206588375
0.24	0.23546741207588898
0.25	0.053063124331268474
0.26	0.4052119353904548
0.27	0.17929422126135286
0.28	0.36489807748821557
0.29	0.9236881068928876
0.3	0.25130174643946845
0.31	0.7443396978670268
0.32	0.6016741674274395
0.33	0.5674317777543325
0.34	0.4270089855720245
0.35000000000000003	0.8440364840449165
0.36	0.7564143286243736
0.37	0.3974348544871047
0.38	0.784949415308486
0.39	0.7451928359238635
0.4	0.6623861452705672
0.41000000000000003	1.0584883339132196
0.42	0.993140313988206
0.43	0.6589115154361752
0.44	1.066488546063344
0.45	1.501380160084177
0.46	1.9571720607220664
0.47000000000000003	1.98990655787649
0.48	1.9495952723618695
0.49	2.2394381668692644
0.5	2.0742323645486613
0.51	1.9846684030869377
0.52	2.1225265588423174
0.53	1.5774556613469628
0.54	2.2349176082182156
0.55	2.016941503623716
0.56	1.8281128203289352
0.5700000000000001	1.930741014479987
0.58	1.6428717569129359
0.59	1.9373436828818251
0.6	1.3202315919224887
0.61	0.6962959774239623
0.62	0.2303417035596419
0.63	2.015149351623335
0.64	0.8115003903646949
0.65	0.3169113562915724
0.66	1.591824125197749
0.67	1.284020785135037
0.68	2.22468577664827
0.6900000000000001	1.97023295542648
0.7000000000000001	2.930113520184115
0.71	1.2061363213635787
0.72	3.247862925697227
0.73	2.1963009167330525
0.74	2.6918083836823166
0.75	2.635051795696781
0.76	3.3407736609127356
0.77	3.208529565712882
0.78	2.948936448929471
0.79	3.639304819315219
0.8	2.759187016418723
0.81	2.5700107984142027
0.8200000000000001	2.102338566440497
0.8300000000000001	2.9138880004844046
0.84	2.713524424731614
0.85	1.7704201560039032
0.86	2.5212600046224947
0.87	2.914072617261715
0.88	2.9204744487604684
0.89	4.475806115929101
0.9	3.702623389866143
0.91	3.1678869774390597
0.92	3.669123466089172
0.93	3.9466416564902964
0.9400000000000001	3.743280030480182
0.9500000000000001	4.179745706340557
0.96	3.3671832728427935
0.97	2.2913533950662766
0.98	2.7486151999242283
0.99	3.435609147625507
1.	3.668261451271105
1.01	3.976271788271898
1.02	3.9213990481272996
1.03	3.7575626000656266
1.04	4.710143894340719
1.05	5.083574733608918
1.06	4.557888190638669
1.07	5.241013476369271
1.08	4.003815938641756
1.09	4.747113260319654
1.1	4.180746989661942
1.11	3.994506665258647
1.12	4.325326794622356
1.1300000000000001	4.595167549370694
1.1400000000000001	3.8675633378331415
1.1500000000000001	4.027006039171271
1.16	4.280926994665734
1.17	4.192808498787645
1.18	3.977152889465276
1.19	3.835507024128442
1.2	3.95270176552265
1.21	3.938340511217355
1.22	3.73322897769743
1.23	3.5387625226208366
1.24	3.8007647610212936
1.25	3.4957958776480376
1.26	4.055796505606594
1.27	4.167359168440739
1.28	3.999773842059798
1.29	4.704746039820913
1.3	3.81785655621041
1.31	3.632787833760438
1.32	4.182599565358495
1.33	4.2864945319595655
1.34	3.7208334050296914
1.35	3.611060678774857
1.36	3.718413426870064
1.37	3.2844628618380396
1.3800000000000001	3.385209309385063
1.3900000000000001	3.317850338729736
1.4000000000000001	1.8572886940462008
1.41	2.8700365080074572
1.42	3.4639647057466076
1.43	3.2089973390466153
1.44	3.2972878418129032
1.45	2.844142192917495
1.46	4.125321234284101
1.47	3.7314451447944204
1.48	3.524327862107923
1.49	3.3222181252695817
1.5	3.463797687848145
1.51	3.9521420500674376
1.52	3.963455088622201
1.53	3.9064695151067923
1.54	3.8895333567608454
1.55	4.436306697885319
1.56	3.720817325821085
1.57	3.6930686564198743
1.58	3.4970244699670125
1.59	3.5629345770096683
1.6	3.9346640879138355
1.61	3.5811789697157845
1.62	3.7089770527900416
1.6300000000000001	3.9142824737799415
1.6400000000000001	3.9245611407197867
1.6500000000000001	3.728625613296266
1.6600000000000001	4.05994852583235
1.67	4.024866910714456
1.68	4.125368588863811
1.69	3.227427564998692
1.7	3.486411916806636
1.71	3.4715395216349387
1.72	3.3310842361044974
1.73	2.9936826669814387
1.74	3.2243319514357176
1.75	3.3233993514748232
1.76	3.522972676726075
1.77	3.2970376207439203
1.78	2.700563563782123
1.79	2.6335609837866247
1.8	2.6234848347560678
1.81	3.265560518862975
1.82	3.3080067142758933
1.83	2.853568792364419
1.84	3.5814413681979875
1.85	3.791930889408518
1.86	3.3546316547695234
1.87	3.145200148289394
1.8800000000000001	3.5065719843854986
1.8900000000000001	2.9375876123515603
1.9000000000000001	3.149849716145667
1.9100000000000001	3.443917088587451
1.92	3.552933374137444
1.93	2.468040623907447
1.94	2.9974004505698253
1.95	2.9211648031680673
1.96	3.5487431216066496
1.97	3.4485351948364613
1.98	3.475422002549077
1.99	3.345125730371158
2.	3.0922990388918583