0.	1.947333196243909
0.01	0.019959285762681692
0.02	0.002302763466035835
0.03	0.0017734630142422238
0.04	0.0011887014812025155
0.05	0.0006380977785331889
0.06	0.00021325586071114762
0.07	0.0003781931174319352
0.08	0.00011836871192344414
0.09	0.0011497261127849212
0.1	0.00015975178883696994
0.11	0.00003841468608884854
0.12	0.014853797442340557
0.13	0.010382976217792432
0.14	0.018515551316297507
0.15	0.01180452431637994
0.16	0.21690970325892248
0.17	0.010193023007192464
0.18	0.114424408044938
0.19	0.022500158023994608
0.2	0.022988610374776956
0.21	0.1475459901985269
0.22	0.032721583729121
0.23	0.2965315116931485
0.24	0.07939900171539203
0.25	0.08183472750659782
0.26	0.07409667137850254
0.27	0.11755884991742245
0.28	0.12176257963699845
0.29	0.11784175157039477
0.3	0.12639328402194758
0.31	0.04587741927835816
0.32	0.32006976984693125
0.33	0.048395263114797346
0.34	0.15035122827426917
0.35000000000000003	0.17302264701358092
0.36	0.34744480740263983
0.37	0.17187255103016236
0.38	0.39361329760398905
0.39	1.2145733742765126
0.4	0.05793485107512111
0.41000000000000003	0.30147756357388045
0.42	0.4725323297694751
0.43	0.01718926357736625
0.44	0.7719807707417877
0.45	0.3957842972001864
0.46	0.11586587176587065
0.47000000000000003	0.16816805287224823
0.48	0.4428450332620888
0.49	0.2615345264688837
0.5	0.4742457781901126
0.51	0.3504589099135377
0.52	1.3424301412850919
0.53	0.94245480965546
0.54	1.074290469303766
0.55	0.7540245015822762
0.56	1.3199087346895122
0.5700000000000001	1.0016219355226879
0.58	1.1695367857725594
0.59	1.1949339109140928
0.6	0.8924224138831898
0.61	1.5340189492743568
0.62	1.3336808501281774
0.63	1.501114883966299
0.64	1.226141210548883
0.65	1.0806750967542595
0.66	1.2083624450840134
0.67	0.9726967386897123
0.68	1.6541535965996321
0.6900000000000001	1.3296308065153821
0.7000000000000001	1.3438028949339558
0.71	1.847278918355812
0.72	1.580193506601358
0.73	2.0652708695469446
0.74	2.145452991975204
0.75	1.820918714192726
0.76	1.9526628031780233
0.77	2.0523704854212736
0.78	0.6218778736415944
0.79	0.47272251644824514
0.8	1.2003752147385336
0.81	0.9451797570967706
0.8200000000000001	0.46540461783976045
0.8300000000000001	1.0127703025852213
0.84	1.241373957890441
0.85	1.1030536134172193
0.86	1.378571177166391
0.87	1.4907500822061976
0.88	1.442669671609202
0.89	1.5845910582928993
0.9	1.3595978325616276
0.91	2.467684360341069
0.92	3.0519785648443967
0.93	2.158069594744362
0.9400000000000001	2.429994971441149
0.9500000000000001	2.939812232979129
0.96	2.712132485607856
0.97	2.888889163698714
0.98	3.0199504173526495
0.99	3.188869947599234
1.	3.3945776879238947
1.01	3.7663520232113523
1.02	3.158112818064967
1.03	3.5785757841304013
1.04	3.129307445337547
1.05	3.2558344402080346
1.06	3.6423653238332063
1.07	3.169510677714393
1.08	3.012935978599167
1.09	2.8152220499237197
1.1	3.038699811004978
1.11	3.5135381211620382
1.12	3.0403207778801935
1.1300000000000001	3.3905243392766833
1.1400000000000001	3.683913662238902
1.1500000000000001	3.726297517192874
1.16	3.6385804876092154
1.17	3.478361127801494
1.18	3.010032979214368
1.19	3.548619331334298
1.2	3.3736722724581627
1.21	3.1453004815176944
1.22	2.79422372459209
1.23	3.1340444834079353
1.24	2.9521664054897703
1.25	3.439035195075172
1.26	2.980996151902164
1.27	3.359303828990318
1.28	3.2890138264254354
1.29	2.478130786804709
1.3	2.7090189213719635
1.31	2.6457895044788753
1.32	2.716061406834767
1.33	2.359163884278454
1.34	2.1701523281982786
1.35	2.3393772939438247
1.36	2.4967406967269934
1.37	3.225789074496903
1.3800000000000001	2.4334547365573678
1.3900000000000001	1.8843938809667025
1.4000000000000001	2.0689283010853488
1.41	3.5702277259507422
1.42	2.9526754883399895
1.43	2.693231488544145
1.44	3.1867863441262383
1.45	2.6233106475789167
1.46	2.990562466440431
1.47	2.8648728791597713
1.48	2.224756654296587
1.49	2.300246333711538
1.5	2.7226581846370532
1.51	2.778099253534445
1.52	0.9040090786522832
1.53	1.1747253371051398
1.54	1.473470427290175
1.55	0.7476369019428342
1.56	1.6140321584513222
1.57	4.008001231947796
1.58	2.860243027541361
1.59	1.9098470286697564
1.6	1.0957029091221968
1.61	0.5971103368335637
1.62	2.35565961567935
1.6300000000000001	2.3536880827570967
1.6400000000000001	2.0630648664699973
1.6500000000000001	2.859289453912549
1.6600000000000001	2.7070933304253306
1.67	2.3972594474791498
1.68	2.0672677733655425
1.69	2.25358404352757
1.7	2.1601214074205024
1.71	2.3629637527926004
1.72	3.0520537250155764
1.73	2.0773161507368587
1.74	2.5885339392304694
1.75	2.816365373908207
1.76	2.1057799654203437
1.77	1.107287785447522
1.78	1.6401724423387787
1.79	1.6938914014449606
1.8	1.616740710652167
1.81	1.6555487409522833
1.82	1.011539277840861
1.83	0.6781960839356795
1.84	0.7003370327186835
1.85	1.2097809740438463
1.86	1.2250915142807117
1.87	1.4614437085780665
1.8800000000000001	1.4129860148775555
1.8900000000000001	1.3403461553968077
1.9000000000000001	2.285679006122715
1.9100000000000001	1.9189891969905304
1.92	2.712383276006803
1.93	2.467016027409236
1.94	2.57504291632588
1.95	2.6670057281430637
1.96	2.4768704048844734
1.97	2.4664492613074245
1.98	3.2082363549749418
1.99	3.1263326661253616
2.	3.200850550203217