0.	0.25648517767946166
0.01	0.10319916582613622
0.02	0.06607226632742992
0.03	0.0753464006225069
0.04	0.07646055194465554
0.05	0.08690620393412488
0.06	0.10563058730142742
0.07	0.08219169447099091
0.08	0.11904541157031454
0.09	0.5380674457871124
0.1	0.11516489812679676
0.11	0.20933126872899144
0.12	0.2720221412909921
0.13	0.20077040863874004
0.14	0.32460668184101005
0.15	0.7779496870723281
0.16	0.6414230682985427
0.17	0.5988772930546667
0.18	0.07160186705524911
0.19	0.30568223074834655
0.2	0.6907400520835195
0.21	0.1161830530370691
0.22	0.3884127880946284
0.23	0.3769525332527134
0.24	1.2069881728273955
0.25	0.14125268845448152
0.26	0.1963864892185826
0.27	0.4693059040186743
0.28	1.1479254432168453
0.29	0.8384333273768266
0.3	1.1129644578945668
0.31	0.5992568526855921
0.32	0.7519641119322169
0.33	1.311259840070903
0.34	1.299285826492107
0.35000000000000003	1.4144128985360298
0.36	1.2621452554961912
0.37	1.3072755298034906
0.38	0.5044053944478015
0.39	0.8653950872413894
0.4	0.7435698670999125
0.41000000000000003	0.354709864347601
0.42	0.3385366185764511
0.43	1.4462604547079527
0.44	1.0581333359155254
0.45	1.4634338297415508
0.46	1.8082934697354427
0.47000000000000003	1.9586291036259795
0.48	1.645388920473756
0.49	1.6604896625846104
0.5	2.0901843310135804
0.51	2.048411131129316
0.52	2.0223970870870467
0.53	2.132130437688175
0.54	2.2994166170394803
0.55	1.5441732209824721
0.56	1.6270306248539923
0.5700000000000001	1.7185351834670992
0.58	1.5735630526341053
0.59	1.674179301600679
0.6	0.5493954463079568
0.61	0.9364111943064888
0.62	0.8670489991254953
0.63	0.7668342487031863
0.64	0.6036391801802037
0.65	0.471196180526962
0.66	1.6113453011396262
0.67	2.31114612465945
0.68	2.661036550041028
0.6900000000000001	2.8119829315575644
0.7000000000000001	2.2950994595753995
0.71	2.899649612182252
0.72	2.7592703325210866
0.73	3.2769503602580867
0.74	2.583771385318662
0.75	2.843775035900234
0.76	3.043296043810664
0.77	3.0733731440152066
0.78	2.7665318054865073
0.79	2.690370486267968
0.8	2.9587256385279233
0.81	3.2385540307397647
0.8200000000000001	3.415166031903365
0.8300000000000001	3.1997745246686393
0.84	2.153191675823309
0.85	2.1423158531376782
0.86	2.438649812067799
0.87	2.994656910608897
0.88	3.117785314944207
0.89	2.9220172000998392
0.9	3.406375490644529
0.91	4.243898465921677
0.92	4.448203206853492
0.93	4.228186270493195
0.9400000000000001	4.057413877633305
0.9500000000000001	4.162119287268562
0.96	2.109828490694799
0.97	2.712381509310819
0.98	4.811457279853212
0.99	4.326058503584656
1.	4.371966545882223
1.01	5.001140197117503
1.02	5.138428460609294
1.03	4.3094639945717255
1.04	4.897599720494586
1.05	4.764189857685225
1.06	4.585072454146157
1.07	4.371239640455926
1.08	4.211552823635216
1.09	3.997880627775
1.1	4.490325709188305
1.11	4.003066357684127
1.12	4.295667864164607
1.1300000000000001	4.515862578867205
1.1400000000000001	4.553937973378245
1.1500000000000001	4.134169443105334
1.16	4.343559746934758
1.17	4.598261429120001
1.18	4.085194757787801
1.19	3.912477108107833
1.2	3.2090612026218
1.21	4.438531178814381
1.22	4.095522719535018
1.23	3.854487990053629
1.24	4.030168630189498
1.25	4.381760198385316
1.26	3.6748415624762227
1.27	3.8061079493684002
1.28	3.5645781588054417
1.29	4.318752731160503
1.3	4.504548043587647
1.31	3.644789580829876
1.32	3.4687868308691314
1.33	3.97135296486335
1.34	3.631873725964628
1.35	3.6049955601924024
1.36	3.3379997071594003
1.37	1.6083359540110838
1.3800000000000001	3.976542081883457
1.3900000000000001	2.996648548780896
1.4000000000000001	3.660031466092306
1.41	3.326891430094009
1.42	4.248538008755634
1.43	3.7038863751041315
1.44	3.2940197860915683
1.45	4.290956857715427
1.46	4.202472206812653
1.47	3.945087983683072
1.48	3.6396229337255255
1.49	3.4444470901210664
1.5	3.89616520630739
1.51	3.800665912804079
1.52	3.5593551233347607
1.53	4.234816450253834
1.54	3.667835033623627
1.55	4.333550395906846
1.56	3.7981817577104295
1.57	3.479131763821912
1.58	3.4276444298590656
1.59	3.749687247744059
1.6	3.824194566229791
1.61	3.692241763549042
1.62	3.5946650755321885
1.6300000000000001	4.090886989060765
1.6400000000000001	3.940672714014058
1.6500000000000001	3.5145989467576104
1.6600000000000001	3.380836357425118
1.67	3.323899692262893
1.68	3.0470180475072794
1.69	3.0203700576076207
1.7	2.5693200339194213
1.71	3.0403305212419465
1.72	3.1496643493309406
1.73	2.721069240633404
1.74	2.855787284311001
1.75	3.116598755175093
1.76	1.9210312895690955
1.77	2.2223635983466186
1.78	3.1954595379671353
1.79	2.818484105963787
1.8	2.4450934312987163
1.81	2.1156780925702177
1.82	2.6624181211016724
1.83	2.8018638633919055
1.84	3.079185655907615
1.85	3.142013062053383
1.86	3.103166976218484
1.87	2.951972108811326
1.8800000000000001	3.2141938372959467
1.8900000000000001	3.0462659100254807
1.9000000000000001	3.606451470439434
1.9100000000000001	2.923329447306988
1.92	3.1533333267201953
1.93	3.0806852633463886
1.94	2.979374073207853
1.95	3.1565683478442588
1.96	2.7539929345469165
1.97	3.0198530187098047
1.98	2.813396603542487
1.99	3.1809167180709284
2.	3.476230066878944