0.	0.1945091006715803
0.01	0.5762094495802548
0.02	0.04294191796741362
0.03	0.799052584547115
0.04	0.048566732439821486
0.05	0.06060410912375029
0.06	0.08029772105693964
0.07	0.061003435818423934
0.08	0.08817626659836869
0.09	0.1347936124240619
0.1	0.09549149144223172
0.11	0.16368399632127154
0.12	0.017794047353750772
0.13	0.42477605644087313
0.14	0.19052403218129554
0.15	0.6376438252897303
0.16	0.7518311811821772
0.17	0.7570250252115855
0.18	0.34902299388651453
0.19	0.7296907174670445
0.2	0.09084701017921713
0.21	0.5028904121198698
0.22	0.5642413567334987
0.23	0.1567818961173248
0.24	0.06029938815436331
0.25	0.02056401723809939
0.26	0.8427544780866928
0.27	0.30012482923135864
0.28	0.7723784488188512
0.29	0.3844768385777076
0.3	0.03686283463591811
0.31	0.885607609350268
0.32	1.148022070428843
0.33	0.861034691348109
0.34	0.8580190440114556
0.35000000000000003	1.3556199020770228
0.36	0.30881474789352636
0.37	1.3854982808681606
0.38	0.30450530743129245
0.39	0.7047751673287885
0.4	0.19051152976377395
0.41000000000000003	0.6407818158288681
0.42	0.7139864784396949
0.43	1.0189628105371962
0.44	1.257259887830792
0.45	1.228660348708127
0.46	1.737767106427689
0.47000000000000003	1.2735944019865175
0.48	1.507556742308824
0.49	1.4936163559469962
0.5	1.716720989034071
0.51	1.7992303990781287
0.52	1.8322687018989279
0.53	1.7032503197947073
0.54	2.1603587464916334
0.55	1.2873667736938166
0.56	1.8086219409304403
0.5700000000000001	1.9532413670714535
0.58	1.5875741986544745
0.59	1.4676529834040575
0.6	0.3026876475210986
0.61	0.5841822874756164
0.62	0.46570464541858425
0.63	2.1724639993642088
0.64	0.3894505737832601
0.65	1.0506623604374565
0.66	0.7621087483051843
0.67	0.026854128399331434
0.68	0.5796745005857828
0.6900000000000001	0.4795710204399244
0.7000000000000001	2.2432198243198087
0.71	1.3079881103645323
0.72	2.120608782557543
0.73	1.7349412635775203
0.74	2.045789084122482
0.75	1.9385113670183816
0.76	2.3331596262028764
0.77	2.7058790452488655
0.78	3.680093266125199
0.79	1.918561620364459
0.8	3.4102804788526004
0.81	3.4509970222362063
0.8200000000000001	3.1881096245172773
0.8300000000000001	3.4581624077087882
0.84	2.833216953907809
0.85	2.1650462518090516
0.86	3.2274938035229104
0.87	2.5772511199041155
0.88	4.062985278496155
0.89	2.990496045215617
0.9	3.714447444414089
0.91	3.742737227683044
0.92	3.919750264289827
0.93	4.111383515704462
0.9400000000000001	4.57459058852558
0.9500000000000001	4.512225940741451
0.96	2.17688956508905
0.97	4.0836709078237305
0.98	4.629168482156653
0.99	3.9667159682832387
1.	4.304291674388619
1.01	3.324253269992761
1.02	4.281923966155431
1.03	3.8175131368455912
1.04	4.8024689763162005
1.05	4.487311072287967
1.06	4.153045793171585
1.07	2.9336000467692243
1.08	2.800441973322889
1.09	4.136816341626275
1.1	3.8546521237828713
1.11	4.185243452768593
1.12	4.447224164711593
1.1300000000000001	4.485293072217111
1.1400000000000001	3.7790741887113404
1.1500000000000001	2.681200826708978
1.16	3.921883726978702
1.17	3.152901712595213
1.18	3.733147245922005
1.19	3.3888935999012006
1.2	3.085537067528937
1.21	2.6382137574193343
1.22	2.703461293317914
1.23	2.7428309045852726
1.24	2.0876906910644877
1.25	3.334128712274918
1.26	3.193044553728377
1.27	3.6605748539377045
1.28	3.1805322060653873
1.29	3.1786989223548137
1.3	3.384523676890482
1.31	3.4818705741926506
1.32	4.165215088669836
1.33	3.3867319823988673
1.34	3.2387302408396286
1.35	2.6175151940936234
1.36	2.21345032890242
1.37	2.7883658987040114
1.3800000000000001	2.356607443373794
1.3900000000000001	1.9867600723664915
1.4000000000000001	3.0628198646128677
1.41	3.377085615252941
1.42	3.612930964113912
1.43	3.4020403929583427
1.44	3.3897562912293457
1.45	3.073039740957374
1.46	3.670551297072433
1.47	3.7890525867661644
1.48	2.657066969177248
1.49	3.453389663495616
1.5	3.919969790215835
1.51	3.420691456188286
1.52	3.8191635042956835
1.53	3.3094332799208193
1.54	3.293406341302865
1.55	3.4291193110115885
1.56	3.896340369129451
1.57	2.7403167177707757
1.58	3.4933234274683045
1.59	3.3430254343093977
1.6	2.9312488456418917
1.61	3.0930698764120566
1.62	2.946049989470357
1.6300000000000001	2.767316119906945
1.6400000000000001	3.440313220306747
1.6500000000000001	3.3154952373884714
1.6600000000000001	3.273178848263525
1.67	3.255381945182254
1.68	3.34301155386056
1.69	2.8921234815892283
1.7	2.905340436923067
1.71	3.030526989472158
1.72	2.1176522547661722
1.73	3.228180354409231
1.74	3.039801831931781
1.75	2.8541906028010073
1.76	2.2898471295535225
1.77	2.727102704215447
1.78	2.257239841814651
1.79	3.043444627449665
1.8	3.1700168042207624
1.81	3.4363582509473147
1.82	2.6045695184488005
1.83	2.814871597174527
1.84	2.985289883847239
1.85	2.8223287095169525
1.86	2.6719487750607103
1.87	3.1077515913140923
1.8800000000000001	3.053271139558723
1.8900000000000001	3.2004891104080437
1.9000000000000001	3.0642029088539235
1.9100000000000001	2.891827958980309
1.92	2.864554566001455
1.93	3.0550152731850018
1.94	3.177583412877472
1.95	3.4731465669654673
1.96	3.0194379845940853
1.97	3.0467733748784265
1.98	3.249234537237391
1.99	3.585494881437792
2.	3.122599567011218