0.	0.24627719531807196
0.01	0.05825679281258281
0.02	0.07290651073148073
0.03	0.07731842438263413
0.04	0.08043978868096535
0.05	0.09059765410085677
0.06	0.14289670827412188
0.07	0.08737185354168124
0.08	0.11215090904167205
0.09	0.2831958114646554
0.1	0.1306347169139529
0.11	0.2363401058718013
0.12	0.5585529179168465
0.13	0.18719761334878177
0.14	0.6000413161675937
0.15	0.24324980171721522
0.16	0.522553176677015
0.17	0.43553048244396064
0.18	0.3962494540094466
0.19	0.37029701169932927
0.2	0.6002491190445274
0.21	0.0714362537644469
0.22	0.06665500352621848
0.23	1.7713742408730644
0.24	0.14284974888186544
0.25	0.7912609334843255
0.26	0.6378137687369815
0.27	0.07526223508906199
0.28	0.5006263453336532
0.29	0.7124066352917743
0.3	0.39848128593723353
0.31	1.1683169310414088
0.32	1.4215704396065107
0.33	1.124353394886674
0.34	1.2295501072339152
0.35000000000000003	0.7688297936269916
0.36	0.780633986538346
0.37	1.5815637984424231
0.38	1.3470912308505922
0.39	0.4419692913965907
0.4	0.5067654571899841
0.41000000000000003	0.841159815967821
0.42	0.8643292354138539
0.43	0.9332941608953678
0.44	1.413928564979446
0.45	0.9474015832050465
0.46	1.3474715680269518
0.47000000000000003	1.8868528802526456
0.48	1.9653703800757278
0.49	1.3621909662363445
0.5	1.9604875006703049
0.51	1.6955874653376728
0.52	1.431284396724869
0.53	2.1289859684436916
0.54	1.337442520073832
0.55	1.8890234757285416
0.56	2.0878658069594223
0.5700000000000001	1.8611441502058796
0.58	0.9470809011961513
0.59	0.6215259246363068
0.6	1.225654267989613
0.61	0.9321260547980531
0.62	1.5104014495859572
0.63	1.3225714883880793
0.64	1.752675399744198
0.65	0.7292157578872398
0.66	2.0383473751676484
0.67	1.1743811462005325
0.68	2.9619819721891503
0.6900000000000001	0.4642406770883618
0.7000000000000001	3.112040676212753
0.71	2.6449882170546353
0.72	3.122654569034804
0.73	2.6981382464488153
0.74	3.3807838833552397
0.75	3.1075853116650003
0.76	3.0794843198192234
0.77	3.5363217574073844
0.78	3.838831823300938
0.79	2.3299492654805922
0.8	3.4601147036927937
0.81	2.458872253184958
0.8200000000000001	2.8584603729809235
0.8300000000000001	3.7688692842214966
0.84	2.327244096262838
0.85	2.4121335281859597
0.86	3.423113481523415
0.87	3.851940100910276
0.88	3.8369745285035064
0.89	3.7858790175364008
0.9	3.9130798777079216
0.91	3.035413094068637
0.92	3.7256496853075616
0.93	3.1830844302231585
0.9400000000000001	3.6641206149506633
0.9500000000000001	3.754754889726506
0.96	3.4805422493948286
0.97	2.9526351366319608
0.98	2.323916693849881
0.99	3.008038710024462
1.	3.6802402563378154
1.01	3.5599135852989128
1.02	3.4018930762197694
1.03	4.644907323519169
1.04	4.522233602824155
1.05	5.213464159253384
1.06	4.360492107879249
1.07	4.076693148588733
1.08	4.2163861275257695
1.09	3.01666412958051
1.1	4.33754589243317
1.11	3.9356065812275327
1.12	4.11391000520399
1.1300000000000001	4.049848032941374
1.1400000000000001	4.093514624693141
1.1500000000000001	4.457754306668065
1.16	4.706121678634315
1.17	4.862453400307863
1.18	5.05184364525042
1.19	5.22101910590859
1.2	4.597765154340739
1.21	4.5539928225377855
1.22	4.48341465264963
1.23	3.593894981970667
1.24	4.680578660259745
1.25	4.294165292596363
1.26	4.372893505537995
1.27	4.3228616105497295
1.28	4.390999074202406
1.29	3.8347674431686136
1.3	2.847012210802722
1.31	4.057105143959564
1.32	2.6789225826934784
1.33	3.627995884060513
1.34	3.1051689555575734
1.35	2.9152517556867874
1.36	2.584437223762257
1.37	2.8840710449318507
1.3800000000000001	0.45372012793065775
1.3900000000000001	2.814438068370776
1.4000000000000001	3.022356507585503
1.41	2.725555928655231
1.42	3.6450897340015764
1.43	3.125223005579471
1.44	2.4506854968160203
1.45	4.197699358557694
1.46	3.9243497777709138
1.47	3.3583557634073307
1.48	3.7871545778187605
1.49	3.820301925901218
1.5	4.109169641536045
1.51	3.6458444334883318
1.52	4.012445698287012
1.53	3.9665250884319123
1.54	3.361073610486944
1.55	3.988418227078533
1.56	4.386715538602855
1.57	3.671328958397232
1.58	2.927518520047263
1.59	3.6172988484208917
1.6	4.115755694567176
1.61	3.5422896562359423
1.62	3.889003684242323
1.6300000000000001	3.581210922173362
1.6400000000000001	3.231709480079372
1.6500000000000001	2.7150018695443405
1.6600000000000001	3.513546984232108
1.67	3.9309446731833964
1.68	2.4647826044427608
1.69	2.6838654516568536
1.7	2.936201808242548
1.71	3.613263774101292
1.72	2.966164389979048
1.73	2.492782531895858
1.74	2.701237976117084
1.75	2.759374306019573
1.76	1.7133453487012908
1.77	3.198602235430591
1.78	2.734344548718858
1.79	2.806973638521894
1.8	2.917556791200405
1.81	2.340183193100832
1.82	2.890828979792978
1.83	3.454600399654195
1.84	2.8808149903493128
1.85	3.1858880197138233
1.86	3.642370916370866
1.87	3.6022531243574463
1.8800000000000001	3.2773166243624328
1.8900000000000001	2.712958338101486
1.9000000000000001	3.3275274769365595
1.9100000000000001	3.2078218175435413
1.92	2.654250121294024
1.93	2.370460388875114
1.94	2.3734931760737865
1.95	2.405539693606206
1.96	2.07836004488597
1.97	2.910175157094147
1.98	2.94044411714657
1.99	2.9875843521661682
2.	2.3654408360082213