0.	0.2765621589641402
0.01	0.07520057682213895
0.02	0.05263345225522226
0.03	0.07185804396968007
0.04	0.07577053871115118
0.05	0.08727491547336831
0.06	0.11277463851181642
0.07	0.07851832646931875
0.08	0.10972852968982551
0.09	0.18155868216978158
0.1	0.10433661860447127
0.11	0.22512015285802184
0.12	0.4939225621734222
0.13	0.03351607665947761
0.14	0.4937746760735342
0.15	0.7746420075438171
0.16	0.30653091353662254
0.17	0.3382891165387869
0.18	0.49403926091268574
0.19	0.3017315085229124
0.2	0.4611293772707288
0.21	0.3341681722342016
0.22	0.49288564449249334
0.23	0.47216921312528226
0.24	2.049768345884345
0.25	0.17949330027643545
0.26	0.6835158901173986
0.27	0.48936612270973184
0.28	0.5169824859086012
0.29	0.7847489036775063
0.3	0.5489311144637297
0.31	1.121006626593215
0.32	1.2821134675358716
0.33	0.6219258925176134
0.34	1.2586787640341557
0.35000000000000003	1.3701996500775344
0.36	1.0739744755102358
0.37	1.1371518737379536
0.38	0.9546071871400423
0.39	0.301534636526804
0.4	0.5772086031625718
0.41000000000000003	0.2682328332991556
0.42	0.5769802544074184
0.43	1.3235256276771132
0.44	1.4739329782776123
0.45	0.27681130635768514
0.46	1.7883408192795602
0.47000000000000003	0.7751356572966754
0.48	1.7236034183700477
0.49	1.5156691436869778
0.5	1.81589891422413
0.51	1.3483697536108155
0.52	1.7457184314136946
0.53	2.062292581230086
0.54	2.102603101421712
0.55	1.902861168235677
0.56	1.7694102009588135
0.5700000000000001	1.3635564704460124
0.58	1.2300872129190799
0.59	0.05503501264354793
0.6	1.7123727151076489
0.61	0.8704882601903563
0.62	0.6903433478714653
0.63	0.40451625505762157
0.64	1.0514934586084526
0.65	2.297631150804058
0.66	3.9077835880338125
0.67	1.6616287698997407
0.68	0.3894503604211059
0.6900000000000001	1.2529825151899798
0.7000000000000001	3.1080834119876486
0.71	2.7145804552178845
0.72	2.07494933643385
0.73	2.5595756146906803
0.74	2.8402313033216244
0.75	2.334075919166232
0.76	2.960285096703649
0.77	2.5291371034807772
0.78	3.020546431675471
0.79	2.7973825872306843
0.8	2.7814418641560756
0.81	2.458542888092694
0.8200000000000001	2.6423685696504604
0.8300000000000001	2.9821731680847945
0.84	2.858489786742637
0.85	1.3735322064967053
0.86	2.633443363011607
0.87	3.7265054580463612
0.88	2.981711291254032
0.89	3.6648526266598536
0.9	3.389946592501854
0.91	3.2449779213347734
0.92	3.8465305411983155
0.93	4.393839917190926
0.9400000000000001	4.334631720468764
0.9500000000000001	3.8064132651619764
0.96	2.735653276475553
0.97	3.7383031863759153
0.98	3.5676292661672493
0.99	4.029463093090214
1.	3.978777696820369
1.01	4.634587025685374
1.02	3.1422492455901585
1.03	4.420822399360779
1.04	4.4212452515619605
1.05	4.471341496261595
1.06	4.4611514758928354
1.07	4.3141364347809965
1.08	4.4805830879236
1.09	4.018535644111147
1.1	4.291432164486181
1.11	3.593617793336791
1.12	3.901644739374742
1.1300000000000001	3.6037198843474822
1.1400000000000001	3.684561105187993
1.1500000000000001	4.292817201216374
1.16	4.486729535544273
1.17	4.5880200158447755
1.18	4.410429460487401
1.19	3.9747769417378946
1.2	3.9133819975545867
1.21	4.975121399581567
1.22	4.249793227282271
1.23	4.025165698597034
1.24	4.444336389164998
1.25	4.3997446215039915
1.26	4.896016161281376
1.27	4.101712078500801
1.28	4.54030657877933
1.29	3.7590274884225883
1.3	3.5698011368222957
1.31	3.225802015847684
1.32	3.0755806729420936
1.33	3.3610074826793714
1.34	3.615021239153126
1.35	1.1366029831157967
1.36	1.930334065790098
1.37	1.6051813016091447
1.3800000000000001	0.7231827984421033
1.3900000000000001	2.199827560923019
1.4000000000000001	1.7365385043545936
1.41	2.2374761266968424
1.42	3.037370467936836
1.43	3.1655011057982017
1.44	3.473284325474931
1.45	3.2726863490371376
1.46	2.6636669917283617
1.47	2.4459870981928455
1.48	2.7015116286973715
1.49	3.181752238659986
1.5	3.0554377535874315
1.51	3.0776229689376833
1.52	3.539007529024942
1.53	3.7407577231986946
1.54	3.526297188404136
1.55	3.9138134742738826
1.56	3.755116956186662
1.57	4.0233221174045335
1.58	3.8819981702774076
1.59	4.047182265355077
1.6	3.9285095955793787
1.61	4.302247027683931
1.62	3.8689548901827715
1.6300000000000001	3.6635370788447865
1.6400000000000001	3.843272938939584
1.6500000000000001	3.2538660714309935
1.6600000000000001	3.495626343455626
1.67	3.7987970342676163
1.68	3.0554743668114472
1.69	3.29012912212077
1.7	3.579121941719333
1.71	2.91891646810369
1.72	2.6937088650528347
1.73	2.98857751112413
1.74	2.783978727057754
1.75	2.7926944112719987
1.76	2.5828201420052688
1.77	2.701445459143094
1.78	2.519794992723288
1.79	1.955982553670597
1.8	3.007608478666469
1.81	3.2376800781472648
1.82	2.893858084465055
1.83	2.8081834060284665
1.84	3.3823204440687307
1.85	3.149253496951551
1.86	3.271948076150493
1.87	2.761394771768318
1.8800000000000001	3.2723074031187243
1.8900000000000001	2.827363473158358
1.9000000000000001	2.152333531780898
1.9100000000000001	2.9589546658674517
1.92	2.9705786398099656
1.93	3.1787901350874357
1.94	2.684183122490691
1.95	2.7578639547233026
1.96	2.431147292731727
1.97	2.697593400596547
1.98	3.112838864400502
1.99	3.1184897338080444
2.	2.659481935926749