0.	3.1689949423713224
0.01	0.41533134016751205
0.02	0.1819508386497536
0.03	0.09211695818813397
0.04	0.1442882625008991
0.05	0.11136585272754543
0.06	0.08800395033511763
0.07	0.12310009764210225
0.08	0.11026708531196294
0.09	0.10585246577640733
0.1	0.13952464965866285
0.11	0.16155626739811124
0.12	0.45248783061640974
0.13	0.20748106570209124
0.14	0.15552694776790332
0.15	0.5611134300726686
0.16	0.13879804774368015
0.17	0.564745853524731
0.18	0.34168581408187243
0.19	0.5920696011118811
0.2	0.711737136667812
0.21	0.12070816734300084
0.22	0.2893400777132378
0.23	0.10711637132874202
0.24	0.40290681598820444
0.25	0.6891747148132517
0.26	0.19420927362635843
0.27	0.2979124551005034
0.28	0.8444744369150783
0.29	0.5219981735876134
0.3	0.7554225330125629
0.31	1.1590626221341571
0.32	1.274224852104239
0.33	1.258444169772028
0.34	1.102072743533645
0.35000000000000003	1.1801960197259285
0.36	1.4805678858136244
0.37	1.6819028107277276
0.38	0.7611732420469629
0.39	0.8743713940949969
0.4	0.07307665713542877
0.41000000000000003	0.8338403960250965
0.42	1.2719427677531017
0.43	1.4578010537595472
0.44	2.051397217389574
0.45	1.5831411257842656
0.46	2.1678232801894697
0.47000000000000003	1.8318192578292427
0.48	2.000997442821728
0.49	1.9789349136046146
0.5	2.1753064037204286
0.51	1.5662011362332802
0.52	2.083336270403424
0.53	2.3223756818400867
0.54	2.0839962150948184
0.55	1.3822847992810299
0.56	2.053265886190822
0.5700000000000001	2.015171358617904
0.58	0.714131366694122
0.59	1.0389707383120037
0.6	0.698140080035879
0.61	1.4724692454828885
0.62	1.5019600168116236
0.63	1.135757477613502
0.64	1.1390021796048873
0.65	0.08269246121807539
0.66	0.34275387546133396
0.67	1.5152454938139752
0.68	2.051782136250447
0.6900000000000001	2.151132249929085
0.7000000000000001	2.0007327817014264
0.71	2.2615779267423854
0.72	1.6879381721876006
0.73	2.6193373682421743
0.74	2.823461057837176
0.75	2.906790788747891
0.76	3.4936199522346456
0.77	3.169828306181813
0.78	2.8108867426664905
0.79	2.5504050669035365
0.8	3.23783510172544
0.81	2.3696855740998224
0.8200000000000001	3.2101317543160843
0.8300000000000001	3.6474167372798463
0.84	2.1830298615990897
0.85	2.3017744555313757
0.86	3.2971742010729783
0.87	2.417986471591556
0.88	2.6749238889398717
0.89	2.7763434792896327
0.9	3.1220237776404103
0.91	1.611253316907922
0.92	2.214334035112346
0.93	3.4151815939492014
0.9400000000000001	3.00330507639134
0.9500000000000001	3.1930504370561605
0.96	0.026867301475028915
0.97	3.0921462530021184
0.98	3.3358192503467325
0.99	3.3585033080765485
1.	2.9929310012372503
1.01	3.0521015271534324
1.02	3.511443556431083
1.03	4.7831827846593695
1.04	3.6385954447152926
1.05	4.062831480409979
1.06	4.412241457630317
1.07	4.209925037425878
1.08	3.7453221731684634
1.09	3.2406073904896755
1.1	2.6119927201929203
1.11	3.7992035801481934
1.12	3.2860549633147818
1.1300000000000001	4.340440930325009
1.1400000000000001	3.8893438128628777
1.1500000000000001	3.696993476883139
1.16	4.4755065431797165
1.17	4.042624132477961
1.18	4.380895906091115
1.19	3.5805126787356105
1.2	4.134665816582362
1.21	3.5302390142217166
1.22	4.456206897608
1.23	4.238706337479862
1.24	3.528070592724036
1.25	2.96805009345775
1.26	3.5939244908578853
1.27	3.8789228121533625
1.28	3.860724429252021
1.29	2.9626626567847074
1.3	3.9323337061818107
1.31	3.801155886717125
1.32	3.1022983510225846
1.33	3.2802505834846727
1.34	3.3947630355701697
1.35	2.7125567917316316
1.36	2.679994366941518
1.37	3.407946647446252
1.3800000000000001	1.8801702156254936
1.3900000000000001	1.791562301146211
1.4000000000000001	4.0146826665332265
1.41	2.978424923566802
1.42	3.1728430839433175
1.43	4.01422895714722
1.44	3.224559121024021
1.45	3.2635520358164234
1.46	2.861395256412526
1.47	2.7415560068867686
1.48	2.9172694957484597
1.49	3.1709770787861067
1.5	2.887525372842279
1.51	3.6209292269666875
1.52	3.0702449474849196
1.53	3.6948465711052787
1.54	3.7461387606337766
1.55	3.080785915853868
1.56	3.4002527809719183
1.57	2.7791328390143653
1.58	2.5226268179833857
1.59	3.2017845228231288
1.6	2.8854615173432308
1.61	3.2092243563061693
1.62	3.208896493320567
1.6300000000000001	3.2436965550464323
1.6400000000000001	3.7942178325878615
1.6500000000000001	3.6073408030072316
1.6600000000000001	3.6234610537944896
1.67	3.490554339258944
1.68	2.500153418846332
1.69	2.545659968827319
1.7	2.717401425872415
1.71	3.8125200307352367
1.72	3.751384634735526
1.73	3.529747081795471
1.74	3.0331615975414423
1.75	2.5881033503019966
1.76	2.642788261354764
1.77	3.4221917872498384
1.78	2.403501304120316
1.79	3.189837704134886
1.8	2.6982467248003523
1.81	2.612515235593234
1.82	3.312287956390831
1.83	2.560334132094547
1.84	2.7026437271007673
1.85	3.1144695900475394
1.86	1.952040402331525
1.87	2.383004666322587
1.8800000000000001	2.934102535261788
1.8900000000000001	1.8523158766527295
1.9000000000000001	2.742861784174062
1.9100000000000001	2.1949993723232524
1.92	2.5502575560475114
1.93	2.2313262668340226
1.94	3.137980898997932
1.95	2.2153836316759774
1.96	2.429778412997208
1.97	2.4738681483133407
1.98	2.5943769252973676
1.99	2.6948251070463396
2.	2.498417558498012