0.	1.8504901743657958
0.01	0.032357457587852356
0.02	0.008997587207213185
0.03	0.03459447409321734
0.04	0.04225514785018558
0.05	0.049722358809561086
0.06	0.05531854441276933
0.07	0.061674151631068576
0.08	0.06940135349882423
0.09	0.07851049310799817
0.1	0.0888119756470172
0.11	0.10297177822136777
0.12	0.11496476489835766
0.13	0.45618593847926686
0.14	1.4904010888456454
0.15	1.4235026780948847
0.16	6.466075353102275
0.17	1.9453724902230902
0.18	3.371745510787589
0.19	10
0.2	10
0.21	2.132289423712287
0.22	5.42835650791535
0.23	1.8798554288965836
0.24	1.3875861270765175
0.25	0.9111258821631274
0.26	0.3705740964204842
0.27	0.109230074468143
0.28	0.22545595127643328
0.29	0.37348272756008216
0.3	0.17414753118848972
0.31	0.36996418476852944
0.32	0.28515495303803684
0.33	0.11485378961144813
0.34	0.2539419022605267
0.35000000000000003	0.35016838421972873
0.36	0.11675376876490819
0.37	0.3196472307561732
0.38	0.5113169425240827
0.39	0.4541718236122124
0.4	0.46561469653576104
0.41000000000000003	0.32753014356774013
0.42	0.4344789170938311
0.43	0.532686653322045
0.44	0.8961148246354611
0.45	0.7098244668536808
0.46	0.6557865759101991
0.47000000000000003	1.0118222889167683
0.48	0.6503689133209924
0.49	0.6867451636658783
0.5	1.0029856146551603
0.51	1.0246139500754257
0.52	0.9883441408111253
0.53	0.787640598794483
0.54	1.1509261423067092
0.55	1.4044982112276192
0.56	1.2163181200933324
0.5700000000000001	1.2962909332640271
0.58	1.4495062039005844
0.59	1.2898495191521997
0.6	1.2224683718213323
0.61	1.4544477813041654
0.62	1.6061676224935972
0.63	1.714989335698168
0.64	1.8948925277911004
0.65	1.4472790763726031
0.66	1.0954249704516394
0.67	1.1333281255675205
0.68	1.9485915519826067
0.6900000000000001	1.2009907264019848
0.7000000000000001	1.7267590360215364
0.71	1.549960377735188
0.72	1.2646929112097856
0.73	1.4397846793988243
0.74	1.8627680124371002
0.75	1.8137329317561552
0.76	1.733774319674546
0.77	1.9034080791009762
0.78	1.7230964234206854
0.79	1.4241672129181149
0.8	1.6059932251602507
0.81	1.4832530700619957
0.8200000000000001	1.2467822969957592
0.8300000000000001	1.7154432550184893
0.84	1.7739034675280163
0.85	1.619215288739765
0.86	2.117526458045791
0.87	2.0386867788464165
0.88	1.99206116668748
0.89	2.166223718610903
0.9	2.693529244280404
0.91	1.7283164383677367
0.92	1.9070804461555253
0.93	2.081762042366122
0.9400000000000001	2.0760322645431053
0.9500000000000001	2.5652983762173895
0.96	2.0179664960002968
0.97	1.9593856070426532
0.98	2.492586847917708
0.99	2.2089470357586984
1.	2.3960664651315304
1.01	2.5418608922121795
1.02	3.1101656414244663
1.03	2.715418385350953
1.04	3.4569487713272196
1.05	3.4318376454066377
1.06	3.3368036819133886
1.07	3.6250652505053624
1.08	3.453000831443893
1.09	3.472838876380081
1.1	3.9784156758897207
1.11	3.2943589876521844
1.12	2.8725430976397566
1.1300000000000001	3.8774451232651828
1.1400000000000001	3.097715538229294
1.1500000000000001	3.7155432286675647
1.16	2.7742045487204026
1.17	3.48865910871369
1.18	3.4562132761491124
1.19	3.557242785624233
1.2	3.4606271090269227
1.21	3.740545305612151
1.22	3.5310065281145175
1.23	3.664358289127014
1.24	3.1299881140251054
1.25	3.5937486417870987
1.26	3.4358838823136337
1.27	3.2735357764544895
1.28	3.5477073207983505
1.29	2.9344129646836214
1.3	3.154996227386108
1.31	2.9720104915655314
1.32	2.8743731642263453
1.33	3.611028357239551
1.34	3.2093642351202236
1.35	3.516576791462503
1.36	3.0232996458784607
1.37	2.7102875232743564
1.3800000000000001	3.2873153943926368
1.3900000000000001	2.6508874484603755
1.4000000000000001	3.1938852306208387
1.41	1.5686051920284625
1.42	2.2625435786530477
1.43	2.23980375601409
1.44	1.9962835120600422
1.45	2.3097458190798763
1.46	2.401853772754223
1.47	1.2928032338453683
1.48	2.5634955439972282
1.49	0.39100242892735215
1.5	1.1114483898184069
1.51	0.7743842814305872
1.52	2.479423689740596
1.53	3.472612817371749
1.54	10
1.55	4.220521461738279
1.56	3.810101002675278
1.57	6.163757241477248
1.58	1.0993893705706939
1.59	0.2844324622495832
1.6	0.0036208245260767047
1.61	1.2089003634782804
1.62	2.560890769387405
1.6300000000000001	3.059907013708404
1.6400000000000001	2.3471312601461065
1.6500000000000001	2.5887028989282515
1.6600000000000001	2.3805724620205453
1.67	2.0785682619586137
1.68	2.7151426073978238
1.69	2.3726357840976577
1.7	2.2522249401002385
1.71	2.9185967221066758
1.72	1.9524768613708592
1.73	2.5324981264783055
1.74	2.5117245551098724
1.75	1.8809847886764084
1.76	1.0677457734188036
1.77	0.8323363926125567
1.78	1.7116660866119286
1.79	0.11162362656628644
1.8	1.3108506437422776
1.81	1.904724825216274
1.82	2.099859168051018
1.83	1.2126065041934588
1.84	0.8900569744264413
1.85	4.358142486574231
1.86	0.1701381139377851
1.87	0.4600314904931319
1.8800000000000001	0.9442143340011848
1.8900000000000001	2.37521488883912
1.9000000000000001	0.28224656380830015
1.9100000000000001	2.0752539919785273
1.92	0.0009226212642374776
1.93	1.0565714458030637
1.94	0.5234670490597054
1.95	1.7585065936963458
1.96	1.676364098485512
1.97	1.4329899690609733
1.98	1.5858634483175775
1.99	1.1351653959048715
2.	1.388812974458917