0.	0.10971206851777998
0.01	0.18270786743342066
0.02	0.056958389294916326
0.03	0.0583931490585341
0.04	0.07823960127884957
0.05	0.08736498366372313
0.06	0.10178838780680306
0.07	0.09527371943492202
0.08	0.12098942719681563
0.09	0.16732172834204148
0.1	0.09174873800628192
0.11	0.21985072573337822
0.12	0.48668076852671305
0.13	0.046148463071680454
0.14	0.06367393261179094
0.15	0.055659072590939156
0.16	0.6934252710327494
0.17	0.6787071787147403
0.18	0.36635492566087313
0.19	0.234108621693114
0.2	0.3463174807228196
0.21	0.1319934800076096
0.22	0.8105557164412924
0.23	0.18022101039055827
0.24	0.302376621090537
0.25	0.3323825856864852
0.26	0.3999743282474142
0.27	0.39137418492863496
0.28	0.9441966112635123
0.29	0.7619107327403897
0.3	0.7474142030529413
0.31	0.9536881494988219
0.32	0.3767304767279671
0.33	0.9429554515231785
0.34	0.9870998173669666
0.35000000000000003	1.4455978119598574
0.36	1.0061196531751928
0.37	1.1164511087187585
0.38	0.2624701468152904
0.39	0.24694640246996968
0.4	1.165262002099762
0.41000000000000003	1.261687346304201
0.42	0.8369601655480159
0.43	1.3022323470200663
0.44	1.404043360407935
0.45	1.2326118661201388
0.46	1.0483383788499419
0.47000000000000003	1.7489441052938512
0.48	1.8898104021946485
0.49	1.3679993446699854
0.5	1.8521541925435048
0.51	1.3037582725826005
0.52	2.0586133974928367
0.53	1.6051255003001317
0.54	1.6567197907303608
0.55	1.575226824632301
0.56	1.9094929635976072
0.5700000000000001	1.7261821257304533
0.58	1.3746508042520396
0.59	1.4605731860140692
0.6	2.4231626804970228
0.61	1.7059417601774158
0.62	1.4156548778946538
0.63	1.6934316117437676
0.64	2.8990738561515927
0.65	0.7605950652433822
0.66	1.4016102296857207
0.67	1.9904556534935485
0.68	1.7987106609426498
0.6900000000000001	2.9002894668757997
0.7000000000000001	2.540317026879365
0.71	1.5277587756504858
0.72	3.0357550726615083
0.73	3.2121479479674586
0.74	3.220572464091453
0.75	2.871041949800105
0.76	1.4497885938563573
0.77	3.2626533997767155
0.78	3.3834004409096896
0.79	2.872277775457164
0.8	3.192483706201485
0.81	3.007861237433273
0.8200000000000001	3.0428091583949604
0.8300000000000001	2.8642189923613373
0.84	2.3452377309888015
0.85	2.553419634290207
0.86	3.860922631070196
0.87	2.6457876409444308
0.88	3.0822168038140276
0.89	4.401108508348544
0.9	4.22976049226058
0.91	2.3520413102623348
0.92	2.438176026769309
0.93	3.078821011729863
0.9400000000000001	4.205230957130412
0.9500000000000001	3.2816663642923514
0.96	2.600578103897858
0.97	0.1992272787358007
0.98	1.8567455839664957
0.99	2.4644999035457653
1.	0.8745711789517847
1.01	2.330865627011275
1.02	2.3110806235040515
1.03	3.284983460413085
1.04	4.972941268872281
1.05	4.5032968837381855
1.06	4.854450800604168
1.07	4.4695549558993735
1.08	4.159510338027553
1.09	3.6130902245221117
1.1	4.064227253171098
1.11	4.748321859033704
1.12	4.375482248412383
1.1300000000000001	4.234600482511312
1.1400000000000001	4.922845041288262
1.1500000000000001	4.547561412909934
1.16	4.135679465451155
1.17	4.147326539818907
1.18	4.871333856074683
1.19	4.169698227561278
1.2	4.254441248836129
1.21	4.225437597524146
1.22	4.903609143819565
1.23	3.8333921366720487
1.24	4.015267314013393
1.25	4.041925556303368
1.26	4.373860501919076
1.27	4.585647780193578
1.28	3.477938323753207
1.29	3.4636637390225897
1.3	2.9693770101747745
1.31	3.535692307316843
1.32	3.1214960344729246
1.33	3.4608209767893743
1.34	3.6712437433230183
1.35	3.1227923595008313
1.36	2.9206255608549503
1.37	2.8542712687322167
1.3800000000000001	2.763423072320283
1.3900000000000001	1.5444399940527853
1.4000000000000001	1.122882173457911
1.41	3.4094329902086415
1.42	3.209271716632105
1.43	2.5382813685922265
1.44	2.497906841861836
1.45	3.218866668332068
1.46	3.600654927596754
1.47	3.389268298904125
1.48	3.6126648380184037
1.49	3.2806813125013656
1.5	4.08801462551554
1.51	4.193330344553288
1.52	3.4523613844949366
1.53	3.551667758290004
1.54	3.8042449986006135
1.55	4.101558903233382
1.56	3.9181873184683678
1.57	3.3236381569762035
1.58	3.7040863821532377
1.59	3.774995682329396
1.6	3.3026948536548746
1.61	3.8843985385319626
1.62	3.626707530809189
1.6300000000000001	3.920642307086054
1.6400000000000001	4.621281935968169
1.6500000000000001	3.4135851653626235
1.6600000000000001	3.6997428053545605
1.67	3.1286735164515638
1.68	3.2368545704311322
1.69	2.916865162118679
1.7	2.1848324425567194
1.71	2.0787806062389627
1.72	2.7334460122775797
1.73	3.5907223986678867
1.74	3.1477474162291115
1.75	2.916230130291092
1.76	3.1068940379377876
1.77	2.39181913813902
1.78	2.491217599421449
1.79	2.4040110478189893
1.8	2.861932738446516
1.81	3.1303714609112117
1.82	2.9095945390783746
1.83	3.2873220634097704
1.84	3.045258610448116
1.85	3.0356469416930674
1.86	3.6079938708798216
1.87	3.203025817732513
1.8800000000000001	2.725621918045332
1.8900000000000001	3.239364088814437
1.9000000000000001	2.8352054875229857
1.9100000000000001	3.0450648817896493
1.92	2.5140009745470406
1.93	3.614733066360149
1.94	2.706324685119644
1.95	2.6030563761600147
1.96	2.765514651254347
1.97	3.1278590947333074
1.98	2.935135595395878
1.99	3.052895779077254
2.	2.6208138771840925