0.	1.9221225429463638
0.01	0.17015554983880304
0.02	0.005632676452662729
0.03	0.0015314438523749744
0.04	0.0010445721489584032
0.05	0.00020742647601256132
0.06	0.0006407471448644095
0.07	0.0001750221526972716
0.08	0.000309962971397386
0.09	0.0013218262843272086
0.1	0.0003383774609523965
0.11	0.0008184982710366983
0.12	0.013901879831929774
0.13	0.008397383243362849
0.14	0.002213092212538726
0.15	0.0070877362464281755
0.16	0.012139855849547842
0.17	0.01464105803497183
0.18	0.017714564227516223
0.19	0.045290588276583194
0.2	0.014041362567919735
0.21	0.02307700578596467
0.22	0.03777076042483145
0.23	0.025880669794858705
0.24	0.12150076499839195
0.25	0.1002470802007926
0.26	0.15964205776920107
0.27	0.17136800325327908
0.28	0.2177957046872425
0.29	0.22907345936904677
0.3	0.2518075569533197
0.31	0.17490070228788945
0.32	0.438988838210291
0.33	0.33221139105621356
0.34	0.42191548783330624
0.35000000000000003	0.4800031908293777
0.36	0.534972755478911
0.37	0.48658803872960965
0.38	0.5036098171539226
0.39	0.30072733898884874
0.4	0.2504248168008057
0.41000000000000003	0.1451705006649277
0.42	0.035452993025257215
0.43	0.13444159240400572
0.44	0.3071214764756612
0.45	0.15659528899419975
0.46	0.021048265760595736
0.47000000000000003	0.31145837131154186
0.48	0.24818705585285986
0.49	0.5111709341625228
0.5	0.2604467856839241
0.51	0.4079072932839294
0.52	1.0143057979746266
0.53	1.210211541064567
0.54	0.872331348510603
0.55	1.0915443549962942
0.56	0.8576275465634785
0.5700000000000001	1.3998937485490826
0.58	1.0468722117716682
0.59	1.1723123524980192
0.6	1.1029349822184182
0.61	1.177468227837256
0.62	1.4096405626943262
0.63	1.2131620553719553
0.64	1.0722282709470408
0.65	1.680458435322758
0.66	1.552913147549031
0.67	1.4195167797372714
0.68	1.8546625541291748
0.6900000000000001	1.5637022961044569
0.7000000000000001	1.7493507476024166
0.71	1.8380821918941228
0.72	2.248390980850683
0.73	1.6246614853569812
0.74	2.2654326438887957
0.75	1.8522862727693534
0.76	2.327168124233062
0.77	2.087169146131202
0.78	1.5033346811143464
0.79	1.1744994610707207
0.8	1.4121070249623702
0.81	1.7268255493560463
0.8200000000000001	1.4693693149686644
0.8300000000000001	1.7909407652146427
0.84	1.5248647642905206
0.85	1.7076063185488302
0.86	2.084104229164771
0.87	1.6579677768239032
0.88	1.4914403165108272
0.89	2.24003494717103
0.9	2.0547385140269547
0.91	2.0047378377202305
0.92	2.1748085937611537
0.93	2.0941167041270012
0.9400000000000001	1.7995118301930222
0.9500000000000001	2.744913214623235
0.96	2.8032912391090616
0.97	2.3648432567922546
0.98	2.571253257863175
0.99	2.5496139116545553
1.	2.3233499001121025
1.01	2.857110708112524
1.02	2.808307529549388
1.03	2.603947760629536
1.04	3.6586570057168473
1.05	2.9902572823774083
1.06	3.5316542927139194
1.07	3.5686235704863973
1.08	2.801774956894871
1.09	3.4380438301224663
1.1	3.1538448036829623
1.11	3.373309425942558
1.12	3.2461908861426947
1.1300000000000001	3.0126471856449153
1.1400000000000001	2.9338650748778146
1.1500000000000001	3.1652930572478346
1.16	3.767457401852158
1.17	3.048750894760495
1.18	3.0580832642808415
1.19	2.930785982851911
1.2	2.8970788844546913
1.21	2.8541444554266295
1.22	3.159966889232104
1.23	3.241665860048177
1.24	2.7981584749188233
1.25	2.6485567024831167
1.26	3.19938611648178
1.27	3.2244668208768674
1.28	3.0948121523816656
1.29	2.98631082734168
1.3	2.890946331822722
1.31	3.0221451832026918
1.32	3.313312112321826
1.33	3.137277087265448
1.34	2.719004693727497
1.35	2.8326870020923067
1.36	3.0098129975319607
1.37	3.178629449516308
1.3800000000000001	2.9126511633486354
1.3900000000000001	2.7772793744942015
1.4000000000000001	2.0101592291551063
1.41	3.082944392960872
1.42	2.309527229651476
1.43	2.4985132816665545
1.44	2.38880044586607
1.45	2.8425975273443314
1.46	2.3759924607116627
1.47	1.854627356807332
1.48	3.057843378561678
1.49	1.342128541674309
1.5	2.2287456575285143
1.51	1.4716438132141993
1.52	0.26766982253821636
1.53	10
1.54	10
1.55	7.977753501547
1.56	7.003413747306157
1.57	2.9192204921794915
1.58	3.7317666236617493
1.59	0.3374467810536085
1.6	0.6428340575818756
1.61	0.373606052912659
1.62	1.225468130978388
1.6300000000000001	0.9192861455306321
1.6400000000000001	1.8085178876223986
1.6500000000000001	0.1816442422449448
1.6600000000000001	1.2684827320814622
1.67	1.7664400574085013
1.68	1.7931869777520795
1.69	1.6806202854002024
1.7	2.3892249025442456
1.71	3.098280593849401
1.72	3.064678827303474
1.73	2.2495527789644436
1.74	2.976887843824273
1.75	3.197280348300596
1.76	1.9747176062327358
1.77	1.6765053672439043
1.78	1.6908134058477762
1.79	1.4161212196824522
1.8	1.564912922044834
1.81	0.8667775655088565
1.82	0.43735266162639364
1.83	0.40337704838008603
1.84	0.5242082126103329
1.85	0.2751469133923484
1.86	1.4555992159009261
1.87	1.1726083338884299
1.8800000000000001	1.4454168804933085
1.8900000000000001	1.6732766865026711
1.9000000000000001	0.7440622800792234
1.9100000000000001	1.0889631581542218
1.92	0.2796760060234399
1.93	0.5480853231463927
1.94	1.281647835277128
1.95	0.8755875201611136
1.96	1.3365596637690573
1.97	1.6342894471153373
1.98	1.6120437243105676
1.99	2.484348943650863
2.	1.8817752411524533