0.	1.9445135477086657
0.01	0.03214770825062155
0.02	0.008578536968834588
0.03	0.0013259131213964113
0.04	0.001459329651855699
0.05	0.0025909178554147944
0.06	0.0004243007273542245
0.07	0.00036305842998488773
0.08	0.00011939386421985712
0.09	0.00020434627369575627
0.1	0.00034638778840674617
0.11	0.00010740943246847969
0.12	0.0051121145064243504
0.13	0.40311224319558975
0.14	0.23123434970940307
0.15	0.06252483984260886
0.16	0.1295351913677129
0.17	0.04317242335380925
0.18	0.0329241861498605
0.19	0.01887426908996044
0.2	0.04124123530344953
0.21	0.019211957310038
0.22	0.07922043041073731
0.23	0.298612585508766
0.24	0.05022625602284522
0.25	0.16349700242188644
0.26	0.12065493355087001
0.27	0.1449354360652177
0.28	0.15096996901909338
0.29	0.3930416976912573
0.3	0.3218624963621767
0.31	0.3640619806172813
0.32	0.25979484519497464
0.33	0.2008831065848344
0.34	0.27492015295503147
0.35000000000000003	0.37758643813097065
0.36	0.14848719495483056
0.37	0.42547451828083205
0.38	0.4567200981050726
0.39	0.1827306165357112
0.4	0.5976065671244851
0.41000000000000003	0.4172167901403421
0.42	0.41423361202160236
0.43	0.48862909443429736
0.44	0.661279032682148
0.45	0.4160918027107811
0.46	0.7540708422216019
0.47000000000000003	0.618409592370978
0.48	0.6250384090969996
0.49	0.7845372043120871
0.5	0.9475441101179509
0.51	0.788694839959892
0.52	1.2539882641757834
0.53	0.9060921309244307
0.54	0.867498165389566
0.55	0.9391109495904669
0.56	1.083571002679426
0.5700000000000001	0.7753208405816447
0.58	1.6720009804076856
0.59	1.5912257267308267
0.6	1.116581025361416
0.61	1.0961569303356682
0.62	1.1447521790178288
0.63	1.4963852051976416
0.64	1.3114601255749423
0.65	1.3656946031199815
0.66	1.3600569320195475
0.67	1.3426628799867182
0.68	1.4049145116497914
0.6900000000000001	1.6437012423862227
0.7000000000000001	1.6198549214688112
0.71	1.5456010933206161
0.72	1.735067463440104
0.73	1.8267749660005776
0.74	1.6815971200362991
0.75	1.5641137483979894
0.76	1.8339524599349215
0.77	1.5835378086093346
0.78	1.9940961098385337
0.79	1.8863466071344273
0.8	1.9419051234435325
0.81	2.0515435945967324
0.8200000000000001	1.9121704190006366
0.8300000000000001	2.5629518400877203
0.84	1.6998898611799749
0.85	2.0323480535367597
0.86	2.2930541090073424
0.87	2.4302968812319032
0.88	2.0933894405533398
0.89	2.40946791476105
0.9	2.3467947589062255
0.91	1.8870908005124036
0.92	2.539360465755957
0.93	2.4956130680443933
0.9400000000000001	1.9901110606008299
0.9500000000000001	2.793618079654116
0.96	2.5177890582344498
0.97	2.5327362130090285
0.98	3.2061448661077
0.99	2.228075090014408
1.	2.5758004466347084
1.01	2.9369179785882014
1.02	2.5242747716576703
1.03	2.7685079080051866
1.04	3.639617685509913
1.05	3.717554325311235
1.06	3.609213192280556
1.07	3.4059589581926204
1.08	3.582523104661681
1.09	3.326594092561142
1.1	3.022084196545375
1.11	3.253086959571383
1.12	2.791372171660768
1.1300000000000001	3.886437229155853
1.1400000000000001	3.4475261637147145
1.1500000000000001	3.1471325114850455
1.16	3.326883375650776
1.17	3.2958964534224724
1.18	3.5692780261486483
1.19	2.821800876472481
1.2	3.353340488493389
1.21	2.798617824512861
1.22	3.3564947379700056
1.23	3.1876464376867
1.24	2.5681223183312114
1.25	2.7643666569774386
1.26	3.078161738663921
1.27	3.6770918450092895
1.28	3.5511589707391567
1.29	2.5827398521600573
1.3	3.2216609094549393
1.31	2.826547804329037
1.32	2.6882217425113106
1.33	2.6610509737899775
1.34	2.9542432642968053
1.35	2.4046287121202785
1.36	2.584510432764305
1.37	2.7158710727890956
1.3800000000000001	2.0779960658933683
1.3900000000000001	2.2843767864213684
1.4000000000000001	2.329121534628609
1.41	3.1776598264336413
1.42	2.6545876197006537
1.43	2.576290473158805
1.44	2.5213776112924684
1.45	2.5582446937218632
1.46	2.576879352763329
1.47	2.2256712474624702
1.48	2.512132019186981
1.49	2.102592838844222
1.5	2.526526478180119
1.51	2.1136545985743957
1.52	1.6605295625938923
1.53	1.4829043375120434
1.54	0.7350123333822496
1.55	1.723734466999917
1.56	1.4870689427585577
1.57	1.9507391339878402
1.58	2.340691986571856
1.59	2.3152470900858333
1.6	4.363576640354704
1.61	5.008855805200558
1.62	1.3266819789557127
1.6300000000000001	4.895415797776126
1.6400000000000001	2.551452333044691
1.6500000000000001	0.3635001204044128
1.6600000000000001	0.6176615789683905
1.67	2.3704374263096444
1.68	1.7212366527323189
1.69	1.6946785603987076
1.7	1.91818311496053
1.71	0.333275820231512
1.72	0.6805416650783995
1.73	1.3136548183420405
1.74	1.988774059866309
1.75	1.470215107489041
1.76	3.0550108459210286
1.77	3.076100036405712
1.78	2.658064085233554
1.79	2.464131360295176
1.8	1.5759766855726187
1.81	10
1.82	0.2572819406810607
1.83	1.0913463135438386
1.84	0.4719530185602201
1.85	1.0985535723075692
1.86	0.7745470756088007
1.87	1.4488375514744667
1.8800000000000001	1.2844070704649657
1.8900000000000001	1.6243081391330059
1.9000000000000001	0.5482783170636956
1.9100000000000001	2.3327140793124577
1.92	1.2177592067924443
1.93	1.3194456535830863
1.94	2.151920283759299
1.95	1.9047230059956999
1.96	0.2685439675864474
1.97	2.252199660244595
1.98	1.3857788483412028
1.99	2.399804126148382
2.	2.0535191254200518