0.	1.8010773423156852
0.01	0.0633234670714549
0.02	0.1419516436785889
0.03	0.17035372074674013
0.04	0.10768252677848339
0.05	0.2559627267642892
0.06	0.15699819169815693
0.07	0.17555075446594956
0.08	0.13585946468036839
0.09	0.23342499321868174
0.1	0.25561775610362425
0.11	0.4220089852807751
0.12	0.264595818828393
0.13	0.24053723914526187
0.14	0.17302206228045316
0.15	0.21790754910295113
0.16	0.15735301604892465
0.17	0.2705489940409027
0.18	0.28297016105895234
0.19	0.315085396026042
0.2	0.5193730866179391
0.21	0.40137739979521997
0.22	0.4578406032286654
0.23	0.31502066557827413
0.24	0.3053643492828207
0.25	0.3041528812609438
0.26	0.3199426910463644
0.27	0.31361245795328513
0.28	0.35306668873055413
0.29	0.3089361736946658
0.3	0.25292803533448965
0.31	0.38893079167394967
0.32	0.3042243772578554
0.33	0.21854052793313333
0.34	0.4259304288229026
0.35000000000000003	0.3853790016430328
0.36	0.28413524681916735
0.37	0.47935590029144504
0.38	0.4264581618082095
0.39	0.28618460133572965
0.4	0.5678498305041461
0.41000000000000003	0.470168522184431
0.42	0.44647284458460695
0.43	0.6502105713368568
0.44	0.6131669635508477
0.45	0.5673260311634406
0.46	0.7819265578033872
0.47000000000000003	0.790440022912336
0.48	0.6687979786667901
0.49	0.9828130695620517
0.5	0.8503716644075651
0.51	0.8935459931258315
0.52	0.9681307865773858
0.53	0.9846479882340611
0.54	0.9236677777603152
0.55	0.9930624206230354
0.56	1.1929610922315959
0.5700000000000001	0.9620749328907018
0.58	1.267143819081337
0.59	1.2632320762781875
0.6	1.087021275003574
0.61	1.292117170099762
0.62	1.2986508007613844
0.63	1.1180860857087955
0.64	1.4751462644418476
0.65	1.3211479942493651
0.66	1.2849715780222417
0.67	1.457046544736032
0.68	1.4726023777553705
0.6900000000000001	1.5022130644404428
0.7000000000000001	1.669079000182473
0.71	1.7725060102084267
0.72	1.6940078534215754
0.73	1.8765955476664027
0.74	1.8916785466887016
0.75	1.8688274211504723
0.76	1.8761674411513203
0.77	2.0673748877887124
0.78	1.9819498271794442
0.79	2.0202690207932346
0.8	2.173739615037452
0.81	2.068905797053938
0.8200000000000001	2.0445143012553766
0.8300000000000001	2.3405549419994713
0.84	2.1612471056197307
0.85	2.20305011510264
0.86	2.4034973856546213
0.87	2.3463251891574632
0.88	2.341145385669841
0.89	2.630976445942895
0.9	2.5159616659415396
0.91	2.4518743127767064
0.92	2.7793940569733544
0.93	2.679153645609297
0.9400000000000001	2.538939818310421
0.9500000000000001	3.108178912965366
0.96	2.8575719381606506
0.97	2.761418093119845
0.98	3.102995444515999
0.99	2.929688124797698
1.	2.8290143306494357
1.01	3.2998776170087094
1.02	3.1169754778190373
1.03	3.2313915096441446
1.04	3.4889238231135953
1.05	3.393213277171599
1.06	3.4518227238930996
1.07	3.4593540927743622
1.08	3.298053234732799
1.09	3.268755189299014
1.1	3.32608307063339
1.11	3.3278711831201346
1.12	3.326557594146251
1.1300000000000001	3.409976868886569
1.1400000000000001	3.444902985221383
1.1500000000000001	3.4348446684153933
1.16	3.5086713712163538
1.17	3.543503679671735
1.18	3.5123147145919122
1.19	3.534822542548956
1.2	3.486635887570499
1.21	3.3826930467119816
1.22	3.3614457372618034
1.23	3.435958717188194
1.24	3.393955433452699
1.25	3.4494716165983546
1.26	3.4456528254087893
1.27	3.451850292647351
1.28	3.478559570075681
1.29	3.5139537194783133
1.3	3.5284402524682092
1.31	3.4885895291157967
1.32	3.4273739222351995
1.33	3.3519401437707366
1.34	3.289350606421764
1.35	3.2838154243672038
1.36	3.2819373204028492
1.37	3.2101608338323175
1.3800000000000001	3.203817736602202
1.3900000000000001	3.1125690747024057
1.4000000000000001	3.016405395532254
1.41	3.0201784600945882
1.42	2.989735283069468
1.43	2.884499700014165
1.44	2.7873664013100248
1.45	2.6708338281813733
1.46	2.4588671993683353
1.47	2.2263612523426666
1.48	1.974650824864862
1.49	1.806586213635706
1.5	1.6673556212311123
1.51	1.606076675745393
1.52	1.7747923391946179
1.53	2.0710818500721397
1.54	3.1518723043302987
1.55	4.120730743080181
1.56	5.083943960755036
1.57	4.6154034234858825
1.58	3.028389708562074
1.59	2.0075551149092
1.6	2.009809591160469
1.61	2.124404543701782
1.62	2.37775183360951
1.6300000000000001	2.5001832822453327
1.6400000000000001	2.630844507912911
1.6500000000000001	2.708731699672326
1.6600000000000001	2.7214409391383487
1.67	2.752202612379464
1.68	2.706445218665747
1.69	2.689756755330879
1.7	2.698869752974511
1.71	2.722557287147997
1.72	2.716118279748958
1.73	2.716148475911058
1.74	2.6528453134810386
1.75	2.624750862518773
1.76	2.4353980659020427
1.77	2.0287641716537608
1.78	1.8757490522258473
1.79	1.6389574750553448
1.8	1.4774032051334416
1.81	1.4052927799476838
1.82	1.4484570643817118
1.83	1.510683137310912
1.84	1.4238201376794333
1.85	1.4426382997947556
1.86	1.3743028047918238
1.87	1.371406092272684
1.8800000000000001	1.4550895910495378
1.8900000000000001	1.4495825033483962
1.9000000000000001	1.5220220793578765
1.9100000000000001	1.6852838335469875
1.92	1.7765187211518518
1.93	1.913734004662625
1.94	2.0753748268160797
1.95	2.1463482813290855
1.96	2.208285964593346
1.97	2.3355322215709715
1.98	2.358459133534193
1.99	2.411471724208738
2.	2.462941118153582
2.0100000000000002	2.4698030327076492
2.02	2.4639332477877143
2.0300000000000002	2.4304918349488553
2.04	2.430407600868636
2.05	2.4454280090930562
2.06	2.425210267976263
2.07	2.422922781893506
2.08	2.406689498889139
2.09	2.3453609092957914
2.1	2.1947350170038735
2.11	1.7567084334123637
2.12	1.356293905872412
2.13	1.2270368753786356
2.14	1.1583728639207873
2.15	1.1234635629468368
2.16	1.1535419433978529
2.17	1.1652571600253367
2.18	1.184457231439119
2.19	1.2210003140856813
2.2	1.266794367250442
2.21	1.3432200922434645
2.22	1.3753291102269518
2.23	1.4891881804111158
2.24	1.6090629629103883
2.25	1.6580789630865838
2.2600000000000002	1.7151535064304781
2.27	1.7860341642940687
2.2800000000000002	1.8385461724331857
2.29	1.8772168052053735
2.3000000000000003	1.944716317149262
2.31	1.9586780034547369
2.32	1.9356069151062938
2.33	1.9281504583313054
2.34	1.9352893486430358
2.35	1.9390263264813192
2.36	1.9584331479296844
2.37	1.9308886125746976
2.38	1.8990352563773525
2.39	1.832353256783269
2.4	1.7501356312351946
2.41	1.4461355988616165
2.42	0.9773381304559273
2.43	0.931007146786326
2.44	0.9515848835780519
2.45	0.9373698739966188
2.46	0.9571396222664957
2.47	0.9488841704398422
2.48	0.9979814310515229
2.49	1.0075186948435129
2.5	1.067060274605927
2.5100000000000002	1.0813283775317242
2.52	1.1504924696828036
2.5300000000000002	1.22395408401846
2.54	1.2741498182931692
2.5500000000000003	1.3116711938109766
2.56	1.3352690804979879
2.57	1.3389007395401014
2.58	1.3337977336349893
2.59	1.3583577729744318
2.6	1.3399172164731554
2.61	1.3433432760289599
2.62	1.3055361243140924
2.63	1.2794776733802928
2.64	1.2436909751989533
2.65	1.1336937949130328
2.66	0.8943595900219441
2.67	0.6566692381688608
2.68	0.6764876743048295
2.69	0.7603939367107625
2.7	0.7977398121056399
2.71	0.859315498824943
2.72	0.8107488086832538
2.73	0.8210843014854603
2.74	0.7677488803610788
2.75	0.7792623994644198
2.7600000000000002	0.8224129583637653
2.77	0.8018211553436018
2.7800000000000002	0.8352310979621532
2.79	0.8337820985849406
2.8000000000000003	0.8075326140497965
2.81	0.8104081539041443
2.82	0.7627940317707301
2.83	0.7635110218540344
2.84	0.6442252036980606
2.85	0.6430743058754311
2.86	0.6525101321786059
2.87	0.8185750367081874
2.88	1.0943549143080469
2.89	0.9243814553191296
2.9	0.8636954519671586
2.91	0.9459539090375287
2.92	0.9035039989948188
2.93	0.8974814916775372
2.94	1.0030588279269703
2.95	0.9292285009275201
2.96	0.9592424113138303
2.97	0.862728851269858
2.98	0.8874177479903458
2.99	0.9220015401220625
3.	0.7348733500451887