0.	0.5553667943379328
0.01	0.5084368940821604
0.02	0.4434474369602052
0.03	0.13663512321464452
0.04	0.010845515109663563
0.05	0.004678731822848798
0.06	0.004732037205603308
0.07	0.006487562377386848
0.08	0.03697217027719637
0.09	0.18559340204549374
0.1	0.42840654483928853
0.11	0.4479692361701041
0.12	0.5129265721821585
0.13	0.6470111634973964
0.14	0.690690663512426
0.15	0.6826809634793435
0.16	0.669578210718624
0.17	0.6887397516049824
0.18	0.736612210085725
0.19	0.7142252241634961
0.2	0.7045869332501443
0.21	0.7171441404122265
0.22	0.7503991247739994
0.23	0.7525804718101679
0.24	0.9672849511036747
0.25	0.7959253152064896
0.26	0.723846411668813
0.27	0.7470771923247135
0.28	0.7326825977197692
0.29	0.6025828423935786
0.3	0.5788580765590389
0.31	0.7292744368258939
0.32	0.6288345275856612
0.33	0.7476707048760833
0.34	0.8468523709817056
0.35000000000000003	0.5370394380559237
0.36	0.8901709576737546
0.37	0.779968597034896
0.38	0.8148406627218909
0.39	0.9542652263862466
0.4	0.5645568042051351
0.41000000000000003	0.954198338587249
0.42	0.9683450183697054
0.43	0.8679639966865604
0.44	0.9868172614685699
0.45	1.0511610767760897
0.46	0.9936757112968311
0.47000000000000003	1.0422442768626239
0.48	1.0741913014677409
0.49	0.43056109495460715
0.5	1.0955976560197944
0.51	0.7165237900994732
0.52	1.1099978635225178
0.53	0.6571078179819992
0.54	1.1128766815336972
0.55	0.347726075539341
0.56	1.1809656118764005
0.5700000000000001	0.7274494865969089
0.58	1.1196244116837821
0.59	1.187182878461345
0.6	0.35338222316773565
0.61	0.8764066698910082
0.62	1.2304532238117603
0.63	0.8443290765806027
0.64	0.32046173363641467
0.65	0.9099104077549182
0.66	0.8260422792109094
0.67	1.20541454471011
0.68	1.2061949759041262
0.6900000000000001	1.1808749827409433
0.7000000000000001	0.9320453627344648
0.71	0.8517727840149815
0.72	0.9237895521512459
0.73	0.831609222585401
0.74	0.7289242690329315
0.75	0.875591893999021
0.76	0.31382700896797433
0.77	1.1058269405017522
0.78	0.8853411758310095
0.79	0.3796255150818881
0.8	0.3615581195118896
0.81	1.0833941463149022
0.8200000000000001	0.3274667157167754
0.8300000000000001	1.2263546386136048
0.84	0.3368346117704926
0.85	1.2771667738526542
0.86	0.36404435297082904
0.87	0.3297449324503582
0.88	1.4746045987721297
0.89	0.33043908756613827
0.9	0.39590021645220463
0.91	0.382116937106563
0.92	0.3989841596513348
0.93	0.39177761778744363
0.9400000000000001	0.39389589729992264
0.9500000000000001	0.4161401595445979
0.96	0.36657033214993434
0.97	0.4577589068828127
0.98	0.4210006809142086
0.99	0.4437938265661853
1.	0.3556582815983706
1.01	0.4483347388103046
1.02	0.4851163011168445
1.03	0.48841633843298676
1.04	0.3866788077995998
1.05	0.619389175895456
1.06	0.5832974176657831
1.07	0.6041195673902489
1.08	0.5071472065088933
1.09	0.43723244003260625
1.1	0.4614881294985937
1.11	0.6597266912567066
1.12	0.7639940494373085
1.1300000000000001	0.7830256094483482
1.1400000000000001	0.4293141999620412
1.1500000000000001	0.8698883014919938
1.16	0.5347320597007077
1.17	0.931048806003879
1.18	0.5467923513747964
1.19	0.5276321219106846
1.2	0.7943279896488908
1.21	0.8807417188779898
1.22	0.7952573125534952
1.23	0.5520199837050835
1.24	0.43481030686977057
1.25	0.96384162971206
1.26	0.4536478600578201
1.27	0.9743458834685581
1.28	0.47021035404914907
1.29	0.488453412688415
1.3	0.7317710235748229
1.31	0.7166805175414879
1.32	0.41700828693728
1.33	0.5164180612589859
1.34	0.9224467507301783
1.35	0.5944452081517445
1.36	0.8509402003189366
1.37	0.9560087469998271
1.3800000000000001	0.909421405717252
1.3900000000000001	0.945055532907845
1.4000000000000001	0.7910479204909128
1.41	1.5082042758779226
1.42	0.8401813223875932
1.43	0.6035282760406934
1.44	0.7980490069599742
1.45	0.5936289213688964
1.46	0.6961437306542252
1.47	0.6183577540064524
1.48	0.5753925268855603
1.49	1.670451882483976
1.5	2.114595353386977
1.51	0.6781659887572842
1.52	0.6607990721714573
1.53	1.2487779700288653
1.54	1.273616524375054
1.55	1.717959837215371
1.56	0.5701962642407401
1.57	0.9331856471550477
1.58	1.9582600414376408
1.59	1.472780726219076
1.6	2.528899762316884
1.61	0.5269485088928898
1.62	0.6786781402403654
1.6300000000000001	2.5096472581753866
1.6400000000000001	0.7660402645980823
1.6500000000000001	0.68735537193103
1.6600000000000001	0.8896819855002172
1.67	0.45648696105094116
1.68	0.41541099035636403
1.69	1.2033852532374798
1.7	1.6727163471419226
1.71	0.5083659319859076
1.72	0.5317647437579742
1.73	0.8020006377088026
1.74	0.8445181263178679
1.75	0.5994684211989224
1.76	0.6132071406771394
1.77	0.6417823188617895
1.78	0.6536882105332577
1.79	0.6814397703982489
1.8	0.7337292939863159
1.81	0.7344297514846493
1.82	0.7377826922187403
1.83	0.7679372580083766
1.84	0.7981504141777943
1.85	0.789377585323649
1.86	0.8674008718101462
1.87	0.883605926870672
1.8800000000000001	0.8971121422951008
1.8900000000000001	0.8876152312477008
1.9000000000000001	0.9084170565988534
1.9100000000000001	0.9380488970461393
1.92	0.9704954841868596
1.93	0.9371250640064378
1.94	0.9339033904450483
1.95	0.9741170957020447
1.96	0.9678049134394834
1.97	0.9679462928765982
1.98	0.9921557980422563
1.99	1.0547184687295739
2.	1.1511616986641238
2.0100000000000002	1.1134524563009505
2.02	1.0903532304698216
2.0300000000000002	1.1022996829292668
2.04	1.1151126215441682
2.05	1.080466980594638
2.06	1.098400508212079
2.07	1.1175730845667569
2.08	1.0881053866558914
2.09	1.0943770598243523
2.1	1.0961893754471304
2.11	1.059547360855675
2.12	1.0678800630079623
2.13	1.0657948827370862
2.14	1.071612617314623
2.15	1.02300363688876
2.16	1.0374516598410546
2.17	1.0130624657615643
2.18	0.9947786773832333
2.19	0.9829917863767176
2.2	0.9925842409800821
2.21	0.9844838528393798
2.22	0.9690819212838926
2.23	0.9120871938204971
2.24	0.9174784109417501
2.25	0.9190898819662093
2.2600000000000002	0.8794540268162402
2.27	0.8716123739560635
2.2800000000000002	0.8203499509585381
2.29	0.8193855526160037
2.3000000000000003	0.7662877033758753
2.31	0.7378173009352323
2.32	0.7085539451225645
2.33	0.6695045006059513
2.34	0.6460795184226324
2.35	0.6224298728942956
2.36	0.5572144979613634
2.37	0.5324695867187134
2.38	0.49543924773655396
2.39	0.42552591034766796
2.4	0.46737790109347466
2.41	0.8049836688172447
2.42	2.693232493052538
2.43	2.4035027332638674
2.44	1.2633505550180244
2.45	1.1678801929883575
2.46	0.6569400560014067
2.47	0.671680053423473
2.48	0.4416576406350542
2.49	0.42508230409888637
2.5	0.397792966244092
2.5100000000000002	0.4541082160628485
2.52	0.46900194373559123
2.5300000000000002	0.49212639284152704
2.54	0.48935559544503915
2.5500000000000003	0.5178680254988042
2.56	0.5438653279132913
2.57	0.48304168025858674
2.58	0.48583944265582957
2.59	0.47936004262796394
2.6	0.502131817729248
2.61	0.49486407803228427
2.62	0.4758769285586952
2.63	0.49748156855799675
2.64	0.4668854426800052
2.65	0.4529383992232973
2.66	0.42899361768822586
2.67	0.43992653892080047
2.68	0.4448519368507772
2.69	0.41064023979339515
2.7	0.40620318597197136
2.71	0.396049818377516
2.72	0.35781998811216076
2.73	0.34703516725769057
2.74	0.3432794554683436
2.75	0.3135090823541756
2.7600000000000002	0.3284976375849177
2.77	0.2737313000912027
2.7800000000000002	0.2675298666904656
2.79	0.24606140344067512
2.8000000000000003	0.195069111300494
2.81	0.1668129587476952
2.82	0.1759349717950194
2.83	0.14529932885300365
2.84	0.12053005111577343
2.85	0.5745837753240263
2.86	9.377146099969787
2.87	0.46597178558691893
2.88	1.8513530853962097
2.89	0.06077665285781715
2.9	0.6236111768007297
2.91	0.06035505433330094
2.92	0.014275556051535002
2.93	0.054517459223254086
2.94	0.006507579993939215
2.95	0.001940432521199381
2.96	0.0021095905132789256
2.97	0.001246398497724758
2.98	0.0009480657648787013
2.99	0.0008919016393475762
3.	0.0006545494695338205