0.	0.9526699475368624
0.01	1.1094212064126727
0.02	1.163052747920606
0.03	1.1161421579581092
0.04	1.0728488839718477
0.05	1.0620926732332312
0.06	1.1141260856091242
0.07	1.1570128084277296
0.08	1.1874967724903662
0.09	1.2268817846800382
0.1	1.1956775873076995
0.11	1.165422458835677
0.12	1.1367571703417547
0.13	1.0850101105600782
0.14	1.0999398151628497
0.15	1.0906633737724298
0.16	1.0723464898043744
0.17	1.090162151015465
0.18	1.14465762000481
0.19	1.1758029082117196
0.2	1.2147300976179538
0.21	1.2089950732237076
0.22	1.1640792513366958
0.23	1.109216298613749
0.24	1.0544969477789858
0.25	1.0508544593563365
0.26	1.0514570864166803
0.27	0.9722321299481452
0.28	1.0514246045490132
0.29	1.0690071898866778
0.3	1.0982379516948648
0.31	1.1089267497652626
0.32	1.1557547139719058
0.33	1.1448091679917725
0.34	1.0646712808836791
0.35000000000000003	1.000920225277818
0.36	0.9976305803574744
0.37	0.9852128046163703
0.38	0.9949803508771032
0.39	1.0031271091551537
0.4	1.0251289217416055
0.41000000000000003	1.0290686560552311
0.42	1.0758782436663306
0.43	1.1175396553962675
0.44	1.1393921947074166
0.45	1.1200774545057626
0.46	1.069791010610043
0.47000000000000003	0.9954444996673155
0.48	0.9361457356163758
0.49	0.9836081346419409
0.5	0.9649576280372492
0.51	0.9975185709575803
0.52	1.0248285026722375
0.53	1.0370911550594997
0.54	1.0634449110559052
0.55	1.1060281073979383
0.56	1.101207651093521
0.5700000000000001	1.0792988703265642
0.58	1.0306118657670995
0.59	1.0251825849747682
0.6	0.9669906368810987
0.61	0.928838317006447
0.62	0.9958513994934988
0.63	0.9656838916884535
0.64	0.9430152874656601
0.65	0.9855965962408482
0.66	1.0495236924918927
0.67	1.0412003510574805
0.68	1.0935558775346121
0.6900000000000001	1.0537905485012211
0.7000000000000001	1.03550047858558
0.71	0.9328145423151379
0.72	0.9591422745596507
0.73	0.9635075412265734
0.74	0.9186415668867055
0.75	0.9258241228147145
0.76	0.895209210265703
0.77	0.9660314696136473
0.78	0.9798128726925819
0.79	1.0091161142356295
0.8	1.04449413803248
0.81	1.0076856490292336
0.8200000000000001	0.9744285098929577
0.8300000000000001	0.9191399572295311
0.84	0.9086327262761217
0.85	0.9375147783153909
0.86	0.8364140502486345
0.87	0.8291478774791345
0.88	0.8959675428393026
0.89	0.9398771191072699
0.9	0.8984818272507537
0.91	0.9151815804852774
0.92	0.9180608800278717
0.93	0.9120923158649855
0.9400000000000001	0.8662270080979272
0.9500000000000001	0.880355595156427
0.96	0.8219803388419029
0.97	0.79531071903345
0.98	0.7006864440483783
0.99	0.7334325215909319
1.	0.7276826460501822
1.01	0.6993811786553722
1.02	0.6576942945441422
1.03	0.6287034999813674
1.04	0.6918809488543319
1.05	0.7028911553168193
1.06	0.6878487011725077
1.07	0.6845510709610132
1.08	0.6105909762159815
1.09	0.6199186605321729
1.1	0.6297975167676523
1.11	0.6734832241920469
1.12	0.6800140638428874
1.1300000000000001	0.6506551306177991
1.1400000000000001	0.6073892593316176
1.1500000000000001	0.6189918003299781
1.16	0.6441783920237076
1.17	0.6765893385260293
1.18	0.6618777889299581
1.19	0.6240968400244932
1.2	0.6039636404373558
1.21	0.5960543426624424
1.22	0.613033510238427
1.23	0.6035488345914422
1.24	0.6536994760116508
1.25	0.6524733797623632
1.26	0.5733915000417921
1.27	0.5664011406478097
1.28	0.6184753222081729
1.29	0.6223658973515676
1.3	0.6004888434593195
1.31	0.5775513376227396
1.32	0.5707814958683131
1.33	0.5828698785106375
1.34	0.6015526670320066
1.35	0.5846216289230813
1.36	0.6008195316583488
1.37	0.5758609408450995
1.3800000000000001	0.5853810977325274
1.3900000000000001	0.5492305279724617
1.4000000000000001	0.547211658862125
1.41	0.5959243658300581
1.42	0.5641076731137058
1.43	0.5440475163997212
1.44	0.535244858311475
1.45	0.5647028684368539
1.46	0.5724871506882169
1.47	0.5642861553996535
1.48	0.5853324808625642
1.49	0.5598188452270939
1.5	0.5472580619636214
1.51	0.5371163703588647
1.52	0.5057194400712159
1.53	0.5331927045046816
1.54	0.535124065412235
1.55	0.5311372864742016
1.56	0.5222887653104172
1.57	0.542502724703015
1.58	0.5664855889407203
1.59	0.5500128608500049
1.6	0.5228167927353775
1.61	0.5403477754020758
1.62	0.5469293697935657
1.6300000000000001	0.5079043844392753
1.6400000000000001	0.4462432798279821
1.6500000000000001	0.4589723052068696
1.6600000000000001	0.5096975221061908
1.67	0.48919771352184427
1.68	0.4877492188105251
1.69	0.5612846638717502
1.7	0.5882988694948786
1.71	0.5394098243002504
1.72	0.4985214896111999
1.73	0.5115091414425823
1.74	0.5075053366278414
1.75	0.49252532106247077
1.76	0.404101822794359
1.77	0.415464836862466
1.78	0.4705842918841322
1.79	0.4930793751078852
1.8	0.483144319948759
1.81	0.5672101100986596
1.82	0.5133159999471623
1.83	0.49510256858174273
1.84	0.4643732180467521
1.85	0.4408283309892489
1.86	0.48102284362501185
1.87	0.4653032567905102
1.8800000000000001	0.37848454734759035
1.8900000000000001	0.32041255964882875
1.9000000000000001	0.4319845544994997
1.9100000000000001	0.4450552664094395
1.92	0.44741661171858804
1.93	0.48913808490596805
1.94	0.46932600464561697
1.95	0.4309014356355382
1.96	0.37469145577797064
1.97	0.28721779025388433
1.98	0.30353212308678157
1.99	0.3171284421043555
2.	0.07592069943391073