0.	2.030381370041319
0.01	1.9431236662662328
0.02	1.8793199276587151
0.03	1.6210272125445133
0.04	1.6447675133953534
0.05	1.8758912032842228
0.06	2.0239984064961334
0.07	2.8919294970922227
0.08	7.704396897699678
0.09	4.5762976283694705
0.1	3.075518588731619
0.11	2.43167511301601
0.12	2.096308119215421
0.13	1.976834203101639
0.14	2.070129191844286
0.15	2.064367996476529
0.16	2.1168311384304555
0.17	2.1582065952200806
0.18	2.1797573726090342
0.19	2.2153687128681336
0.2	2.18720018096036
0.21	2.152578556683648
0.22	2.0585230631575495
0.23	2.020774524328911
0.24	2.023533065307364
0.25	1.8839055535753977
0.26	1.815023321417801
0.27	1.736471545690648
0.28	1.5638696091497353
0.29	1.42166429973523
0.3	1.4322167992668835
0.31	1.748825969933264
0.32	3.383770682197297
0.33	2.3060572305528315
0.34	1.9946068160795885
0.35000000000000003	1.8976068029030482
0.36	1.9986767569841148
0.37	2.0270290882483244
0.38	2.0478302994145836
0.39	2.1533395350538926
0.4	2.401126056974227
0.41000000000000003	2.487413329190645
0.42	2.531493143597646
0.43	2.554942562996561
0.44	2.6106649049210002
0.45	2.6324160591001786
0.46	2.5906827371749213
0.47000000000000003	2.668328185673186
0.48	2.723956029002746
0.49	2.785251285839386
0.5	2.726153131810406
0.51	2.7824350864224643
0.52	2.871624909398047
0.53	2.81764098559637
0.54	2.74900893643723
0.55	2.777062229371496
0.56	2.637609763606367
0.5700000000000001	2.617330337511064
0.58	2.59603611285251
0.59	2.5987808590680963
0.6	2.4469586838974404
0.61	2.368026410776988
0.62	2.3878633603544275
0.63	2.208249585200409
0.64	2.145254931242087
0.65	1.915998223277177
0.66	1.7490167529356544
0.67	1.6410736377026953
0.68	1.4211027058954884
0.6900000000000001	2.2706505541666018
0.7000000000000001	1.9531792773687071
0.71	1.720421581924517
0.72	1.7605312698190942
0.73	1.8242088391686195
0.74	1.8548415531792082
0.75	1.9607020781807625
0.76	2.101416457328941
0.77	2.165125084416948
0.78	2.278821038189244
0.79	2.2672264839956315
0.8	2.2641587988852394
0.81	2.367184747553122
0.8200000000000001	2.4633962786774086
0.8300000000000001	2.5276391552405637
0.84	2.6184397288723957
0.85	2.599914539419036
0.86	2.6770539360032353
0.87	2.69179189557858
0.88	2.7312041969206784
0.89	2.7357328845891837
0.9	2.7412170535241587
0.91	2.7019077156324256
0.92	2.710717604643979
0.93	2.7436875712789606
0.9400000000000001	2.748965833296073
0.9500000000000001	2.750955901459676
0.96	2.7541757611008335
0.97	2.714170866835116
0.98	2.7543568836474868
0.99	2.718687595800865
1.	2.7505673551564978
1.01	2.69580774683347
1.02	2.688109375050357
1.03	2.5923863648278345
1.04	2.5929618266562984
1.05	2.561728485942499
1.06	2.558348193296377
1.07	2.5232527905255226
1.08	2.4350643987064085
1.09	2.3243067637239285
1.1	2.3614837224361933
1.11	2.319046569054461
1.12	2.189449832758607
1.1300000000000001	2.011073623737514
1.1400000000000001	1.7758290544818052
1.1500000000000001	1.4393058502020504
1.16	1.2023694069875541
1.17	1.8057312812518336
1.18	1.4901899626186554
1.19	1.4309151932915631
1.2	1.5516124615714462
1.21	1.558759253369364
1.22	1.65081227346495
1.23	1.7740654362906625
1.24	1.8008189981094587
1.25	1.7761775800663773
1.26	1.825523779831305
1.27	1.9544736983438895
1.28	2.0463256302713955
1.29	2.12115289799899
1.3	2.177069848928263
1.31	2.147819339562859
1.32	2.1872462218106112
1.33	2.2290854182615765
1.34	2.325390095911428
1.35	2.318666784133672
1.36	2.3506560320920897
1.37	2.4035215787719424
1.3800000000000001	2.402360975390901
1.3900000000000001	2.3743907375113675
1.4000000000000001	2.4318820496109064
1.41	2.494554402849012
1.42	2.4656108953258182
1.43	2.4111540945232917
1.44	2.4457767896404103
1.45	2.4714703881322886
1.46	2.5048607946947246
1.47	2.487969093304135
1.48	2.435986553082562
1.49	2.4385629597919802
1.5	2.468780879357855
1.51	2.4729597138087893
1.52	2.4765505138267443
1.53	2.4665287954449377
1.54	2.4803620952954617
1.55	2.4183688268178867
1.56	2.403406403099422
1.57	2.393522805243875
1.58	2.395994836607646
1.59	2.324162716541691
1.6	2.2420161056690753
1.61	2.265977640719763
1.62	2.208421146415755
1.6300000000000001	2.203402398831248
1.6400000000000001	2.130521213431828
1.6500000000000001	2.087628150104329
1.6600000000000001	2.0124127909550324
1.67	1.9530078201932022
1.68	1.759940048442888
1.69	1.519053945356898
1.7	1.2989145670976687
1.71	1.1908849148331693
1.72	1.187506142477648
1.73	1.31124397871701
1.74	1.3037975772958312
1.75	1.2556769084635258
1.76	1.3576969596295978
1.77	1.4740987983118061
1.78	1.610321548345289
1.79	1.5146791941168323
1.8	1.4612053447750353
1.81	1.4937570765914265
1.82	1.6039617586036898
1.83	1.6809205698494278
1.84	1.7446406164365393
1.85	1.7133167685001047
1.86	1.8227330219988003
1.87	1.8477883745337311
1.8800000000000001	1.8765614329039564
1.8900000000000001	1.905121167632986
1.9000000000000001	1.9825949946371235
1.9100000000000001	1.9375991855714356
1.92	1.941476058095798
1.93	1.940830114087397
1.94	2.0366285279033316
1.95	2.0141694000728547
1.96	2.0471672614533967
1.97	2.0394057524406244
1.98	2.0688008628918317
1.99	2.092156907849011
2.	2.0661772835504344
2.0100000000000002	2.071095281096898
2.02	2.061244701873642
2.0300000000000002	2.090581458363433
2.04	2.0645121536974114
2.05	2.0808618950595172
2.06	2.0765976160853987
2.07	2.147991589383559
2.08	2.136456355655011
2.09	2.096811478562606
2.1	2.1100749243409904
2.11	2.0860294180846313
2.12	2.0607864086499372
2.13	2.0311308469406715
2.14	2.0270472758854354
2.15	1.9825018514073265
2.16	1.9669484564640591
2.17	1.9531655516727504
2.18	1.960334130955066
2.19	1.9481376321495927
2.2	1.9265129027427508
2.21	1.878171105862049
2.22	1.774975186309853
2.23	1.7055976547688434
2.24	1.557511383784331
2.25	1.4856484175443216
2.2600000000000002	1.3001775274664324
2.27	1.1782398836745989
2.2800000000000002	0.9728796818834627
2.29	1.4302976239314935
2.3000000000000003	1.3463230613061
2.31	1.1540050806452762
2.32	1.14650876138566
2.33	1.1118841804233879
2.34	1.136307194303669
2.35	1.0904594198692803
2.36	1.1157814797451613
2.37	1.2115747395038134
2.38	1.2223425110424917
2.39	1.3117209793792424
2.4	1.3687052225551555
2.41	1.3439848487128647
2.42	1.3418977397933434
2.43	1.4913804391278487
2.44	1.5081383970941364
2.45	1.4401862031967216
2.46	1.436077474235818
2.47	1.4305286858442636
2.48	1.4777367297278277
2.49	1.5298509783201588
2.5	1.581596629670183
2.5100000000000002	1.581383135039051
2.52	1.5595809225036676
2.5300000000000002	1.570589903967322
2.54	1.6166203311770682
2.5500000000000003	1.6410474890419475
2.56	1.630418046432861
2.57	1.6027612609518154
2.58	1.6147102193726839
2.59	1.6557590410350018
2.6	1.6562212049515785
2.61	1.6309404329363966
2.62	1.625433354615817
2.63	1.617844958328925
2.64	1.5841306409042042
2.65	1.6299057775815278
2.66	1.6379738162583986
2.67	1.648465783186708
2.68	1.6444493628617745
2.69	1.5900522285125926
2.7	1.6085763153399457
2.71	1.5808167704114102
2.72	1.5492660340832094
2.73	1.5225657136151312
2.74	1.4566364940688767
2.75	1.4446975937937796
2.7600000000000002	1.4281356802524403
2.77	1.4187496689958012
2.7800000000000002	1.379964204723737
2.79	1.2779846507096604
2.8000000000000003	1.2264576852938418
2.81	1.0323610730080408
2.82	0.8242542077099055
2.83	1.046794263432324
2.84	1.3699955858201436
2.85	1.0002303225419542
2.86	0.9495907179703168
2.87	0.9417413791020991
2.88	0.9868287353525168
2.89	0.9518876250036921
2.9	0.9872283291808898
2.91	0.8681572546801277
2.92	0.941042587835501
2.93	0.9364682767815058
2.94	0.9373722567950277
2.95	0.9992514221542692
2.96	0.9460163223708409
2.97	0.9503764746799919
2.98	1.0078256706427777
2.99	1.0716450311672452
3.	1.052960438984614