0.	2.2748899412470833
0.01	0.5553281356836595
0.02	0.5447033126320308
0.03	0.52029518771045
0.04	0.4681574983037488
0.05	0.3975567575311369
0.06	0.3322962923230424
0.07	0.25326030247318176
0.08	0.16830870215301028
0.09	0.13412672126488706
0.1	0.15557260530263806
0.11	0.21302335945016404
0.12	0.28371120972555575
0.13	0.3648901969163493
0.14	0.4143274725834968
0.15	0.5006082035846946
0.16	0.5467202109110919
0.17	0.5890261271538964
0.18	0.6284531077482699
0.19	0.6575911061110166
0.2	0.6994377394711916
0.21	0.7227550741067105
0.22	0.7383633395527098
0.23	0.7717161903876859
0.24	0.7823178897858282
0.25	0.8024639126139191
0.26	0.8129266428858447
0.27	0.8315283570228413
0.28	0.8360680235175462
0.29	0.8418845318648412
0.3	0.8584949298477469
0.31	0.8601787330396811
0.32	0.8700652911104835
0.33	0.8722573145653446
0.34	0.8798507012495982
0.35000000000000003	0.8839404053130255
0.36	0.8865820959278949
0.37	0.8900226160872607
0.38	0.8958655399132822
0.39	0.8962843455110049
0.4	0.9000555183808628
0.41000000000000003	0.8993534666151538
0.42	0.9050436020440012
0.43	0.9061946238293521
0.44	0.9122920301691887
0.45	0.90714073653235
0.46	0.912001239257015
0.47000000000000003	0.9139448916863889
0.48	0.9152937334841431
0.49	0.91510284536161
0.5	0.9139588662909395
0.51	0.916051646875975
0.52	0.9161707957604628
0.53	0.9172492468696903
0.54	0.9244494789825417
0.55	0.9206211928590635
0.56	0.9187910371417697
0.5700000000000001	0.9248964158540924
0.58	0.925214628314158
0.59	0.9285102826269668
0.6	0.9235604462414273
0.61	0.9297014853829042
0.62	0.9264320924774209
0.63	0.9327023645031236
0.64	0.9351821598035222
0.65	0.9352536163452477
0.66	0.938360302689215
0.67	0.9409027527983663
0.68	0.9490817339233847
0.6900000000000001	0.965872030437612
0.7000000000000001	2.129937827239988
0.71	2.196364371493928
0.72	2.308946805720493
0.73	2.4177444056000397
0.74	2.5012681869127236
0.75	2.570273738426211
0.76	2.60462809585737
0.77	2.6643217425416075
0.78	2.688654170544965
0.79	2.730062816754951
0.8	2.7623973590481183
0.81	2.7772727900665255
0.8200000000000001	2.796173606730328
0.8300000000000001	2.8186036831464554
0.84	2.8483968520370726
0.85	2.8656119282935832
0.86	2.8690046385434282
0.87	2.8898746746511788
0.88	2.900989453700686
0.89	2.916845992001573
0.9	2.9297285534794986
0.91	2.9425366256371235
0.92	2.9534136067255328
0.93	2.96356675943357
0.9400000000000001	2.9754278290553557
0.9500000000000001	2.9827699192838986
0.96	2.9883303168075313
0.97	4.872688047004323
0.98	4.986096066980276
0.99	4.998745403169354
1.	4.959175425065522
1.01	4.881201129723675
1.02	4.478175050309752
1.03	3.7270269307377824
1.04	3.1264128619370193
1.05	2.58383316927116
1.06	2.2106992598863657
1.07	1.9344941496102028
1.08	1.787438434204818
1.09	1.6994025044867995
1.1	1.6733123033837167
1.11	1.6779524368068568
1.12	1.6763378832611435
1.1300000000000001	1.7032062806577168
1.1400000000000001	1.7898359874949674
1.1500000000000001	1.9994622598539822
1.16	2.152655282828509
1.17	2.729726686276871
1.18	3.3692619335633207
1.19	3.777137098879494
1.2	2.293597431746791
1.21	1.5791514795351582
1.22	1.6372349650623632
1.23	1.8482432869502425
1.24	2.041984087248292
1.25	2.1592220738926207
1.26	2.243945404349353
1.27	2.303689412627848
1.28	2.3427265923690013
1.29	2.3782165336861043
1.3	2.41015971014727
1.31	2.4228656140763607
1.32	2.433969744021146
1.33	2.4511112781529727
1.34	2.4592044439156933
1.35	2.469282736277708
1.36	2.481265823066028
1.37	2.482175211641511
1.3800000000000001	2.478893512022387
1.3900000000000001	2.489977875883397
1.4000000000000001	2.4861122507443647
1.41	2.4754206896543973
1.42	2.4725551407115898
1.43	2.4699902566475695
1.44	2.465505500816189
1.45	2.44448825130204
1.46	2.4316954826396637
1.47	2.402767836519504
1.48	2.39642004412056
1.49	2.3589177752386687
1.5	2.325828188292007
1.51	2.3136173492772834
1.52	2.2706566902046834
1.53	2.223482479856106
1.54	2.1876779512311333
1.55	2.1293201240639967
1.56	2.057384771767659
1.57	1.979156591499185
1.58	1.8960574636828063
1.59	1.7411695130916869
1.6	1.6201761599280216
1.61	1.4196989697605984
1.62	1.183625833248238
1.6300000000000001	0.9847868005031113
1.6400000000000001	1.4635905700646612
1.6500000000000001	1.852041052819221
1.6600000000000001	1.408101250816603
1.67	1.3497804306698913
1.68	1.6614306763694677
1.69	1.8671913036166878
1.7	1.9642495321749005
1.71	2.0435778572602366
1.72	2.0873672325743278
1.73	2.09931725828667
1.74	2.1315126231503623
1.75	2.135278927791189
1.76	2.1490424877314362
1.77	2.159305806726283
1.78	2.1620668932059615
1.79	2.172295300681471
1.8	2.1765792981499446
1.81	2.1614210583812072
1.82	2.1672812814064666
1.83	2.1678360994069634
1.84	2.1615406780702977
1.85	2.163822336753956
1.86	2.1541241781783826
1.87	2.1598598593469367
1.8800000000000001	2.1518226865622827
1.8900000000000001	2.138058778056574
1.9000000000000001	2.1325429003876915
1.9100000000000001	2.125312543080214
1.92	2.110866674938223
1.93	2.10912458338252
1.94	2.0975536044869134
1.95	2.0814770132412788
1.96	2.078594346619415
1.97	2.0622548471644038
1.98	2.0369382970291934
1.99	2.0247965341104783
2.	2.0052195912817283
2.0100000000000002	1.9880292486371258
2.02	1.9696514893694825
2.0300000000000002	1.938928026562387
2.04	1.9200984659538984
2.05	1.8918270584154429
2.06	1.8601211487722475
2.07	1.8183653674019928
2.08	1.7649042621256454
2.09	1.6985125936029568
2.1	1.627524684293228
2.11	1.5713217305338498
2.12	1.4778216953911174
2.13	1.3443899588376362
2.14	1.1765797706924848
2.15	0.9554356009665548
2.16	0.9321017186158749
2.17	1.1137871405672641
2.18	0.9064884361229203
2.19	0.9365453739322329
2.2	1.1059717744442714
2.21	1.2659508647397333
2.22	1.3691518265689966
2.23	1.4078149470616768
2.24	1.4334865663346186
2.25	1.4434590668716585
2.2600000000000002	1.4653554904790798
2.27	1.4657299415812064
2.2800000000000002	1.4765989095999625
2.29	1.4664170606344993
2.3000000000000003	1.4752027472726976
2.31	1.4681440251363047
2.32	1.4635559591386518
2.33	1.457487735449114
2.34	1.4528269078650087
2.35	1.4548145922191416
2.36	1.442704572317982
2.37	1.4375691523001701
2.38	1.425090159159452
2.39	1.4299093139078256
2.4	1.4197168493598926
2.41	1.4032977724591251
2.42	1.3885459600903614
2.43	1.379749001004813
2.44	1.3602964606010663
2.45	1.35445893629906
2.46	1.3344715666245741
2.47	1.29984909276416
2.48	1.2991103157772446
2.49	1.2706443543181547
2.5	1.2442342306129253
2.5100000000000002	1.2098572113773753
2.52	1.181233886126714
2.5300000000000002	1.136642090520566
2.54	1.0997497198450223
2.5500000000000003	1.0489771258327316
2.56	0.981104648264474
2.57	0.9093842921560181
2.58	0.7902933386655242
2.59	0.6828551111090524
2.6	0.5576823673474385
2.61	0.5670463905363714
2.62	0.4581387320094724
2.63	0.38537926150954754
2.64	0.5144864769647878
2.65	0.612482643194417
2.66	0.6504307464598673
2.67	0.6779604375151074
2.68	0.682316164663489
2.69	0.6936339386110126
2.7	0.691015562734086
2.71	0.680899278245165
2.72	0.6804048868580613
2.73	0.6675401462414945
2.74	0.6724970844372731
2.75	0.657623857196537
2.7600000000000002	0.640788891815434
2.77	0.6451400119480218
2.7800000000000002	0.6334326436260288
2.79	0.6051680872918946
2.8000000000000003	0.5967138571319707
2.81	0.5665859181987843
2.82	0.5430317684019305
2.83	0.5316958039551923
2.84	0.4951568700754373
2.85	0.4474831383659753
2.86	0.4011365948493468
2.87	0.35459915299248734
2.88	0.2713248892492552
2.89	0.20232323053062404
2.9	0.0008955826268512854
2.91	0.00001898543766044159
2.92	5.400402314039705e-6
2.93	2.4928231157893748e-6
2.94	1.4428553776446634e-6
2.95	9.507778087833483e-7
2.96	6.670230907232621e-7
2.97	4.913647885073958e-7
2.98	3.8510298124050044e-7
2.99	3.0835334432670096e-7
3.	2.5322437763878543e-7