0.	2.284879166363948
0.01	0.6594092404717733
0.02	0.6604903771885174
0.03	0.6274899694598072
0.04	0.577208587014211
0.05	0.5076390716991785
0.06	0.416561432922012
0.07	0.3215394892205246
0.08	0.23076133145851038
0.09	0.18942271879773662
0.1	0.2207123545608564
0.11	0.29081698930601546
0.12	0.37737836877522457
0.13	0.4803974456416235
0.14	0.541350143577575
0.15	0.6022726811231931
0.16	0.6446734244620161
0.17	0.6981931313438782
0.18	0.730150840027759
0.19	0.7563339170669423
0.2	0.7844823617389836
0.21	0.8067661320571192
0.22	0.8161458350299432
0.23	0.8349290451706614
0.24	0.8542757247712703
0.25	0.860184843217146
0.26	0.8709777646885398
0.27	0.8797596845938356
0.28	0.8899326383623882
0.29	0.8908304838030296
0.3	0.9025571671560997
0.31	0.9032463345515934
0.32	0.9089360876483604
0.33	0.914736499499283
0.34	0.916511415562951
0.35000000000000003	0.9201723587081875
0.36	0.9231369033826061
0.37	0.9273060397847706
0.38	0.927802648901819
0.39	0.9259457705850426
0.4	0.9293919392918758
0.41000000000000003	0.9299561632574739
0.42	0.9339577411173552
0.43	0.9329441907619895
0.44	0.934875833898597
0.45	0.9352808286191612
0.46	0.936526835559399
0.47000000000000003	0.9388840128876574
0.48	0.9388036976858062
0.49	0.9406292030974847
0.5	0.9416133050810659
0.51	0.9441705961102791
0.52	0.945176321112403
0.53	0.9433133650416033
0.54	0.9442372751046719
0.55	0.9458977036204131
0.56	0.9474331008010255
0.5700000000000001	0.9461713434564983
0.58	0.9465452062494517
0.59	0.9473306623372323
0.6	0.9494000598320644
0.61	0.9490150431017862
0.62	0.9503415866077973
0.63	0.9509370052478577
0.64	0.9528070956924162
0.65	0.9560985418075636
0.66	0.9558710351253261
0.67	0.9587611649190115
0.68	0.9630865214465348
0.6900000000000001	0.9743471905368267
0.7000000000000001	2.1867792076959405
0.71	2.339138446156043
0.72	2.4828574500965144
0.73	2.567836600478577
0.74	2.6306950275484215
0.75	2.6872851246478957
0.76	2.723616154671999
0.77	2.756191648373517
0.78	2.7820654992973113
0.79	2.8061289536344423
0.8	2.821544387164455
0.81	2.840759790534941
0.8200000000000001	2.8590380119269656
0.8300000000000001	2.868067167901331
0.84	2.8893969888525928
0.85	2.8991483977448906
0.86	2.911103707250507
0.87	2.9266096948456206
0.88	2.9366944280770184
0.89	2.9438704276740615
0.9	2.949372591068532
0.91	2.9603248207066652
0.92	2.967542776913833
0.93	2.973560669113848
0.9400000000000001	2.978608787095747
0.9500000000000001	2.9853230470612044
0.96	2.990412506703086
0.97	4.874617990181104
0.98	4.985938106889448
0.99	5.000192162653406
1.	5.29670020594517
1.01	4.755043208673504
1.02	3.828211989821745
1.03	2.778211590504473
1.04	2.0826116049893773
1.05	1.732338312417064
1.06	1.6086668196150395
1.07	1.4494575101450826
1.08	1.48315784647542
1.09	1.4856049751485059
1.1	1.4810207246473004
1.11	1.4793088115115842
1.12	1.4644972120457724
1.1300000000000001	1.5300275623566395
1.1400000000000001	1.5100034491003658
1.1500000000000001	1.6048982729936305
1.16	1.7202930079563439
1.17	2.035920197957075
1.18	2.840146677856018
1.19	3.6361504387492953
1.2	2.036515921348691
1.21	1.8544721724590685
1.22	2.1730564981309612
1.23	2.4073859467265257
1.24	2.5698453247606774
1.25	2.627789009899921
1.26	2.705691140608945
1.27	2.7565584120214983
1.28	2.769240402655224
1.29	2.8024660900807343
1.3	2.810255449918198
1.31	2.8314328853429767
1.32	2.856062900629676
1.33	2.854511355185614
1.34	2.8541840750570744
1.35	2.8614864454374302
1.36	2.8749219934784405
1.37	2.867137222982773
1.3800000000000001	2.8817915546063975
1.3900000000000001	2.873419116267488
1.4000000000000001	2.888417860623593
1.41	2.8723380504963596
1.42	2.8712127476480025
1.43	2.851904835218548
1.44	2.853059268196531
1.45	2.834490943211254
1.46	2.8197360460566556
1.47	2.8080848794482125
1.48	2.7943470159253763
1.49	2.7686190942829545
1.5	2.729278415004821
1.51	2.7340421156999697
1.52	2.7022659479453104
1.53	2.6585958023048444
1.54	2.604996741771195
1.55	2.5718671040187346
1.56	2.4818609140626915
1.57	2.4200904670465673
1.58	2.3372996799283596
1.59	2.257021922303454
1.6	2.1002389171201186
1.61	1.9064336794714853
1.62	1.5982532921466779
1.6300000000000001	1.2958222538650666
1.6400000000000001	1.2637151639245354
1.6500000000000001	1.7838438521965259
1.6600000000000001	1.5084348827347542
1.67	1.804727130036847
1.68	2.0745808929866216
1.69	2.1983882709219595
1.7	2.265174082986435
1.71	2.304929059799346
1.72	2.3313567061238163
1.73	2.352017458863424
1.74	2.3668274728183816
1.75	2.3685386745549297
1.76	2.3807385238371404
1.77	2.388639074491224
1.78	2.394774970631315
1.79	2.3924433889528145
1.8	2.3947800834183726
1.81	2.397540639729083
1.82	2.3864299629301433
1.83	2.3903493148126644
1.84	2.380967801125164
1.85	2.3784117009435786
1.86	2.379092009633534
1.87	2.3738680452331247
1.8800000000000001	2.369502586726866
1.8900000000000001	2.3744208501134354
1.9000000000000001	2.3618725776001237
1.9100000000000001	2.3578843532254954
1.92	2.3454903309811352
1.93	2.3269893662308676
1.94	2.346224181936495
1.95	2.3231570271239206
1.96	2.3173245286749937
1.97	2.295683543450722
1.98	2.287403103574275
1.99	2.27015218703792
2.	2.254104955967136
2.0100000000000002	2.2405877752240664
2.02	2.2173476647352675
2.0300000000000002	2.1969385560644037
2.04	2.176625052190261
2.05	2.13716068413014
2.06	2.1221400573846902
2.07	2.0797531704899734
2.08	2.0372496618082763
2.09	1.9898932413521713
2.1	1.9384544516669007
2.11	1.8540246178550528
2.12	1.7657493679805252
2.13	1.6723937954237371
2.14	1.5048655957294799
2.15	1.2467430242206619
2.16	1.0026857424194426
2.17	1.1233250248236413
2.18	1.0365057258820707
2.19	1.1770834006063642
2.2	1.3741682280451555
2.21	1.4783764424307797
2.22	1.5425621678888417
2.23	1.5744682713157574
2.24	1.5926191095092577
2.25	1.6004398614886641
2.2600000000000002	1.6129065785188457
2.27	1.6094506398273043
2.2800000000000002	1.6206615380694562
2.29	1.6140691507885663
2.3000000000000003	1.6031961972463056
2.31	1.6131893736623606
2.32	1.6109758725672692
2.33	1.6092138533318012
2.34	1.6003156993750052
2.35	1.600089990928835
2.36	1.5884688211472862
2.37	1.5861493058602545
2.38	1.5812441928230894
2.39	1.5789376905429646
2.4	1.570871744330573
2.41	1.5592413013676794
2.42	1.5433554309627553
2.43	1.5343629418674358
2.44	1.5203202359564811
2.45	1.4987616108473598
2.46	1.4993934268354174
2.47	1.484064032720074
2.48	1.4605035658279157
2.49	1.445321648860312
2.5	1.4205882239915777
2.5100000000000002	1.3977440992620476
2.52	1.3639243373594097
2.5300000000000002	1.3256319673383354
2.54	1.289245290685583
2.5500000000000003	1.2372205107558407
2.56	1.1719591567048169
2.57	1.1017682010024055
2.58	1.0022234992283292
2.59	0.8545453529598346
2.6	0.6580386516643627
2.61	0.5628729950037044
2.62	0.44270510430597326
2.63	0.5179312497513249
2.64	0.6541512833346228
2.65	0.726057193326186
2.66	0.7437274576545496
2.67	0.7722937542078223
2.68	0.7684607982470401
2.69	0.7705732472404322
2.7	0.7753376276770918
2.71	0.7602242299956162
2.72	0.7570879389521219
2.73	0.7572156754452208
2.74	0.7537408386276793
2.75	0.7446406421866544
2.7600000000000002	0.7266288163748589
2.77	0.7210101750422572
2.7800000000000002	0.709695441209201
2.79	0.6960531360026349
2.8000000000000003	0.6766260156599082
2.81	0.6576914094075517
2.82	0.6366729781410722
2.83	0.6108071338011444
2.84	0.5770197243217742
2.85	0.5348805224884265
2.86	0.5005744856196472
2.87	0.44189024412294725
2.88	0.3455180931296992
2.89	0.2500877528050882
2.9	0.0008992255095182193
2.91	0.000018988420663771793
2.92	5.422755334616947e-6
2.93	2.503989934543945e-6
2.94	1.4577937422092006e-6
2.95	9.504733737582261e-7
2.96	6.665007181746389e-7
2.97	4.974651449113918e-7
2.98	3.878879289492558e-7
2.99	3.099769566214899e-7
3.	2.550692627234858e-7