0.	2.2720803601242765
0.01	0.3330029953133996
0.02	0.2980943779042352
0.03	0.2680675361651403
0.04	0.25278147215059465
0.05	0.22816578064109239
0.06	0.22085223946379626
0.07	0.19819765548032375
0.08	0.20140736965607012
0.09	0.19455868026671214
0.1	0.18546597233610487
0.11	0.18291319789519267
0.12	0.19922825444968636
0.13	0.20841564752230818
0.14	0.22792188063691743
0.15	0.23466548219695446
0.16	0.2692926777495254
0.17	0.2749292691342807
0.18	0.29258964341948984
0.19	0.31273160192054295
0.2	0.3473386187752029
0.21	0.38214687797662505
0.22	0.42210420498093043
0.23	0.46016326155112697
0.24	0.49096390842263987
0.25	0.5131893476989761
0.26	0.5468974881185852
0.27	0.5719197348374777
0.28	0.6078967921261473
0.29	0.6246508712338592
0.3	0.646362127637446
0.31	0.6586174327853808
0.32	0.6742498821130815
0.33	0.6971214791895249
0.34	0.7109720793032681
0.35000000000000003	0.7150532822894509
0.36	0.7190642578544175
0.37	0.7247161621072384
0.38	0.7446178197642114
0.39	0.7481599676333055
0.4	0.7510400600824152
0.41000000000000003	0.7637357323104204
0.42	0.7704893370639384
0.43	0.7765020000950096
0.44	0.7764620110880467
0.45	0.790388248258552
0.46	0.786221332985426
0.47000000000000003	0.7852043472559908
0.48	0.7913655497946611
0.49	0.7886964549999067
0.5	0.7940188849398375
0.51	0.7978731766901013
0.52	0.7992017434651169
0.53	0.8055416273773391
0.54	0.8089956408735741
0.55	0.8081022851502381
0.56	0.8121068131767152
0.5700000000000001	0.8178371805449495
0.58	0.8181621074875929
0.59	0.8213233418614442
0.6	0.825045732781342
0.61	0.8250414831088582
0.62	0.8356304968209392
0.63	0.8405980731072185
0.64	0.8443393472074816
0.65	0.8439160756501178
0.66	0.8581003282562493
0.67	0.8718193060976323
0.68	0.8976684982916964
0.6900000000000001	0.9502935618831128
0.7000000000000001	2.4781231734697777
0.71	1.949800151700263
0.72	1.9113332062859063
0.73	1.960732572862146
0.74	2.0511196892263053
0.75	2.145638065711321
0.76	2.218334993033849
0.77	2.2944813815327665
0.78	2.3500455911075457
0.79	2.408200743987495
0.8	2.484491643735872
0.81	2.512391526306438
0.8200000000000001	2.556305152909528
0.8300000000000001	2.6079613641998596
0.84	2.6230575045012308
0.85	2.6742426866419193
0.86	2.725950948434264
0.87	2.7475904537225664
0.88	2.790606148181041
0.89	2.803496162060048
0.9	2.851836485979897
0.91	2.875139594877799
0.92	2.900473765110325
0.93	2.9148679837875533
0.9400000000000001	2.9342530101243125
0.9500000000000001	2.956497323597604
0.96	2.9815230468767324
0.97	4.94971923620229
0.98	4.96494220705828
0.99	4.992716795091081
1.	3.94280351488838
1.01	4.93743344759429
1.02	4.780481676268633
1.03	4.665353432812558
1.04	4.469133610665112
1.05	4.3391432237805745
1.06	4.1194541626444865
1.07	3.944261192232235
1.08	3.8447524104429007
1.09	3.6792146947197466
1.1	3.621732044703318
1.11	3.5844460041450223
1.12	3.5211957208343256
1.1300000000000001	3.595762472385248
1.1400000000000001	3.636380877618781
1.1500000000000001	3.5947352827035055
1.16	3.866587154791445
1.17	4.117086421860017
1.18	4.345960612974307
1.19	3.836587663080051
1.2	3.5282875901800206
1.21	2.909664810456171
1.22	2.174882343708563
1.23	1.5219275283336153
1.24	1.1179521700264623
1.25	0.8848816561822984
1.26	0.8794588055258485
1.27	0.891233737350891
1.28	0.9129936903100071
1.29	0.9494533065113804
1.3	0.9612823926413596
1.31	1.0028213799588108
1.32	1.0325971725210898
1.33	1.0658247756925643
1.34	1.076170383282667
1.35	1.1017317240971938
1.36	1.112258043168144
1.37	1.131147062865197
1.3800000000000001	1.1426609634434695
1.3900000000000001	1.1374413749889671
1.4000000000000001	1.130319981888374
1.41	1.12286649983101
1.42	1.1407535092599723
1.43	1.1243499568463335
1.44	1.1245073175995706
1.45	1.1099511124615413
1.46	1.1011106517052713
1.47	1.0895931391935931
1.48	1.0485860383327685
1.49	1.0297853157622765
1.5	0.9928904578919617
1.51	0.9836558159518395
1.52	0.9484162964174424
1.53	0.911992976991015
1.54	0.869145321730623
1.55	0.8168557106194851
1.56	0.7792806277636066
1.57	0.7231900601069563
1.58	0.6889565167538471
1.59	0.6637391020573896
1.6	0.6759315017484799
1.61	0.7252548365430098
1.62	0.9012860325664659
1.6300000000000001	1.3392994570677053
1.6400000000000001	2.3318119046237666
1.6500000000000001	2.264736339288232
1.6600000000000001	1.9144327637690812
1.67	1.432453086796099
1.68	0.9973956770900618
1.69	0.7943320288050575
1.7	0.8327191195783255
1.71	0.9588420253225663
1.72	1.07878298982529
1.73	1.1424995559244422
1.74	1.2140007349907362
1.75	1.2488051800314557
1.76	1.2776353623429881
1.77	1.2932148572504667
1.78	1.3127896840039897
1.79	1.3260509139992924
1.8	1.3313736356089294
1.81	1.3332185849759204
1.82	1.336745157411126
1.83	1.3472653942873605
1.84	1.3490823315516154
1.85	1.3386205417316317
1.86	1.341224631650266
1.87	1.3299587321130488
1.8800000000000001	1.3226372238387405
1.8900000000000001	1.3331516527382379
1.9000000000000001	1.3137230258015957
1.9100000000000001	1.3031951682586755
1.92	1.2864367540127575
1.93	1.2744433246771645
1.94	1.2621586689210804
1.95	1.2484607045970055
1.96	1.2433861836935376
1.97	1.2283900835989747
1.98	1.206351134399212
1.99	1.1939259263472077
2.	1.1703602696303714
2.0100000000000002	1.1521935318591288
2.02	1.1137731210754573
2.0300000000000002	1.0959460748058591
2.04	1.0445920601811285
2.05	1.0456946948666839
2.06	0.9854780733338718
2.07	0.950996280470996
2.08	0.9020350307433768
2.09	0.852472130469596
2.1	0.7939169421214654
2.11	0.7110953138215367
2.12	0.6445743103984299
2.13	0.5724362201474446
2.14	0.5612855994839765
2.15	0.6519251004811634
2.16	1.2796617966404715
2.17	1.2376678505731982
2.18	1.0753845771214865
2.19	0.8807131704722776
2.2	0.6778191220321198
2.21	0.5696558836352785
2.22	0.6030498537138322
2.23	0.7072718508295845
2.24	0.7905774545951827
2.25	0.8521918081786114
2.2600000000000002	0.9000868925014373
2.27	0.9156513827176213
2.2800000000000002	0.9329364566756906
2.29	0.9442229982418646
2.3000000000000003	0.9461733640056104
2.31	0.9591959363165626
2.32	0.9588225646064706
2.33	0.9641830937319057
2.34	0.9537021270317733
2.35	0.9634534141470715
2.36	0.9396257642993154
2.37	0.930934672857325
2.38	0.9345499827442089
2.39	0.9257355938027692
2.4	0.9117076164574527
2.41	0.8912465192780596
2.42	0.884367538397396
2.43	0.8696233195584362
2.44	0.8617887468911111
2.45	0.8373141326609416
2.46	0.8240343314779791
2.47	0.8056249191989845
2.48	0.776312200131215
2.49	0.7607257314957265
2.5	0.7381399492117551
2.5100000000000002	0.7017551406077659
2.52	0.6701384783437629
2.5300000000000002	0.6325523490421129
2.54	0.6091956943273062
2.5500000000000003	0.5459481754821727
2.56	0.4996728510383396
2.57	0.45547471851482074
2.58	0.4188888935926316
2.59	0.41657331787344387
2.6	0.5594015595935089
2.61	0.6241895380111713
2.62	0.5436875040568792
2.63	0.45353631955562834
2.64	0.38916280486124133
2.65	0.2792343708529777
2.66	0.27622260302091967
2.67	0.34788453618972365
2.68	0.3947734007000413
2.69	0.41882531167445547
2.7	0.4319682647500231
2.71	0.44352786536946137
2.72	0.4343614563440605
2.73	0.4469499320652168
2.74	0.43914803183402434
2.75	0.42380386294242817
2.7600000000000002	0.429829733649481
2.77	0.4223028318072639
2.7800000000000002	0.4136755660482026
2.79	0.385682638924369
2.8000000000000003	0.36663657199390126
2.81	0.36182583714755073
2.82	0.32961169956492425
2.83	0.3146173469585524
2.84	0.27819361866496595
2.85	0.26740291436359603
2.86	0.22489088760194387
2.87	0.20135149139682437
2.88	0.1800679029813803
2.89	0.13155603255156534
2.9	0.0010165509720522436
2.91	0.000019030425110618222
2.92	5.444060868488471e-6
2.93	2.544766448311826e-6
2.94	1.469496877883816e-6
2.95	9.546161588231901e-7
2.96	6.682300852484877e-7
2.97	4.971518340167332e-7
2.98	3.855678986935348e-7
2.99	3.0752838918220725e-7
3.	2.517286387019506e-7