0.	2.269699284701951
0.01	0.3416729429145514
0.02	0.3081630629574096
0.03	0.28224845751553684
0.04	0.2551877566542749
0.05	0.2329817933805673
0.06	0.21580786781997194
0.07	0.1949628650523394
0.08	0.18859287635325303
0.09	0.1629663311288356
0.1	0.16888878407478394
0.11	0.1859333325794526
0.12	0.19708436544062424
0.13	0.210057778911762
0.14	0.22380884756358488
0.15	0.25623987017249805
0.16	0.2835702877309175
0.17	0.3029379295984941
0.18	0.30674429772283285
0.19	0.3605615992936912
0.2	0.38046373925087235
0.21	0.4213795993251998
0.22	0.45141430197173305
0.23	0.4964292133239878
0.24	0.5212085385370384
0.25	0.5647152590931951
0.26	0.5915581725947818
0.27	0.6186489817485626
0.28	0.631915653913972
0.29	0.663256392856064
0.3	0.6778883771281579
0.31	0.6855977444533323
0.32	0.7052572007245913
0.33	0.7247690035054349
0.34	0.7184271757039072
0.35000000000000003	0.7376829800367171
0.36	0.7396498173801083
0.37	0.7504747821503572
0.38	0.7633248522033291
0.39	0.7682225050478368
0.4	0.7740671236768124
0.41000000000000003	0.7808897468703833
0.42	0.7843390180026429
0.43	0.7957913039907659
0.44	0.7938763268306083
0.45	0.8048118094810044
0.46	0.7942307089610038
0.47000000000000003	0.8045068171603453
0.48	0.8064539354181295
0.49	0.8161647654916188
0.5	0.8149995665665396
0.51	0.8167829314663302
0.52	0.8182904097581947
0.53	0.8174303742760637
0.54	0.8174294073916852
0.55	0.8286614703271633
0.56	0.8254059947680961
0.5700000000000001	0.8296506695361029
0.58	0.8317607403273124
0.59	0.833856451401092
0.6	0.835061503505576
0.61	0.8353104400559873
0.62	0.8395412788366634
0.63	0.850835264652771
0.64	0.8507457228233897
0.65	0.8595127579160922
0.66	0.8692674753855714
0.67	0.8845131720109394
0.68	0.9074599273072684
0.6900000000000001	0.9463067109881909
0.7000000000000001	2.471869909376289
0.71	1.9396805343768173
0.72	1.9435738522597135
0.73	2.004994028962203
0.74	2.1048873272733624
0.75	2.190874957717043
0.76	2.261795940528726
0.77	2.3269927445644902
0.78	2.4148348102417185
0.79	2.466734345021438
0.8	2.514422171796622
0.81	2.5640279339474015
0.8200000000000001	2.5742605782350445
0.8300000000000001	2.630012296906184
0.84	2.6802356157125113
0.85	2.710312894780593
0.86	2.7342118257095698
0.87	2.767018979498486
0.88	2.8019616847045574
0.89	2.8353377516766103
0.9	2.851672679269847
0.91	2.8790455858637287
0.92	2.9129807593357326
0.93	2.9326956089278147
0.9400000000000001	2.941281249977208
0.9500000000000001	2.9650789788323353
0.96	2.97928735351187
0.97	4.934493648048068
0.98	4.968438184907254
0.99	4.997638261347777
1.	4.103220679771666
1.01	4.919523707564397
1.02	4.791801433853279
1.03	4.614621551217338
1.04	4.467893063300441
1.05	4.257468777655184
1.06	4.080906100902858
1.07	3.896453480761106
1.08	3.6992049400444875
1.09	3.5460515173327223
1.1	3.421099137467586
1.11	3.4618019886077316
1.12	3.40816927651049
1.1300000000000001	3.3970927087916847
1.1400000000000001	3.450282919002531
1.1500000000000001	3.5314434027763553
1.16	3.704504872635469
1.17	3.9914399901293054
1.18	4.3033183329783515
1.19	3.8316561942507494
1.2	3.399688406311765
1.21	2.7678369634604305
1.22	1.9627229151171801
1.23	1.298089751291957
1.24	1.0417392494816435
1.25	0.9246664374128918
1.26	0.9771701771619076
1.27	1.0226334567116258
1.28	1.0497155785230001
1.29	1.0803665736541235
1.3	1.1320923577915265
1.31	1.1779246641265635
1.32	1.1963272346204725
1.33	1.2176851547445462
1.34	1.2468441009564877
1.35	1.2653502881416079
1.36	1.2583205344955364
1.37	1.287993328720043
1.3800000000000001	1.282069171169208
1.3900000000000001	1.2893617457542965
1.4000000000000001	1.2762333803993247
1.41	1.2824979856032637
1.42	1.2776072234753428
1.43	1.287757978050747
1.44	1.2516840787720929
1.45	1.260171588905243
1.46	1.2370890275686557
1.47	1.2047501139693426
1.48	1.2145692225987017
1.49	1.1747142631806922
1.5	1.1400427051607112
1.51	1.116108269848462
1.52	1.0819486235681068
1.53	1.0185961952012836
1.54	1.0226863222557137
1.55	0.9356662886775983
1.56	0.872052453178211
1.57	0.8244996792711706
1.58	0.7673568973852012
1.59	0.7164124733401948
1.6	0.7038511893897484
1.61	0.7423557235850695
1.62	0.8353719768311839
1.6300000000000001	1.2407752839694146
1.6400000000000001	2.2197424286032423
1.6500000000000001	2.220613888138207
1.6600000000000001	1.8123286641182321
1.67	1.2998441716398943
1.68	0.9472632891404816
1.69	0.8337844389599582
1.7	0.9487275454254318
1.71	1.0958568064000236
1.72	1.2020006236384209
1.73	1.2807884069207665
1.74	1.3229851889645314
1.75	1.3626528239729918
1.76	1.3882347954223992
1.77	1.4008946496459966
1.78	1.414480011635806
1.79	1.4386331176311846
1.8	1.4378939817990817
1.81	1.4413619423643285
1.82	1.4363011995032922
1.83	1.4389528247019818
1.84	1.4377520779539752
1.85	1.4355577937737263
1.86	1.4460030447663026
1.87	1.41798090248049
1.8800000000000001	1.4194930592429136
1.8900000000000001	1.4119920628943163
1.9000000000000001	1.4052812965462222
1.9100000000000001	1.4026538649001112
1.92	1.3838029237938825
1.93	1.3844234235191515
1.94	1.359750826974072
1.95	1.348951668594192
1.96	1.3371510527363044
1.97	1.3221510097704108
1.98	1.3219972490899663
1.99	1.2661240433948187
2.	1.25948943289324
2.0100000000000002	1.2445301970721525
2.02	1.2071227183578053
2.0300000000000002	1.178923701052015
2.04	1.1452743421006717
2.05	1.1247906998380495
2.06	1.085156898918728
2.07	1.046652085955193
2.08	1.0016726452460147
2.09	0.9350157259654676
2.1	0.8641126358489357
2.11	0.7833528529579351
2.12	0.7137287038333272
2.13	0.6303980192415061
2.14	0.5787764985225301
2.15	0.6441179737727974
2.16	1.2010889663921493
2.17	1.2002375553906197
2.18	1.0287192891704324
2.19	0.8124732116706709
2.2	0.6639524393525384
2.21	0.5982064254821245
2.22	0.6656944745889801
2.23	0.7913818946826321
2.24	0.8573176226877137
2.25	0.9274529048378759
2.2600000000000002	0.9786510320895163
2.27	0.9987725094754696
2.2800000000000002	1.001950064069386
2.29	1.0138549621918758
2.3000000000000003	1.0146129590767303
2.31	1.0129279044604445
2.32	1.016206162903992
2.33	1.0199958401148619
2.34	1.0162819114060744
2.35	1.0082342741895687
2.36	1.005144596157921
2.37	0.9828820789481025
2.38	0.9832835210115244
2.39	0.9649141040602254
2.4	0.9641092836350655
2.41	0.9483221867163466
2.42	0.9314225978091777
2.43	0.9341341667248703
2.44	0.9067124182047231
2.45	0.8885686984049614
2.46	0.8926760878771022
2.47	0.8580472140199568
2.48	0.8265095097612948
2.49	0.7999098263144012
2.5	0.7783533026189121
2.5100000000000002	0.7398320120208639
2.52	0.710296534933493
2.5300000000000002	0.679900851627571
2.54	0.6385727271813721
2.5500000000000003	0.5953708032149454
2.56	0.5422273815982808
2.57	0.48247565354321237
2.58	0.4443975638654864
2.59	0.42053088826981844
2.6	0.5560803295332478
2.61	0.6215830142844575
2.62	0.5448470515619672
2.63	0.4363425637802357
2.64	0.3411605950627305
2.65	0.2811645269863425
2.66	0.3184255132171352
2.67	0.38621561578940033
2.68	0.4332286409749164
2.69	0.4600508031416241
2.7	0.46671354600128717
2.71	0.45951922132205597
2.72	0.4709550705506528
2.73	0.4699835148787051
2.74	0.4659093638233127
2.75	0.45618420242718843
2.7600000000000002	0.458428359244992
2.77	0.434590133818033
2.7800000000000002	0.4198968587876715
2.79	0.4089144941051662
2.8000000000000003	0.3825135060929478
2.81	0.38859157167182834
2.82	0.3507068220465182
2.83	0.3195812897597896
2.84	0.3004842772432146
2.85	0.27988261152047633
2.86	0.24966627920211193
2.87	0.19973668501860328
2.88	0.17115360169188137
2.89	0.14135669708610818
2.9	0.0009629104972924394
2.91	0.000018903719946302703
2.92	5.448951020858939e-6
2.93	2.533003728640354e-6
2.94	1.4614416841110423e-6
2.95	9.510761784463665e-7
2.96	6.652472178861882e-7
2.97	4.943551914383627e-7
2.98	3.8321678912186174e-7
2.99	3.0739587043726955e-7
3.	2.532382504998403e-7