0.	2.2841852908390607
0.01	0.35516121889752267
0.02	0.29677143602224865
0.03	0.24799936102689016
0.04	0.23821250186848322
0.05	0.24675066099742027
0.06	0.24055242456069686
0.07	0.24987784827321308
0.08	0.2471104537662279
0.09	0.2450850329998217
0.1	0.23713610960437784
0.11	0.23985222636864456
0.12	0.21554176835686012
0.13	0.2350618618917714
0.14	0.22738729245928882
0.15	0.23450670125047282
0.16	0.24637541600342194
0.17	0.21948830474472844
0.18	0.23151656312157376
0.19	0.2514654414658557
0.2	0.26315558530277067
0.21	0.274222342233951
0.22	0.3087637898373359
0.23	0.34039104299307243
0.24	0.3711069721440275
0.25	0.3997267962733374
0.26	0.42481466349013114
0.27	0.4641012142631753
0.28	0.4921864488055063
0.29	0.508805602829846
0.3	0.5460849505454328
0.31	0.5575792693449885
0.32	0.5851618566510934
0.33	0.5955093189849127
0.34	0.6098484156197624
0.35000000000000003	0.632548772008825
0.36	0.6499057796387708
0.37	0.6464597930036146
0.38	0.6712027860329453
0.39	0.6796738738290048
0.4	0.6870396679142202
0.41000000000000003	0.6974993754781614
0.42	0.6980940499763095
0.43	0.7084257267950882
0.44	0.7141593399817207
0.45	0.7195183965642122
0.46	0.721801421300341
0.47000000000000003	0.7261514286573549
0.48	0.7314400221229483
0.49	0.7336596821742751
0.5	0.7381448283655375
0.51	0.7507912604064048
0.52	0.7478254561896147
0.53	0.7483881946016154
0.54	0.7489585670435176
0.55	0.7656052196345511
0.56	0.7640452127448015
0.5700000000000001	0.7661069855336002
0.58	0.7732665415371851
0.59	0.7723010561543904
0.6	0.7812407149247274
0.61	0.7812760988587484
0.62	0.7926463215730625
0.63	0.7946590581146783
0.64	0.8011897071648628
0.65	0.8213953144997069
0.66	0.8284715726330277
0.67	0.8489278234755029
0.68	0.882285132326284
0.6900000000000001	0.9476201739424028
0.7000000000000001	2.558866632133934
0.71	2.1497380911079067
0.72	1.8824228248280384
0.73	1.8501891953634386
0.74	1.909483623121639
0.75	1.9836438476709746
0.76	2.0661537356837285
0.77	2.1331041758732963
0.78	2.265151370163033
0.79	2.2612935350343633
0.8	2.327215512980866
0.81	2.4176482061281748
0.8200000000000001	2.451395172857875
0.8300000000000001	2.493175779811414
0.84	2.5457050971986073
0.85	2.6260501571211905
0.86	2.6356357015750396
0.87	2.6816760159369117
0.88	2.7440339232455764
0.89	2.7653989933753884
0.9	2.800596708445214
0.91	2.8213920609830887
0.92	2.8764298451374857
0.93	2.8803459614926594
0.9400000000000001	2.9191428454896546
0.9500000000000001	2.9388236178233758
0.96	2.9677276569657507
0.97	4.963806214806078
0.98	4.97215312185529
0.99	4.988616906844298
1.	3.7549641988932723
1.01	4.917230642059405
1.02	4.789110449799304
1.03	4.678978277872285
1.04	4.492312175821019
1.05	4.422878675296391
1.06	4.328711274744626
1.07	4.2541666219871495
1.08	4.165656521473596
1.09	3.9898315946093756
1.1	3.9844857381201617
1.11	3.993377328998626
1.12	3.9031643317457005
1.1300000000000001	3.9569512767343924
1.1400000000000001	3.8886145749633907
1.1500000000000001	3.9795164324179177
1.16	4.053967388374663
1.17	4.163725210566979
1.18	4.3326227557188774
1.19	3.797446015805137
1.2	3.604044297920987
1.21	3.344092021086185
1.22	2.9341929585839477
1.23	2.2678051945740836
1.24	1.7643083762659484
1.25	1.240003798897634
1.26	0.9275532077410523
1.27	0.7638972732144188
1.28	0.638984407987709
1.29	0.6584693835556004
1.3	0.6181161447801735
1.31	0.6310606760179697
1.32	0.6391108855532931
1.33	0.6667625028518207
1.34	0.6889849050795508
1.35	0.7054069134833869
1.36	0.6895947749700978
1.37	0.7162081913987645
1.3800000000000001	0.7319558697650755
1.3900000000000001	0.7032663565646756
1.4000000000000001	0.7344981098917592
1.41	0.7308978122362543
1.42	0.731637638978265
1.43	0.7446980444237786
1.44	0.7070221862872574
1.45	0.7183935624062819
1.46	0.7072310383707486
1.47	0.6900047276588873
1.48	0.6834123245985394
1.49	0.6709400367317249
1.5	0.648382800678754
1.51	0.6334585386392216
1.52	0.6219455162971019
1.53	0.6248883939990852
1.54	0.6004011101133004
1.55	0.5628816076102982
1.56	0.5782612072894451
1.57	0.5707621819166458
1.58	0.5979729254236386
1.59	0.6632714631309282
1.6	0.741916340138649
1.61	0.8870113060708251
1.62	1.1594524212442308
1.6300000000000001	1.6770951961532141
1.6400000000000001	2.519064028348816
1.6500000000000001	2.39227694378111
1.6600000000000001	2.1623706209997704
1.67	1.8558040645057718
1.68	1.4448131709112608
1.69	1.0104464059358436
1.7	0.7327728154097315
1.71	0.6388555720172552
1.72	0.6803923811693255
1.73	0.749571263488462
1.74	0.8371213437662137
1.75	0.8855450064667911
1.76	0.9503755582118975
1.77	0.9649734142711525
1.78	0.9875572537908004
1.79	1.0096783051480982
1.8	1.0122255009671044
1.81	1.0243744777293715
1.82	1.0239286572726456
1.83	1.0343179956136377
1.84	1.044969049284584
1.85	1.0421556625259027
1.86	1.0338101610572918
1.87	1.0316123086013678
1.8800000000000001	1.0191593081065935
1.8900000000000001	1.0220378257387877
1.9000000000000001	1.0218014544059069
1.9100000000000001	1.0115645311706731
1.92	1.0043721497018943
1.93	0.9886626773825612
1.94	0.9790187081290009
1.95	0.9689601623366739
1.96	0.9503437116507627
1.97	0.9575744802622062
1.98	0.9410059743116735
1.99	0.9080457900536121
2.	0.8845392076628142
2.0100000000000002	0.870414736176006
2.02	0.8345899260844313
2.0300000000000002	0.8173420670561498
2.04	0.7863891567184905
2.05	0.7661323613524555
2.06	0.7220879044431713
2.07	0.7107725593311275
2.08	0.675786990443238
2.09	0.6038600620646828
2.1	0.5553612904510421
2.11	0.5307054742128187
2.12	0.4858046789739667
2.13	0.47977392928159046
2.14	0.5425343270788857
2.15	0.7512610391081942
2.16	1.4224237581425483
2.17	1.3353037600625324
2.18	1.2162394996304429
2.19	1.0546940616528546
2.2	0.8679641802488086
2.21	0.6412099183803684
2.22	0.5315595649411674
2.23	0.46924356075553747
2.24	0.5187928302288507
2.25	0.5892774297608553
2.2600000000000002	0.6562825578708537
2.27	0.6956996938771055
2.2800000000000002	0.7196945097332219
2.29	0.7510780389865396
2.3000000000000003	0.7625575435524395
2.31	0.7600179436602166
2.32	0.7632770892234798
2.33	0.7714961976369088
2.34	0.7750881225287057
2.35	0.768004922372297
2.36	0.7652127951683341
2.37	0.7675905727703456
2.38	0.7518710939448238
2.39	0.738609504966109
2.4	0.7396872597566226
2.41	0.7312552114229036
2.42	0.72719112853782
2.43	0.7158945276603609
2.44	0.6876568802297731
2.45	0.6709262798119855
2.46	0.6678105165657015
2.47	0.6541905072932966
2.48	0.6233319668676607
2.49	0.5985544089182299
2.5	0.5906472732853267
2.5100000000000002	0.5553405640980682
2.52	0.5332169295904332
2.5300000000000002	0.5054244438582522
2.54	0.4763134549844951
2.5500000000000003	0.42983775682517533
2.56	0.4164085873585422
2.57	0.3806968891488042
2.58	0.3766439003582106
2.59	0.39574607914245474
2.6	0.6018483393359529
2.61	0.6277064818385925
2.62	0.5996315119934077
2.63	0.5374137115697921
2.64	0.4703363020413377
2.65	0.37422995810874327
2.66	0.2815181939933315
2.67	0.24312795968484244
2.68	0.27667670658869553
2.69	0.3168753356013227
2.7	0.36290512138640135
2.71	0.3620111120484188
2.72	0.38552209217948125
2.73	0.382939251545267
2.74	0.38288530000033755
2.75	0.37949403239787655
2.7600000000000002	0.38083717977290954
2.77	0.37410847248710083
2.7800000000000002	0.3633038737298435
2.79	0.3329308022550077
2.8000000000000003	0.33451527047985985
2.81	0.33726460772509087
2.82	0.3128528569483393
2.83	0.2893227622973047
2.84	0.27467096898469834
2.85	0.2545839231439998
2.86	0.2218462256493126
2.87	0.2078568349803037
2.88	0.1788426780385088
2.89	0.14626289635213968
2.9	0.0010576597952749816
2.91	0.000019059543375731757
2.92	5.469694297857351e-6
2.93	2.5632096046639417e-6
2.94	1.4819442361868725e-6
2.95	9.671823256967168e-7
2.96	6.789979482006804e-7
2.97	5.037793409193676e-7
2.98	3.913847773253141e-7
2.99	3.127888261921149e-7
3.	2.56152967630816e-7