0.	2.28010011486921
0.01	0.36457051659028633
0.02	0.28675601075360135
0.03	0.2597567030483481
0.04	0.25178166576007355
0.05	0.2663728008302984
0.06	0.2587595842351176
0.07	0.2571446342770521
0.08	0.26178543941488397
0.09	0.26660213707077424
0.1	0.26774812707809176
0.11	0.25724697636590493
0.12	0.2442373640149466
0.13	0.23502479189740536
0.14	0.2327290260048798
0.15	0.23228580821435246
0.16	0.24125815662801303
0.17	0.2298600697284163
0.18	0.22857848837500877
0.19	0.2308124843014836
0.2	0.24714783187145073
0.21	0.2697483446683667
0.22	0.2978345055587358
0.23	0.3329765213425048
0.24	0.35461274652489017
0.25	0.38212511828769014
0.26	0.402731903897414
0.27	0.43261081968253395
0.28	0.47635547509514986
0.29	0.5033486925637455
0.3	0.5079093748602013
0.31	0.5364211774709573
0.32	0.5584077447335116
0.33	0.5744555411400925
0.34	0.6032682159089955
0.35000000000000003	0.6014651293521095
0.36	0.6239040443755209
0.37	0.6401717248129896
0.38	0.6491200222329074
0.39	0.6652489081403469
0.4	0.6716653242181249
0.41000000000000003	0.6812513495072463
0.42	0.6979093458962179
0.43	0.6982434185362528
0.44	0.7058432868210411
0.45	0.70755812436381
0.46	0.7093808013754779
0.47000000000000003	0.7169755494681119
0.48	0.7252269109157167
0.49	0.7275083578262795
0.5	0.7284376114497925
0.51	0.7299907854777935
0.52	0.7388246959339188
0.53	0.7498306963210755
0.54	0.7499840387769343
0.55	0.7514982119470508
0.56	0.7532138834268528
0.5700000000000001	0.7590550517103155
0.58	0.753246792045641
0.59	0.7690737294102837
0.6	0.7725998178668471
0.61	0.7753993305284381
0.62	0.78015899364396
0.63	0.7883966677582283
0.64	0.7982511853713797
0.65	0.8104663618761854
0.66	0.8211902592717513
0.67	0.8484746625268818
0.68	0.8829799180390335
0.6900000000000001	0.9525236344216687
0.7000000000000001	2.5739180604950818
0.71	2.2026290949030476
0.72	1.870362258871181
0.73	1.8195978669232444
0.74	1.8603507679448714
0.75	1.9605152860549697
0.76	2.020523406993609
0.77	2.109186474643696
0.78	2.1769493319237374
0.79	2.2452539262875106
0.8	2.3285893967524074
0.81	2.3711836513785074
0.8200000000000001	2.43829052351312
0.8300000000000001	2.482278551138159
0.84	2.53638579913823
0.85	2.576267150207439
0.86	2.6541472744778676
0.87	2.6762816182526565
0.88	2.709211672431836
0.89	2.758342854235264
0.9	2.7950021291036116
0.91	2.8236867831777492
0.92	2.8430665666455326
0.93	2.8852139957925194
0.9400000000000001	2.9192677306725456
0.9500000000000001	2.944400814508494
0.96	2.966041213419918
0.97	4.963518765028329
0.98	4.9683476511284725
0.99	4.986200158164846
1.	3.7464472631255825
1.01	4.928694732168166
1.02	4.7823734175365225
1.03	4.629594807410883
1.04	4.548875598886745
1.05	4.419457848215291
1.06	4.311821449308567
1.07	4.295003853190135
1.08	4.075839250107112
1.09	4.096255320595826
1.1	3.9728356933824043
1.11	3.992742884974941
1.12	3.9526672901468407
1.1300000000000001	3.975835422833177
1.1400000000000001	4.003993899229127
1.1500000000000001	3.9959797262723495
1.16	4.085844325186007
1.17	4.205872280260412
1.18	4.362009565228566
1.19	3.780923117876283
1.2	3.5999231543512917
1.21	3.3786552807297126
1.22	3.0475379651991754
1.23	2.497645220148357
1.24	1.9118795158842128
1.25	1.3803471072126343
1.26	0.9709032931679223
1.27	0.785589054821542
1.28	0.6835108743389128
1.29	0.6469583615982032
1.3	0.6021682227588209
1.31	0.607792360317786
1.32	0.5920134686458411
1.33	0.6212329772764007
1.34	0.6087395238138281
1.35	0.6319493488948356
1.36	0.6420286604496628
1.37	0.6501437280527259
1.3800000000000001	0.6615166887452515
1.3900000000000001	0.6736605093952708
1.4000000000000001	0.662260351026493
1.41	0.6716087434375344
1.42	0.6581243709456496
1.43	0.6708320046164772
1.44	0.6624774556417969
1.45	0.6461054013124783
1.46	0.6500260420364107
1.47	0.6373095996352357
1.48	0.6545155357728822
1.49	0.6206035622133231
1.5	0.6138162597094877
1.51	0.5938681245080814
1.52	0.575224187260582
1.53	0.5683473266702164
1.54	0.5685530654163489
1.55	0.5581181951425087
1.56	0.5682328421755307
1.57	0.5792422716792722
1.58	0.5900275097749407
1.59	0.6781572106281026
1.6	0.7523053518056213
1.61	0.949669146730079
1.62	1.2130870742112392
1.6300000000000001	1.7892085692186241
1.6400000000000001	2.5683057689199087
1.6500000000000001	2.4634359735981275
1.6600000000000001	2.2258228602532473
1.67	1.8922802752534662
1.68	1.5261496634086285
1.69	1.1078300756301016
1.7	0.7448411047525174
1.71	0.5897351891638288
1.72	0.6179214976374644
1.73	0.6776730696935438
1.74	0.7690112779286183
1.75	0.8203024703596111
1.76	0.8691170320777434
1.77	0.8935138604540468
1.78	0.9137995489513457
1.79	0.9302509824379124
1.8	0.9502955903924105
1.81	0.9668936973877468
1.82	0.966005827615776
1.83	0.9686725792510809
1.84	0.9684045710349678
1.85	0.9879239605888603
1.86	0.9695098337749691
1.87	0.9562075759697997
1.8800000000000001	0.9674716436801553
1.8900000000000001	0.9586978918398293
1.9000000000000001	0.9574776068426061
1.9100000000000001	0.9424293855606323
1.92	0.9471472910122634
1.93	0.9180510070701725
1.94	0.9185563270806433
1.95	0.8972395435149527
1.96	0.8927532941743713
1.97	0.8918490617629671
1.98	0.87387323191844
1.99	0.8519825108751597
2.	0.8441807992944719
2.0100000000000002	0.791999985297809
2.02	0.7730293421359484
2.0300000000000002	0.7458693252982111
2.04	0.7370591588710019
2.05	0.6977119871774805
2.06	0.6637704133701259
2.07	0.6365898735270272
2.08	0.6194048952282567
2.09	0.5625332495583549
2.1	0.5357475250408041
2.11	0.4978046456368037
2.12	0.4671765956457682
2.13	0.4882954752007124
2.14	0.5541929885322406
2.15	0.757018915619637
2.16	1.4334729005420441
2.17	1.3222731248727244
2.18	1.203493896838662
2.19	1.0819301256799927
2.2	0.9220361500838593
2.21	0.7194127812398239
2.22	0.5583990595857055
2.23	0.4495637493085922
2.24	0.4837508123899858
2.25	0.5441921690606338
2.2600000000000002	0.6191394848514592
2.27	0.6594002167752219
2.2800000000000002	0.6859588748801421
2.29	0.6971438635247998
2.3000000000000003	0.7192491651685932
2.31	0.7369350264157936
2.32	0.7260022903422519
2.33	0.7303766233903832
2.34	0.7430459094840806
2.35	0.7517818637199387
2.36	0.7288314514138533
2.37	0.7157216184250397
2.38	0.7130768917009905
2.39	0.7197430469035819
2.4	0.7038909204442964
2.41	0.7087992968679075
2.42	0.6668852667668659
2.43	0.6716512367369271
2.44	0.6595634154608647
2.45	0.6500600397983375
2.46	0.6312161675561444
2.47	0.625812795801393
2.48	0.6060155535692711
2.49	0.585053066426581
2.5	0.5517972560464753
2.5100000000000002	0.5373909928120215
2.52	0.497469558090783
2.5300000000000002	0.46742187188901585
2.54	0.4593386143852027
2.5500000000000003	0.43270297621457005
2.56	0.39244699225392127
2.57	0.37181063067473363
2.58	0.3636209758419945
2.59	0.40705859373484077
2.6	0.5949501490253511
2.61	0.6404383388180781
2.62	0.6065161841940248
2.63	0.5484257917840138
2.64	0.48395818313187317
2.65	0.4136303012763788
2.66	0.31487898282859
2.67	0.23979791965089806
2.68	0.24578373136620718
2.69	0.3018187900660904
2.7	0.34122994740908463
2.71	0.35361087397554475
2.72	0.36247536324395835
2.73	0.37963789631992256
2.74	0.3834818893920933
2.75	0.37970249225888947
2.7600000000000002	0.36980523074873556
2.77	0.36478546605570855
2.7800000000000002	0.36224516978851945
2.79	0.3564099748874044
2.8000000000000003	0.34180534900578236
2.81	0.3231677734568566
2.82	0.3033422962375338
2.83	0.2954441618401687
2.84	0.2729838679485782
2.85	0.24471540654342044
2.86	0.21921923004339966
2.87	0.20807249437039382
2.88	0.1757301648180574
2.89	0.14692895419954435
2.9	0.0010742649848386947
2.91	0.000019013242396452352
2.92	5.479438523902005e-6
2.93	2.5649740984381425e-6
2.94	1.4845545519317357e-6
2.95	9.695702496476081e-7
2.96	6.839854340481411e-7
2.97	5.061966714360979e-7
2.98	3.942253863913305e-7
2.99	3.12859587946551e-7
3.	2.5731193383254587e-7