-3.	1.5782176447213005
-2.99	1.649220721664068
-2.98	1.6152519258741134
-2.97	1.4790656869649184
-2.96	1.3047415136835359
-2.95	1.368907174612293
-2.94	1.420000108192246
-2.93	1.349527476561483
-2.92	1.3880591956657247
-2.91	1.0572571606805428
-2.9	1.2110037834368368
-2.89	1.4850770834828475
-2.88	1.3324129810259933
-2.87	0.9927365369334807
-2.86	1.0750228017145673
-2.85	1.363735241610696
-2.84	1.087257018445093
-2.83	1.0330360408684236
-2.82	1.6029796960997125
-2.81	1.22717864472766
-2.8	1.3975823834690901
-2.79	1.5926024274528223
-2.78	1.7354630757918539
-2.77	1.8191926168542396
-2.76	2.1091168744897844
-2.75	2.175092337623667
-2.74	2.0702186482670952
-2.73	2.2050582924899857
-2.7199999999999998	2.4662902095602677
-2.71	2.227303325882733
-2.7	1.8254148273343622
-2.69	1.618986678083437
-2.68	1.873531011641187
-2.67	2.080843528086398
-2.66	2.293887406577789
-2.65	2.5338591258191854
-2.64	2.4188293357106834
-2.63	2.226648833357488
-2.62	2.2779355876783476
-2.61	2.270281986426484
-2.6	2.086132478816411
-2.59	1.7812367850698396
-2.58	1.8158575640902832
-2.57	1.9504576920935384
-2.56	2.1655485950783784
-2.55	2.2986436080974415
-2.54	2.52934633188962
-2.53	2.272288989360149
-2.52	1.9550864223991475
-2.51	2.046656348833468
-2.5	1.966629022474573
-2.49	2.14787138906251
-2.48	1.8518002311436725
-2.4699999999999998	1.8832432997853907
-2.46	1.9122936967138864
-2.45	2.2353962630094655
-2.44	2.051273732067869
-2.4299999999999997	2.297959438944163
-2.42	1.819708224801963
-2.41	1.8407159937801751
-2.4	1.6668881417549286
-2.39	1.855396655702288
-2.38	1.9522825778881197
-2.37	2.1817921548224395
-2.36	1.2634791993742183
-2.35	1.7132230624288787
-2.34	1.729906583317966
-2.33	1.240328288798092
-2.32	1.434095660339097
-2.31	1.1944368025548269
-2.3	1.1723615783752614
-2.29	1.220050623634776
-2.2800000000000002	1.499189002501032
-2.27	1.9491946351065208
-2.26	2.3050762701777985
-2.25	2.2654555147666704
-2.24	2.3995463360397102
-2.23	2.2155604528975816
-2.2199999999999998	2.185179018547589
-2.21	2.4016084790568586
-2.2	2.394547019077467
-2.19	2.1067493781278994
-2.1799999999999997	2.303066289221156
-2.17	2.603212315027112
-2.16	2.6135304570445195
-2.15	2.7386425361949303
-2.14	3.0594917063007103
-2.13	2.930098262210715
-2.12	2.5497809999784513
-2.11	2.416661929852733
-2.1	2.3941537426535544
-2.09	2.4745486213600296
-2.08	2.5675961911329837
-2.07	2.4569678214428103
-2.06	2.6529158081408277
-2.05	2.763148609858098
-2.04	2.7613799627710987
-2.0300000000000002	2.888395781387979
-2.02	2.910475601012492
-2.01	2.7001584243476535
-2.	2.6588369664022755
-1.99	2.376274050838725
-1.98	2.3591420521328827
-1.97	2.490380302934689
-1.96	2.575752930100726
-1.95	2.6194979465822317
-1.94	2.7289089911093702
-1.93	2.8273200904861695
-1.92	2.6243484436002054
-1.91	2.6303664855079183
-1.9	2.705244824620576
-1.89	2.5112374030516778
-1.88	2.5451101624710124
-1.8699999999999999	2.148487607768907
-1.8599999999999999	2.2711899121057932
-1.8499999999999999	2.431573088417749
-1.84	2.4669324280924854
-1.83	2.4462489608429907
-1.82	2.2731572914010014
-1.81	2.5436491264349033
-1.8	1.9913598781760475
-1.79	2.1888323212027583
-1.78	2.5026783265102095
-1.77	1.8434377015347612
-1.76	1.6317907192399064
-1.75	1.4014947045977024
-1.74	1.8797593004080768
-1.73	2.071605684556192
-1.72	1.5635128802642544
-1.71	1.640399789693996
-1.7	1.7219323499126444
-1.69	2.3447574240699973
-1.68	2.4298327078881004
-1.67	2.6398093555187363
-1.66	2.828956317388607
-1.65	2.847099956101254
-1.64	2.5121772047643454
-1.63	2.6395290452989113
-1.6199999999999999	2.7300966953080925
-1.6099999999999999	3.0494437518919146
-1.5999999999999999	3.2710920031495885
-1.59	3.1471677564384843
-1.58	2.9952547363823006
-1.57	2.954689905935038
-1.56	2.9565506233025647
-1.55	3.098315765218245
-1.54	3.1538244148978274
-1.53	3.2590722480185956
-1.52	3.015331840993267
-1.51	2.9523367767095516
-1.5	2.8723049286175963
-1.49	3.242013428940887
-1.48	3.4063322872457187
-1.47	3.196693584584069
-1.46	3.1415863418211782
-1.45	3.1292220197166842
-1.44	3.0742055891048103
-1.43	3.177515367564941
-1.42	3.2902922940460186
-1.41	3.273457766583052
-1.4	3.042351773226429
-1.39	2.9416527872057694
-1.38	2.832760111138084
-1.3699999999999999	3.198446639044932
-1.3599999999999999	3.273753197802156
-1.3499999999999999	3.0831859619841606
-1.3399999999999999	3.1074202528276573
-1.33	2.9702586247942455
-1.32	3.0891330581158547
-1.31	2.9675521574078405
-1.3	3.297369008887187
-1.29	3.11134520445096
-1.28	2.725533736288101
-1.27	2.3834547979156824
-1.26	2.7016657522443484
-1.25	3.0675953538325045
-1.24	2.8360515488523377
-1.23	2.50482494097942
-1.22	2.6200605593420896
-1.21	1.8535254917369397
-1.2	2.3148344216699646
-1.19	2.1914863663656954
-1.18	2.764629433985244
-1.17	1.9592548945853479
-1.16	1.2391473881574293
-1.15	2.263276737878612
-1.14	3.0031935571955466
-1.13	3.134343947805456
-1.1199999999999999	3.099906666899864
-1.1099999999999999	3.1047037440969003
-1.0999999999999999	3.0102047083746015
-1.0899999999999999	3.1628106866184997
-1.08	3.385675967707284
-1.07	3.581485442027368
-1.06	3.4745301060976406
-1.05	3.4966507702131118
-1.04	3.46241148586557
-1.03	3.538394966486805
-1.02	3.656404683658102
-1.01	3.642842417124727
-1.	3.5837767680136245
-0.9899999999999998	3.539299211273107
-0.98	3.5222077976917525
-0.9699999999999998	3.5634310959626236
-0.96	3.7120428077250507
-0.9500000000000002	3.6147160347189047
-0.94	3.734303705223781
-0.9300000000000002	3.8755214797659607
-0.9199999999999999	3.6896006059793347
-0.9100000000000001	3.9315132132818924
-0.8999999999999999	3.973374078503556
-0.8900000000000001	3.710265008466445
-0.8799999999999999	3.6035730403849806
-0.8700000000000001	3.5491637296047247
-0.8599999999999999	3.5142134481953744
-0.8500000000000001	3.432052062341555
-0.8399999999999999	3.6307180647083976
-0.8300000000000001	3.7691916191023296
-0.8199999999999998	3.530571747394263
-0.81	3.6475697722301543
-0.7999999999999998	3.845484375128386
-0.79	3.7787172233286777
-0.7799999999999998	3.9274316530969213
-0.77	3.1740141671403213
-0.7599999999999998	2.7234116459956184
-0.75	2.849980606227921
-0.7399999999999998	3.1100461066467853
-0.73	3.0480075679668706
-0.7199999999999998	2.646628597397411
-0.71	2.2014183024662803
-0.6999999999999997	2.151846523777919
-0.69	2.47434616235119
-0.6800000000000002	2.991970048750608
-0.6699999999999999	2.8901998214598756
-0.6600000000000001	2.6210131115583915
-0.6499999999999999	3.030999625897765
-0.6400000000000001	3.354784405908357
-0.6299999999999999	3.403259743512172
-0.6200000000000001	3.4519902253465906
-0.6099999999999999	3.5833258821468963
-0.6000000000000001	3.8164716612220047
-0.5899999999999999	3.9188773362189795
-0.5800000000000001	3.986303512372894
-0.5699999999999998	3.949754895532406
-0.56	3.860040757714849
-0.5499999999999998	4.105827136638653
-0.54	4.142033247757807
-0.5299999999999998	3.9824710593106314
-0.52	3.9987578647522524
-0.5099999999999998	3.9645864269309006
-0.5	3.977329296201796
-0.48999999999999977	4.00901178485397
-0.48	4.072782769875556
-0.46999999999999975	4.057559531374056
-0.45999999999999996	4.130784106097662
-0.44999999999999973	4.132821580389902
-0.43999999999999995	4.453559329468862
-0.43000000000000016	4.360975030755279
-0.41999999999999993	4.027898184734619
-0.41000000000000014	3.970233628830688
-0.3999999999999999	3.8263346287048745
-0.3900000000000001	3.7730222940794675
-0.3799999999999999	3.4494160189368723
-0.3700000000000001	3.3727048007719955
-0.3599999999999999	3.8176703836508956
-0.3500000000000001	3.268383209827651
-0.33999999999999986	2.409283551370961
-0.33000000000000007	2.737215596397293
-0.31999999999999984	2.4664597351199657
-0.31000000000000005	2.3115935451198886
-0.2999999999999998	2.548572158212507
-0.29000000000000004	3.02487063364982
-0.2799999999999998	3.129806005756228
-0.27	3.130588750767486
-0.2599999999999998	3.257323986926023
-0.25	3.543211209379937
-0.23999999999999977	3.7623024921334878
-0.22999999999999998	3.7115891664987006
-0.21999999999999975	3.9580666438914593
-0.20999999999999996	4.004794953773479
-0.19999999999999973	3.950069498033895
-0.18999999999999995	4.182131039146214
-0.18000000000000016	4.452072370734766
-0.16999999999999993	4.166509417045224
-0.16000000000000014	3.9308463708033634
-0.1499999999999999	3.9205381346320793
-0.14000000000000012	3.8040468347484624
-0.1299999999999999	3.793151446579321
-0.1200000000000001	3.700665318603492
-0.10999999999999988	3.2388206000327227
-0.10000000000000009	3.028217680339787
-0.08999999999999986	2.690955129187884
-0.08000000000000007	3.4191518876932006
-0.06999999999999984	2.693109369267608
-0.06000000000000005	2.703619817374833
-0.04999999999999982	2.704726331799179
-0.040000000000000036	2.7334278441803073
-0.029999999999999805	2.918291464002095
-0.020000000000000018	2.9618265543270064
-0.009999999999999787	3.1220283093444765
0.	3.3105607767118728
0.010000000000000231	3.0466426122176515
0.020000000000000018	2.829947293836749
0.03000000000000025	2.596784797585407
0.040000000000000036	2.3839435788223535
0.050000000000000266	2.1682101987807245
0.06000000000000005	2.1178213955198593
0.07000000000000028	2.420054001873446
0.08000000000000007	6.267435060527072
0.08999999999999986	4.137800287035262
0.10000000000000009	3.0012225995262196
0.10999999999999988	2.588481842867205
0.1200000000000001	2.5262080901659765
0.1299999999999999	2.6332434495479684
0.14000000000000012	2.682735244691653
0.1499999999999999	2.8406091686898134
0.16000000000000014	2.9634264562130985
0.16999999999999993	3.042034147727142
0.18000000000000016	3.041799236631804
0.18999999999999995	2.9800492433273713
0.20000000000000018	2.9708449778804207
0.20999999999999996	2.8395512333115036
0.2200000000000002	2.786347271010239
0.22999999999999998	2.776455339799455
0.2400000000000002	2.760037548883839
0.25	2.629220304567473
0.26000000000000023	2.4957381503389144
0.27	2.486433977537673
0.28000000000000025	2.3103150790467777
0.29000000000000004	1.9995012023824852
0.30000000000000027	1.7833730822406806
0.31000000000000005	1.790677808836253
0.3200000000000003	2.8282756966798375
0.33000000000000007	2.376583386589382
0.33999999999999986	2.1408109835814804
0.3500000000000001	2.238067270936015
0.3599999999999999	2.306799016926444
0.3700000000000001	2.2508943125478447
0.3799999999999999	2.5050518221106506
0.3900000000000001	2.790905747176661
0.3999999999999999	2.7824585983206744
0.41000000000000014	2.8469188258321676
0.41999999999999993	3.1339379469049757
0.43000000000000016	3.0929386238570777
0.43999999999999995	3.0879074932595985
0.4500000000000002	3.0466091351489712
0.45999999999999996	3.086953268624288
0.4700000000000002	3.2258208339294145
0.48	3.377685822920947
0.4900000000000002	3.350263921699553
0.5	3.352250092875198
0.5100000000000002	3.258824502088836
0.52	3.3121825993116536
0.5300000000000002	3.294808297769193
0.54	3.208719485717499
0.5500000000000003	3.1787523314727912
0.56	3.179223667025313
0.5700000000000003	3.173206517717961
0.5800000000000001	3.142598509858327
0.5899999999999999	3.0160805352250097
0.6000000000000001	2.914355809033132
0.6099999999999999	2.9438958744993573
0.6200000000000001	2.8623557861035924
0.6299999999999999	2.722702270375233
0.6400000000000001	2.5675831762901136
0.6499999999999999	2.408517667948949
0.6600000000000001	2.3008450103326097
0.6699999999999999	2.0928203628509845
0.6800000000000002	1.6596047821349733
0.69	2.5837088325579236
0.7000000000000002	1.9629813975139443
0.71	1.9088635930597726
0.7200000000000002	2.032243103190839
0.73	2.0405200793877096
0.7400000000000002	2.033800945358363
0.75	2.1382223171780517
0.7600000000000002	2.4650609277965545
0.77	2.6869329371754733
0.7800000000000002	2.5032651348428834
0.79	2.389832118132058
0.8000000000000003	2.5231259458705586
0.81	2.78135094283532
0.8200000000000003	2.8889129529096746
0.8300000000000001	2.930329471412243
0.8399999999999999	3.013040593587445
0.8500000000000001	2.9100026162878736
0.8599999999999999	2.963819967296273
0.8700000000000001	3.1003555580547637
0.8799999999999999	3.0769740893446715
0.8900000000000001	2.97769384076963
0.8999999999999999	2.9978173943447732
0.9100000000000001	3.005532491393324
0.9199999999999999	3.062845953391694
0.9300000000000002	3.1051964835741614
0.94	3.1275652731801156
0.9500000000000002	3.1412031401309215
0.96	3.077343929188898
0.9700000000000002	3.118703627752572
0.98	3.130142909818591
0.9900000000000002	3.122137000878199
1.	3.0587413036695996
1.0099999999999998	2.9634945867777454
1.0200000000000005	2.9540809766090406
1.0300000000000002	2.970135081434193
1.04	2.9542452843535094
1.0499999999999998	2.92618208102256
1.0600000000000005	2.888144181126334
1.0700000000000003	2.750880836148558
1.08	2.7041399131558648
1.0899999999999999	2.753936413389508
1.0999999999999996	2.708252803846204
1.1100000000000003	2.672781462319535
1.12	2.395265273502011
1.13	2.118064532773407
1.1399999999999997	1.9682071854720493
1.1500000000000004	1.8061231573670455
1.1600000000000001	1.623994668222065
1.17	1.6367982659249338
1.1799999999999997	1.4892750796093044
1.1900000000000004	1.6167783290762023
1.2000000000000002	1.7010401232667176
1.21	1.962163408191211
1.2199999999999998	2.081786694563828
1.2300000000000004	1.8382342671702046
1.2400000000000002	1.9128674370592071
1.25	1.9233684753991267
1.2599999999999998	2.1586157019861685
1.2700000000000005	2.224484039662225
1.2800000000000002	2.4121542125011155
1.29	2.4194098417674677
1.2999999999999998	2.2199677920508667
1.3100000000000005	2.2736236039218913
1.3200000000000003	2.426130534207851
1.33	2.6075784807495985
1.3399999999999999	2.6293130753178406
1.3500000000000005	2.5696086437482544
1.3600000000000003	2.6070431590739127
1.37	2.5704368627035348
1.38	2.6284028863182245
1.3899999999999997	2.6462804669074536
1.4000000000000004	2.7247739862652907
1.4100000000000001	2.6984372778283676
1.42	2.5869297750315807
1.4299999999999997	2.6436849568498633
1.4400000000000004	2.696704749733708
1.4500000000000002	2.7484379810590926
1.46	2.7475850203784744
1.4699999999999998	2.6702171504166063
1.4800000000000004	2.67599589670192
1.4900000000000002	2.722044640679768
1.5	2.6894416500446985
1.5099999999999998	2.713954044017636
1.5200000000000005	2.734602410705061
1.5300000000000002	2.66749469732076
1.54	2.5485107379331953
1.5499999999999998	2.581494476159837
1.5600000000000005	2.6249597859702787
1.5700000000000003	2.645655967053368
1.58	2.5874293396451975
1.5899999999999999	2.5201293004266665
1.6000000000000005	2.5066392980793655
1.6100000000000003	2.491759198540378
1.62	2.4289299779554305
1.63	2.442513882557053
1.6399999999999997	2.3912092859894107
1.6500000000000004	2.3629718978474474
1.6600000000000001	2.2077850306094597
1.67	2.064268411056152
1.6799999999999997	1.871578868298275
1.6900000000000004	1.8183791218166767
1.7000000000000002	1.650671878431277
1.71	1.2833022420128446
1.7199999999999998	1.3611286446434239
1.7300000000000004	1.4554654727248237
1.7400000000000002	1.408248152712034
1.75	1.4207899157414579
1.7599999999999998	1.5781968810636022
1.7700000000000005	1.7757536632328323
1.7800000000000002	1.6416166111373176
1.79	1.4770145244860278
1.7999999999999998	1.5444481811684183
1.8100000000000005	1.7969496988894234
1.8200000000000003	1.9020558535616578
1.83	1.8237344454634645
1.8399999999999999	1.8947663367695236
1.8500000000000005	1.9846824458858887
1.8600000000000003	1.984627786329709
1.87	1.9846909584536994
1.88	2.028075051573868
1.8899999999999997	2.1539456535114723
1.9000000000000004	2.079802257210188
1.9100000000000001	2.0281220359869736
1.92	2.091431536604644
1.9299999999999997	2.1666467031948597
1.9400000000000004	2.2226304104686623
1.9500000000000002	2.202641576032425
1.96	2.2282852733704175
1.9699999999999998	2.289238876835169
1.9800000000000004	2.293975313121117
1.9900000000000002	2.225383262316845
2.	2.202501680127265
2.01	2.2149357925091664
2.0200000000000005	2.2016081553936284
2.0300000000000002	2.1822449877052286
2.04	2.2245758044970962
2.05	2.2895736332630086
2.0600000000000005	2.297034416131381
2.0700000000000003	2.3054493993667218
2.08	2.2710301268015662
2.09	2.289910791894021
2.1000000000000005	2.260417095810161
2.1100000000000003	2.1921950857054826
2.12	2.180772490534962
2.13	2.1581998167932634
2.1399999999999997	2.119706616823385
2.1500000000000004	2.133157018188182
2.16	2.171444767340741
2.17	2.2062041927953193
2.1799999999999997	2.2231476229537988
2.1900000000000004	2.1548812825531023
2.2	2.0823813211704643
2.21	2.0495636710479115
2.2199999999999998	1.8811653745776376
2.2300000000000004	1.7928742418838055
2.24	1.747357230363711
2.25	1.6671218780981862
2.26	1.5567726754813385
2.2700000000000005	1.3703746631502431
2.2800000000000002	1.1105162018181636
2.29	1.7011126508826997
2.3	1.3400010102258801
2.3100000000000005	1.248214511113197
2.3200000000000003	1.2564739227994306
2.33	1.2423785702953378
2.34	1.136153170207806
2.3500000000000005	1.2216681261010605
2.3600000000000003	1.2485032801472886
2.37	1.2822286313240712
2.38	1.459928341563088
2.3899999999999997	1.4474789748549206
2.4000000000000004	1.2635411599644664
2.41	1.4958370376608838
2.42	1.580811908741083
2.4299999999999997	1.6106045345075108
2.4400000000000004	1.5379691444775563
2.45	1.5233631840413753
2.46	1.520183360087978
2.4699999999999998	1.6434853494281234
2.4800000000000004	1.6845394308542891
2.49	1.7024130652545393
2.5	1.7162479715599295
2.51	1.6501732807642906
2.5200000000000005	1.6182481234253778
2.5300000000000002	1.7522087209562733
2.54	1.7402085965448546
2.55	1.734744836204997
2.5600000000000005	1.7242636663283752
2.5700000000000003	1.7464889926854157
2.58	1.8195041853775715
2.59	1.8440872845563532
2.6000000000000005	1.7432312618693815
2.6100000000000003	1.7059061423501711
2.62	1.6998681283644437
2.63	1.6830540882539273
2.6399999999999997	1.7541971889192414
2.6500000000000004	1.8211046959778858
2.66	1.8132726068983966
2.67	1.831035543531301
2.6799999999999997	1.7982364389165966
2.6900000000000004	1.77812109301933
2.7	1.7511313950474297
2.71	1.6735439290205671
2.7199999999999998	1.626101549042944
2.7300000000000004	1.578067332613837
2.74	1.5875494298349246
2.75	1.6012036569273933
2.76	1.698214316270415
2.7700000000000005	1.6387999966052793
2.7800000000000002	1.5672788432041227
2.79	1.4890239788939779
2.8	1.297431502230691
2.8100000000000005	1.101047805373893
2.8200000000000003	0.9135614527470911
2.83	0.9194673599930482
2.84	1.0304742213973743
2.8500000000000005	1.1719933596965981
2.8600000000000003	1.0867860500688975
2.87	1.0722754399006773
2.88	0.9866061416106517
2.8899999999999997	0.9829252389901622
2.9000000000000004	0.9374328848529558
2.91	0.9755626296219455
2.92	1.0249682378008864
2.9299999999999997	1.068737278690122
2.9400000000000004	0.9752323271436593
2.95	0.9874319524683993
2.96	1.0406418146038172
2.9699999999999998	1.068934153169877
2.9800000000000004	1.1224366656667764
2.99	1.1545567363502107
3.	1.1053346989554056