-3.	1.587348926617769
-2.99	1.6598056457659371
-2.98	1.6214743746951812
-2.97	1.4946477399074587
-2.96	1.2995290781407784
-2.95	1.3475242408741863
-2.94	1.3996342832596125
-2.93	1.3386685871545527
-2.92	1.4339684641070078
-2.91	1.0542507363553975
-2.9	1.2201565588806844
-2.89	1.484509289287824
-2.88	1.2850692252712608
-2.87	0.978945596178495
-2.86	1.0418741261285582
-2.85	1.3931874729844276
-2.84	1.0738245338931227
-2.83	1.0392144463958721
-2.82	1.5987612926916688
-2.81	1.2534336178009693
-2.8	1.4178025995740067
-2.79	1.5666173111345982
-2.78	1.72393613687657
-2.77	1.829593833339632
-2.76	2.100743941559416
-2.75	2.2022085879740834
-2.74	2.100047081948356
-2.73	2.206291897531538
-2.7199999999999998	2.474986042388374
-2.71	2.2509437951619145
-2.7	1.8328234615427719
-2.69	1.6666607223693022
-2.68	1.8480839191211789
-2.67	2.1012346795172006
-2.66	2.3370711840869465
-2.65	2.5757095523616234
-2.64	2.42619396596326
-2.63	2.2433623086639525
-2.62	2.2753941917281275
-2.61	2.282625962472801
-2.6	2.0954411945352867
-2.59	1.7969450521988086
-2.58	1.846438511727443
-2.57	1.9510251691692562
-2.56	2.1500746611941355
-2.55	2.333966439267669
-2.54	2.5547664994480184
-2.53	2.2908525141429092
-2.52	1.9680423886337535
-2.51	2.0326502425985726
-2.5	1.9886154324832364
-2.49	2.160958316447797
-2.48	1.889293754111805
-2.4699999999999998	1.879502165871781
-2.46	1.9274090706867972
-2.45	2.2376008515953227
-2.44	2.0510286312277146
-2.4299999999999997	2.3434165333406836
-2.42	1.8345798641428015
-2.41	1.8273121513946575
-2.4	1.6400892580783621
-2.39	1.8636533981327725
-2.38	1.9363664515902865
-2.37	2.2233830457830055
-2.36	1.2795800725671547
-2.35	1.7371114527313571
-2.34	1.7331337928195334
-2.33	1.2927462865957189
-2.32	1.43054228356172
-2.31	1.1931756453160438
-2.3	1.161516877548461
-2.29	1.2404216389676797
-2.2800000000000002	1.4821974500102615
-2.27	1.9692063429053852
-2.26	2.3285420960047274
-2.25	2.2952251729129856
-2.24	2.4459842308103696
-2.23	2.2294652022543953
-2.2199999999999998	2.1944552390020866
-2.21	2.3846914326531987
-2.2	2.408801011680578
-2.19	2.124509336443545
-2.1799999999999997	2.30908212528254
-2.17	2.582156051761298
-2.16	2.6348283189469175
-2.15	2.780121990533735
-2.14	3.0933833549516967
-2.13	2.9596526154357234
-2.12	2.5606144639613824
-2.11	2.4240319107811437
-2.1	2.420591693543709
-2.09	2.505327068615713
-2.08	2.587276087054909
-2.07	2.496359281937228
-2.06	2.6769590186380823
-2.05	2.7722241426473992
-2.04	2.7805261774785577
-2.0300000000000002	2.9262387185438112
-2.02	2.9362405578637283
-2.01	2.7170779610313183
-2.	2.6607011531523
-1.99	2.421937196534167
-1.98	2.385145559192614
-1.97	2.484695282058798
-1.96	2.579594302304186
-1.95	2.624491831665503
-1.94	2.731039008829087
-1.93	2.834682934489895
-1.92	2.63502848043146
-1.91	2.654208021224137
-1.9	2.7026589330427866
-1.89	2.518091751071301
-1.88	2.5413665880085037
-1.8699999999999999	2.1665876184044754
-1.8599999999999999	2.2949792451399897
-1.8499999999999999	2.4478125947530582
-1.84	2.4888244870744374
-1.83	2.431281102464849
-1.82	2.280016422516479
-1.81	2.5184789479034313
-1.8	1.9198260619201641
-1.79	2.205938730779103
-1.78	2.5159794213364988
-1.77	1.7953416681138148
-1.76	1.6419057393944705
-1.75	1.4243831470256618
-1.74	1.8389736830073793
-1.73	2.0938470203524786
-1.72	1.5695658784633741
-1.71	1.63466727924666
-1.7	1.722790448132084
-1.69	2.372730008416001
-1.68	2.425136194464006
-1.67	2.647146312350188
-1.66	2.837008117537089
-1.65	2.9050794567603693
-1.64	2.552071796200059
-1.63	2.6864281136447445
-1.6199999999999999	2.745097843215008
-1.6099999999999999	3.0814593337617926
-1.5999999999999999	3.3118690042735217
-1.59	3.169110052515286
-1.58	2.970001007282721
-1.57	2.9761194735457455
-1.56	2.9697312686557154
-1.55	3.1249652834826325
-1.54	3.202766854815682
-1.53	3.279373944212625
-1.52	3.0585327850929604
-1.51	2.977075905165041
-1.5	2.8831766055329036
-1.49	3.2452971030847366
-1.48	3.4380561578257556
-1.47	3.2092444568832716
-1.46	3.1787932906506304
-1.45	3.1255629142664847
-1.44	3.0808762852589857
-1.43	3.2083413593314973
-1.42	3.329537928687503
-1.41	3.299796676438655
-1.4	3.1158802500561795
-1.39	3.000996716985336
-1.38	2.8753962073591226
-1.3699999999999999	3.2061417012713216
-1.3599999999999999	3.3042528284847843
-1.3499999999999999	3.1048368318600286
-1.3399999999999999	3.1297664322149656
-1.33	2.974189624842159
-1.32	3.115726522700805
-1.31	2.9968564317673825
-1.3	3.3416704463209856
-1.29	3.112720337091255
-1.28	2.7842425008489182
-1.27	2.4187297645651835
-1.26	2.697477056443986
-1.25	3.0741122694343566
-1.24	2.855882239634122
-1.23	2.576212831929329
-1.22	2.638330417928864
-1.21	1.7588033654512054
-1.2	2.325038481316683
-1.19	2.2011624092133526
-1.18	2.7380161781991315
-1.17	1.9418832155238077
-1.16	1.286338943993524
-1.15	2.2911018326417305
-1.14	3.021217026917072
-1.13	3.1427210898986804
-1.1199999999999999	3.089408625174949
-1.1099999999999999	3.139280351964773
-1.0999999999999999	3.0490604476829497
-1.0899999999999999	3.1708708295379315
-1.08	3.4062547260831724
-1.07	3.6140510296600166
-1.06	3.5198285630604986
-1.05	3.520070666703986
-1.04	3.4867324130024118
-1.03	3.5842484606116223
-1.02	3.6923267823889487
-1.01	3.661841130419909
-1.	3.6257255381022815
-0.9899999999999998	3.5833661979610816
-0.98	3.5686094938349138
-0.9699999999999998	3.5734672813217823
-0.96	3.7143585115432605
-0.9500000000000002	3.6532919104441945
-0.94	3.7758908651535488
-0.9300000000000002	3.909888147455104
-0.9199999999999999	3.7552664222638814
-0.9100000000000001	3.984897530090433
-0.8999999999999999	4.028854442544898
-0.8900000000000001	3.755000385473377
-0.8799999999999999	3.638767948596567
-0.8700000000000001	3.5765187883581593
-0.8599999999999999	3.564776924424623
-0.8500000000000001	3.475233410416732
-0.8399999999999999	3.665676299578652
-0.8300000000000001	3.7592728715818287
-0.8199999999999998	3.6217935743395566
-0.81	3.6728291194632825
-0.7999999999999998	3.8617287178596142
-0.79	3.8092590719104154
-0.7799999999999998	3.9439447072691878
-0.77	3.1705981838050774
-0.7599999999999998	2.7433660287622255
-0.75	2.8435482497226294
-0.7399999999999998	3.1321439090689878
-0.73	3.1279384044876424
-0.7199999999999998	2.719836068472444
-0.71	2.2336549409311166
-0.6999999999999997	2.207333435475705
-0.69	2.4866645345291682
-0.6800000000000002	3.0082629340592293
-0.6699999999999999	2.939563386130916
-0.6600000000000001	2.608980998775875
-0.6499999999999999	3.1189411487466687
-0.6400000000000001	3.397158951477449
-0.6299999999999999	3.425483188062696
-0.6200000000000001	3.5031543712747424
-0.6099999999999999	3.648710533545709
-0.6000000000000001	3.88401225693808
-0.5899999999999999	3.9722942464662956
-0.5800000000000001	4.067754217813743
-0.5699999999999998	3.989386497249476
-0.56	3.9599377592662663
-0.5499999999999998	4.158489159865542
-0.54	4.2251212716161515
-0.5299999999999998	4.066038719071027
-0.52	4.068618683121116
-0.5099999999999998	4.040168275693939
-0.5	4.04653979091741
-0.48999999999999977	4.063164610360257
-0.48	4.149740315510808
-0.46999999999999975	4.067536042774703
-0.45999999999999996	4.162836056113072
-0.44999999999999973	4.206376057185704
-0.43999999999999995	4.533643785870706
-0.43000000000000016	4.417905913594242
-0.41999999999999993	4.063011470676619
-0.41000000000000014	4.038506802446567
-0.3999999999999999	3.909437795947987
-0.3900000000000001	3.800331685797374
-0.3799999999999999	3.4836759723803072
-0.3700000000000001	3.457470008303944
-0.3599999999999999	3.8310764726624416
-0.3500000000000001	3.4038935908580505
-0.33999999999999986	2.385351384238528
-0.33000000000000007	2.823773231599038
-0.31999999999999984	2.573120308829783
-0.31000000000000005	2.359055435271743
-0.2999999999999998	2.6268059899317304
-0.29000000000000004	3.1227891793535547
-0.2799999999999998	3.213330500005704
-0.27	3.1790210925208355
-0.2599999999999998	3.331953944940168
-0.25	3.6201202032805186
-0.23999999999999977	3.893221222316344
-0.22999999999999998	3.812060280559668
-0.21999999999999975	3.9797200705870774
-0.20999999999999996	4.064690503748122
-0.19999999999999973	4.04734675546766
-0.18999999999999995	4.278424032455456
-0.18000000000000016	4.583710587637717
-0.16999999999999993	4.277236927052123
-0.16000000000000014	4.128897031908089
-0.1499999999999999	4.0303983929099285
-0.14000000000000012	3.9786092824696775
-0.1299999999999999	4.00785958836805
-0.1200000000000001	3.833768678668396
-0.10999999999999988	3.3306421964189856
-0.10000000000000009	3.1018628249540434
-0.08999999999999986	2.7457378141663398
-0.08000000000000007	3.5650377715961215
-0.06999999999999984	2.6783132006187533
-0.06000000000000005	2.78629098149187
-0.04999999999999982	2.765559073657394
-0.040000000000000036	2.8098279243044653
-0.029999999999999805	2.9510981003987355
-0.020000000000000018	3.1144664860729434
-0.009999999999999787	3.279366804301386
0.	3.448207008290896
0.010000000000000231	3.2845593020809827
0.020000000000000018	3.01836308141808
0.03000000000000025	2.763259987763999
0.040000000000000036	2.4695221368386417
0.050000000000000266	2.3517852718127106
0.06000000000000005	2.1697738827420547
0.07000000000000028	2.445577378566036
0.08000000000000007	6.047497748965914
0.08999999999999986	3.877303376366128
0.10000000000000009	2.7408889720150547
0.10999999999999988	2.524350444451272
0.1200000000000001	2.6502013131556614
0.1299999999999999	2.7267730212573524
0.14000000000000012	2.8709851372104933
0.1499999999999999	2.9721102933956782
0.16000000000000014	3.1001980953591564
0.16999999999999993	3.2120398087592568
0.18000000000000016	3.3229274128357984
0.18999999999999995	3.206229371877308
0.20000000000000018	3.043932673616271
0.20999999999999996	3.056708884049932
0.2200000000000002	3.0495600493553665
0.22999999999999998	3.021644612208449
0.2400000000000002	2.8861719552295306
0.25	2.846633186581103
0.26000000000000023	2.613739320066939
0.27	2.6071417765854186
0.28000000000000025	2.4505894098767205
0.29000000000000004	2.0855676382468875
0.30000000000000027	1.8105194701204221
0.31000000000000005	1.8208353604809477
0.3200000000000003	2.921542658415441
0.33000000000000007	2.390761863464634
0.33999999999999986	2.1740119004544622
0.3500000000000001	2.2658285999658365
0.3599999999999999	2.335687017180189
0.3700000000000001	2.3826318151037102
0.3799999999999999	2.6243391708526196
0.3900000000000001	2.9247128567263387
0.3999999999999999	2.9600303310890292
0.41000000000000014	2.973885151156612
0.41999999999999993	3.1719262996358273
0.43000000000000016	3.2362394061449327
0.43999999999999995	3.234569339136583
0.4500000000000002	3.231812095448207
0.45999999999999996	3.253253794901689
0.4700000000000002	3.357368051110475
0.48	3.4632597631677013
0.4900000000000002	3.425189126757244
0.5	3.4181521443025864
0.5100000000000002	3.3912440393985044
0.52	3.414655263049629
0.5300000000000002	3.3150377107523044
0.54	3.288149444877971
0.5500000000000003	3.2916446857332384
0.56	3.2856144545512227
0.5700000000000003	3.2841340912442476
0.5800000000000001	3.201596792285721
0.5899999999999999	3.076440283161631
0.6000000000000001	2.994339847305197
0.6099999999999999	2.9664024663994097
0.6200000000000001	2.959472723078055
0.6299999999999999	2.7838055683775775
0.6400000000000001	2.5751986233877786
0.6499999999999999	2.4688325970223004
0.6600000000000001	2.3812723714580533
0.6699999999999999	2.1174563655433385
0.6800000000000002	1.646578803189161
0.69	2.287148778702489
0.7000000000000002	2.171234820163946
0.71	1.9876800528632812
0.7200000000000002	2.0372906780479125
0.73	2.074079345570054
0.7400000000000002	2.033554332836878
0.75	2.2855278215651635
0.7600000000000002	2.4938910958705907
0.77	2.7056889777004853
0.7800000000000002	2.5169523751269116
0.79	2.4405636591883217
0.8000000000000003	2.6453132429441872
0.81	2.8421797682070906
0.8200000000000003	2.9820360702125055
0.8300000000000001	3.014204823698103
0.8399999999999999	3.0595699901515254
0.8500000000000001	2.9983085669854392
0.8599999999999999	3.0637997459028385
0.8700000000000001	3.1695129958926533
0.8799999999999999	3.129899919316641
0.8900000000000001	3.0436761372901517
0.8999999999999999	3.025284233454424
0.9100000000000001	3.075182961269911
0.9199999999999999	3.1321027749437516
0.9300000000000002	3.144268561751012
0.94	3.1766673658321523
0.9500000000000002	3.1693300645223776
0.96	3.1501240013908256
0.9700000000000002	3.127658822140937
0.98	3.152502979815111
0.9900000000000002	3.171347662502214
1.	3.0943746460284567
1.0099999999999998	2.968410747433931
1.0200000000000005	2.9858644119654314
1.0300000000000002	3.02021894235962
1.04	3.0110703992031516
1.0499999999999998	2.97367499943678
1.0600000000000005	2.908723006925963
1.0700000000000003	2.8105995392919074
1.08	2.7099202990650286
1.0899999999999999	2.7539066601022872
1.0999999999999996	2.7487314493970203
1.1100000000000003	2.713386858461211
1.12	2.497278860528321
1.13	2.1715127204536904
1.1399999999999997	2.0526079515063063
1.1500000000000004	1.9216111519216423
1.1600000000000001	1.6816099494081336
1.17	1.7089625741761174
1.1799999999999997	1.6092983474270612
1.1900000000000004	1.6150654376632514
1.2000000000000002	1.6987573288684266
1.21	2.0204544745656166
1.2199999999999998	2.0720535762495906
1.2300000000000004	1.9116359133026815
1.2400000000000002	1.94888401133596
1.25	1.9522508873739306
1.2599999999999998	2.224179744014722
1.2700000000000005	2.3102730744812745
1.2800000000000002	2.4840895408892902
1.29	2.4815397737950877
1.2999999999999998	2.303829219121318
1.3100000000000005	2.2940446449596763
1.3200000000000003	2.4844769706916705
1.33	2.673725403918661
1.3399999999999999	2.6150238235523586
1.3500000000000005	2.564423375221443
1.3600000000000003	2.64463736201829
1.37	2.6668693918961455
1.38	2.7266658003083832
1.3899999999999997	2.736687250108784
1.4000000000000004	2.7996453402768036
1.4100000000000001	2.7274667743440606
1.42	2.6448429692693933
1.4299999999999997	2.682734990158144
1.4400000000000004	2.7538979725103525
1.4500000000000002	2.806144652595836
1.46	2.7976846129159165
1.4699999999999998	2.7128553249289267
1.4800000000000004	2.717418894178045
1.4900000000000002	2.7675091291641
1.5	2.744458306641646
1.5099999999999998	2.750556247811183
1.5200000000000005	2.7970781028841314
1.5300000000000002	2.7239409281108156
1.54	2.624077375917829
1.5499999999999998	2.617243010468372
1.5600000000000005	2.6570021116228237
1.5700000000000003	2.7208695780065373
1.58	2.6560245499164883
1.5899999999999999	2.554322893241761
1.6000000000000005	2.543728761485424
1.6100000000000003	2.530542920208833
1.62	2.467916971827087
1.63	2.4404536369220495
1.6399999999999997	2.451433469209979
1.6500000000000004	2.38401535251135
1.6600000000000001	2.235202130279852
1.67	2.0384592380477686
1.6799999999999997	1.8861570286202016
1.6900000000000004	1.854620719254452
1.7000000000000002	1.721348960248988
1.71	1.3489953110883435
1.7199999999999998	1.3863208982598192
1.7300000000000004	1.3871283515729553
1.7400000000000002	1.372007104729073
1.75	1.3828126417049194
1.7599999999999998	1.5637495447588117
1.7700000000000005	1.8104857038697801
1.7800000000000002	1.6494420527261227
1.79	1.4837263639457368
1.7999999999999998	1.5648440808625366
1.8100000000000005	1.8320806990218423
1.8200000000000003	1.9903333302358952
1.83	1.8659069157036887
1.8399999999999999	1.9468924004989563
1.8500000000000005	2.06655529630844
1.8600000000000003	2.0621795071373663
1.87	2.026494805032621
1.88	2.073069219459687
1.8899999999999997	2.155838921577174
1.9000000000000004	2.0849915059630066
1.9100000000000001	2.0493623767039204
1.92	2.1400449314876404
1.9299999999999997	2.2093828250689365
1.9400000000000004	2.27100238731725
1.9500000000000002	2.248794492327623
1.96	2.28392065782966
1.9699999999999998	2.364338628346354
1.9800000000000004	2.311939439240246
1.9900000000000002	2.26717510674742
2.	2.222811312148473
2.01	2.224911540659076
2.0200000000000005	2.205937978141669
2.0300000000000002	2.2362061067580186
2.04	2.2885941975476034
2.05	2.342540031646409
2.0600000000000005	2.349060905999629
2.0700000000000003	2.34738716235807
2.08	2.326619771950247
2.09	2.329146484789711
2.1000000000000005	2.2871578078322123
2.1100000000000003	2.234804132300988
2.12	2.216054269987967
2.13	2.1919659003669656
2.1399999999999997	2.1747971629716867
2.1500000000000004	2.1597247242591546
2.16	2.1947427497955716
2.17	2.2291713333751146
2.1799999999999997	2.2336370022993384
2.1900000000000004	2.1779404699966562
2.2	2.113250486416309
2.21	2.0677766367954638
2.2199999999999998	1.9288325852472945
2.2300000000000004	1.8117475683953281
2.24	1.7780137192636858
2.25	1.6756976363714702
2.26	1.5791021496314501
2.2700000000000005	1.4460472985024866
2.2800000000000002	1.1065141346046967
2.29	1.742368808815827
2.3	1.3491756996354858
2.3100000000000005	1.2494650872598414
2.3200000000000003	1.2441479664174095
2.33	1.1822450951615937
2.34	1.1692831576148979
2.3500000000000005	1.2163104000490417
2.3600000000000003	1.2788745326178634
2.37	1.3412293556712471
2.38	1.4823214393854278
2.3899999999999997	1.4762998726138659
2.4000000000000004	1.3060928158706813
2.41	1.5073945730223897
2.42	1.6147277993088647
2.4299999999999997	1.6706236426208592
2.4400000000000004	1.5772078267561844
2.45	1.5683205785251604
2.46	1.6032446832793843
2.4699999999999998	1.6998330067819751
2.4800000000000004	1.712265629434527
2.49	1.7245222918973073
2.5	1.7347935343522858
2.51	1.671751612714083
2.5200000000000005	1.6281301866398985
2.5300000000000002	1.75301742080917
2.54	1.762241258137356
2.55	1.7934805768360984
2.5600000000000005	1.7674944273447633
2.5700000000000003	1.7666538369203577
2.58	1.8329499447618556
2.59	1.8422055991618334
2.6000000000000005	1.77714008528834
2.6100000000000003	1.7521457578708373
2.62	1.7120229882890843
2.63	1.6975172527573277
2.6399999999999997	1.777124659282242
2.6500000000000004	1.8395593839326256
2.66	1.858319249521904
2.67	1.8537955343390977
2.6799999999999997	1.8186242359281433
2.6900000000000004	1.804547857810011
2.7	1.7698113565172415
2.71	1.717161280865397
2.7199999999999998	1.6158733940770083
2.7300000000000004	1.5879810620344261
2.74	1.6458277962711454
2.75	1.6451812217468653
2.76	1.6987364810491568
2.7700000000000005	1.6519628643649555
2.7800000000000002	1.5813718683621163
2.79	1.5172844063976954
2.8	1.315939380394666
2.8100000000000005	1.1231567839201855
2.8200000000000003	0.9473783841055697
2.83	0.9681343595560991
2.84	1.0963868932815994
2.8500000000000005	1.1297086753702101
2.8600000000000003	1.1400101773887248
2.87	1.0252478278478951
2.88	0.9969157657590348
2.8899999999999997	1.0296472950876188
2.9000000000000004	1.0014034807221033
2.91	0.9929975301589063
2.92	1.0796726470875402
2.9299999999999997	1.0879844783118533
2.9400000000000004	1.01790457331769
2.95	0.9603290105826361
2.96	1.0519467265213196
2.9699999999999998	1.0830326428696357
2.9800000000000004	1.1426276016879358
2.99	1.180918776261904
3.	1.1006591742481264