-3.	1.5357867632109423
-2.99	1.6657765950879941
-2.98	1.631114412818129
-2.97	1.5590156585720856
-2.96	1.2964680745484416
-2.95	1.3474335071073953
-2.94	1.4110059132015793
-2.93	1.354001669917927
-2.92	1.4390091651859858
-2.91	1.1275263947806367
-2.9	1.2247109044932276
-2.89	1.5106549511410388
-2.88	1.2887900933239087
-2.87	0.9680311287298916
-2.86	1.0757136745068856
-2.85	1.4318848964883433
-2.84	1.1084874433616472
-2.83	1.034866772734053
-2.82	1.610577213790587
-2.81	1.392029000192932
-2.8	1.4941381693566222
-2.79	1.5843180776231651
-2.78	1.7519176952211934
-2.77	1.8647517687760027
-2.76	2.142204960167777
-2.75	2.2277998701183925
-2.74	2.121961981181969
-2.73	2.2279609351438094
-2.7199999999999998	2.5221165869871984
-2.71	2.3137448852403986
-2.7	1.8650357394501644
-2.69	1.7157439804815295
-2.68	1.8803430432774293
-2.67	2.150915223572788
-2.66	2.3777206998838976
-2.65	2.617056527074964
-2.64	2.456600677110039
-2.63	2.2876966515137354
-2.62	2.300741919063299
-2.61	2.258963087875787
-2.6	2.1180677968266046
-2.59	1.8754656341783906
-2.58	1.8412208069123726
-2.57	1.975166579207301
-2.56	2.2004175519154123
-2.55	2.375584579715967
-2.54	2.6125581124617794
-2.53	2.2937815173043803
-2.52	1.9272179675903436
-2.51	2.022018213870702
-2.5	1.9884711635306342
-2.49	2.1542870531835274
-2.48	1.9706103663220311
-2.4699999999999998	1.934495645538665
-2.46	1.970353431210146
-2.45	2.237838673377529
-2.44	2.0752540373275044
-2.4299999999999997	2.3772157418529476
-2.42	1.8711755580564131
-2.41	1.8212969670884716
-2.4	1.697964920299243
-2.39	1.891797479037371
-2.38	1.9086349141189343
-2.37	2.315105063987534
-2.36	1.3293382593776415
-2.35	1.81201980042949
-2.34	1.7491044933932272
-2.33	1.1882894974897045
-2.32	1.4421548631003578
-2.31	1.2001275092426649
-2.3	1.151607154815427
-2.29	1.3037661021015599
-2.2800000000000002	1.5648386585629754
-2.27	1.948845384889572
-2.26	2.3713735934576436
-2.25	2.424295942557499
-2.24	2.5608772645857836
-2.23	2.283867003255612
-2.2199999999999998	2.2056044118302043
-2.21	2.3915585649266777
-2.2	2.4550999893416803
-2.19	2.2256411522606405
-2.1799999999999997	2.357437115317905
-2.17	2.6044521783592818
-2.16	2.6563109900105437
-2.15	2.8116462782958864
-2.14	3.170848550434416
-2.13	3.019977977318452
-2.12	2.556719018920137
-2.11	2.4187313274497164
-2.1	2.476431447194666
-2.09	2.540749145935735
-2.08	2.6283571050287353
-2.07	2.5352773934816346
-2.06	2.706989439554607
-2.05	2.79784529472926
-2.04	2.8200627279912083
-2.0300000000000002	2.9822388200550143
-2.02	2.9702763116624857
-2.01	2.7245824122928872
-2.	2.6817188492561144
-1.99	2.4401385031310703
-1.98	2.4082703018542393
-1.97	2.5268525780481124
-1.96	2.6114819696683327
-1.95	2.6967344339566277
-1.94	2.753817855020998
-1.93	2.860056861083399
-1.92	2.6502057489232547
-1.91	2.61888162562039
-1.9	2.7410641071064212
-1.89	2.5470876637693736
-1.88	2.586701086470183
-1.8699999999999999	2.2212681179279543
-1.8599999999999999	2.3238989642560743
-1.8499999999999999	2.495522706379768
-1.84	2.5253558076608154
-1.83	2.5102962310883177
-1.82	2.246809348206639
-1.81	2.5356089385818006
-1.8	1.9346814771695804
-1.79	2.26607735472432
-1.78	2.5248512578251865
-1.77	1.8529640023610494
-1.76	1.6260357788739757
-1.75	1.468045572325247
-1.74	1.9218206850854098
-1.73	2.178025292555539
-1.72	1.576639852232912
-1.71	1.6165264918677467
-1.7	1.7927467650873055
-1.69	2.4259987625753916
-1.68	2.4436241337546907
-1.67	2.689165445660946
-1.66	2.8903923131322067
-1.65	2.981853772920294
-1.64	2.6660956288457256
-1.63	2.71826249232748
-1.6199999999999999	2.834903742411767
-1.6099999999999999	3.1529652605770178
-1.5999999999999999	3.361825812000583
-1.59	3.1947426425362635
-1.58	3.037891725872987
-1.57	3.0373877690217665
-1.56	2.993770589825285
-1.55	3.178993410874863
-1.54	3.252868548382501
-1.53	3.34839194141016
-1.52	3.1822640504383837
-1.51	3.0264443905003917
-1.5	2.9827479113314306
-1.49	3.3030013634718345
-1.48	3.4803941141199766
-1.47	3.243922612241277
-1.46	3.2363539834415964
-1.45	3.1687340768280703
-1.44	3.144241929223183
-1.43	3.279208466185567
-1.42	3.383085276155324
-1.41	3.3819156385316727
-1.4	3.2024791834432134
-1.39	3.041522857300828
-1.38	2.962914652684244
-1.3699999999999999	3.2711865883503597
-1.3599999999999999	3.331631433090548
-1.3499999999999999	3.1891081113996673
-1.3399999999999999	3.1978446286886375
-1.33	3.0132009843659278
-1.32	3.1550418496967603
-1.31	3.0744012074730116
-1.3	3.405770965905948
-1.29	3.1630888620179993
-1.28	2.8373983954448074
-1.27	2.4124056468903325
-1.26	2.685889770143386
-1.25	3.094427941140447
-1.24	2.884849672181227
-1.23	2.6003621074625043
-1.22	2.618089348083482
-1.21	1.7803830694936555
-1.2	2.362747828623165
-1.19	2.2748094951805107
-1.18	2.818726642332029
-1.17	1.9853876504316266
-1.16	1.38073438268979
-1.15	2.40796583379664
-1.14	3.0757905389447053
-1.13	3.212028129743753
-1.1199999999999999	3.1712005150989864
-1.1099999999999999	3.1763630977050212
-1.0999999999999999	3.1634030371137483
-1.0899999999999999	3.2480670475138878
-1.08	3.45653559206358
-1.07	3.7049333691838546
-1.06	3.598159618721366
-1.05	3.642592569208072
-1.04	3.6174170564546193
-1.03	3.71861345048992
-1.02	3.774983041070115
-1.01	3.736207550115082
-1.	3.6765019258505713
-0.9899999999999998	3.6326879701020225
-0.98	3.6413263133176232
-0.9699999999999998	3.6499162612579132
-0.96	3.8170965224659583
-0.9500000000000002	3.7362080158438165
-0.94	3.8413321535548555
-0.9300000000000002	4.009819284045233
-0.9199999999999999	3.805054070900431
-0.9100000000000001	4.051123592783699
-0.8999999999999999	4.133490702284328
-0.8900000000000001	3.8408420034924156
-0.8799999999999999	3.71036255103217
-0.8700000000000001	3.648611458408774
-0.8599999999999999	3.6377622702812067
-0.8500000000000001	3.5376137475885607
-0.8399999999999999	3.7814928488490787
-0.8300000000000001	3.865205402712966
-0.8199999999999998	3.694902457879809
-0.81	3.7580748973534823
-0.7999999999999998	3.956787397143539
-0.79	3.8848045317641438
-0.7799999999999998	4.034374003953844
-0.77	3.218998952663119
-0.7599999999999998	2.7796904597747654
-0.75	2.9206306559026234
-0.7399999999999998	3.2079328867163093
-0.73	3.175970933402404
-0.7199999999999998	2.8139783379275087
-0.71	2.297852142050976
-0.6999999999999997	2.260994655973483
-0.69	2.5475157096159937
-0.6800000000000002	3.085180174277494
-0.6699999999999999	3.023935239041838
-0.6600000000000001	2.8168253729280077
-0.6499999999999999	3.193185604690202
-0.6400000000000001	3.48830374035562
-0.6299999999999999	3.5135756475270044
-0.6200000000000001	3.6728184439237594
-0.6099999999999999	3.7242038671146513
-0.6000000000000001	4.006454286738368
-0.5899999999999999	4.068843158047488
-0.5800000000000001	4.248543831774596
-0.5699999999999998	4.117606776839954
-0.56	4.121084020935499
-0.5499999999999998	4.315964434990274
-0.54	4.305522056011614
-0.5299999999999998	4.180964767596313
-0.52	4.175305015006008
-0.5099999999999998	4.1945684889562
-0.5	4.187143036413003
-0.48999999999999977	4.209020945639627
-0.48	4.30825558423454
-0.46999999999999975	4.240128280820446
-0.45999999999999996	4.303958782849868
-0.44999999999999973	4.329849475015772
-0.43999999999999995	4.676299427217271
-0.43000000000000016	4.589802949137466
-0.41999999999999993	4.142065785028042
-0.41000000000000014	4.152234067632844
-0.3999999999999999	4.043365280966049
-0.3900000000000001	3.9682675951171698
-0.3799999999999999	3.621974485461915
-0.3700000000000001	3.539553185809014
-0.3599999999999999	4.017102402725424
-0.3500000000000001	3.467924955246575
-0.33999999999999986	2.5847303400976926
-0.33000000000000007	2.831736544465685
-0.31999999999999984	2.7590987665315962
-0.31000000000000005	2.4915768778422174
-0.2999999999999998	2.795097436938784
-0.29000000000000004	3.309532285180292
-0.2799999999999998	3.4125274245386668
-0.27	3.422387070900643
-0.2599999999999998	3.6060561617249034
-0.25	3.9105943414164344
-0.23999999999999977	4.087710096510855
-0.22999999999999998	4.096765895470964
-0.21999999999999975	4.302454876901162
-0.20999999999999996	4.3696500584179665
-0.19999999999999973	4.4157433315094545
-0.18999999999999995	4.625813693719487
-0.18000000000000016	4.870866220201995
-0.16999999999999993	4.568075009502393
-0.16000000000000014	4.467708751002123
-0.1499999999999999	4.413789623277006
-0.14000000000000012	4.271586913115002
-0.1299999999999999	4.2879510413303406
-0.1200000000000001	4.269029964571817
-0.10999999999999988	3.6306881902294927
-0.10000000000000009	3.5056879214062096
-0.08999999999999986	3.154940658200577
-0.08000000000000007	3.972319732955176
-0.06999999999999984	2.9408390086542218
-0.06000000000000005	3.1669585717335695
-0.04999999999999982	3.2492813150598585
-0.040000000000000036	3.395887240847885
-0.029999999999999805	3.6516937635650404
-0.020000000000000018	3.9255221798457214
-0.009999999999999787	4.166044177267893
0.	4.462651029347914
0.010000000000000231	4.115411227941319
0.020000000000000018	3.623704894472395
0.03000000000000025	3.3674671110721044
0.040000000000000036	3.0602996580645487
0.050000000000000266	2.72276090087617
0.06000000000000005	2.6040271807888247
0.07000000000000028	2.5339579830458177
0.08000000000000007	5.367073266388956
0.08999999999999986	3.251214047920659
0.10000000000000009	2.9085393235536583
0.10999999999999988	2.912262441803835
0.1200000000000001	3.1680979754910434
0.1299999999999999	3.387414377023311
0.14000000000000012	3.498018987818579
0.1499999999999999	3.6260888792928845
0.16000000000000014	3.716319742311781
0.16999999999999993	3.7523753903687465
0.18000000000000016	3.8042772368817706
0.18999999999999995	3.7347906713495442
0.20000000000000018	3.6549723255729654
0.20999999999999996	3.609159996667328
0.2200000000000002	3.5191813040760507
0.22999999999999998	3.4196407103334123
0.2400000000000002	3.4035419303610905
0.25	3.2418066727211388
0.26000000000000023	3.0191225708677347
0.27	2.9375450789167545
0.28000000000000025	2.864211781998849
0.29000000000000004	2.3562845512382693
0.30000000000000027	2.141468622736995
0.31000000000000005	1.9726150736186814
0.3200000000000003	2.799396684172895
0.33000000000000007	2.373136378082249
0.33999999999999986	2.4668996008965616
0.3500000000000001	2.6198630748808847
0.3599999999999999	2.7168421019176203
0.3700000000000001	2.7872374102148862
0.3799999999999999	3.0319153306529825
0.3900000000000001	3.315937300205932
0.3999999999999999	3.3446172236121363
0.41000000000000014	3.358915575910606
0.41999999999999993	3.538865699802671
0.43000000000000016	3.5700925549963967
0.43999999999999995	3.5775474740939326
0.4500000000000002	3.5686869278440363
0.45999999999999996	3.597488795715854
0.4700000000000002	3.6955599915760895
0.48	3.746479876877188
0.4900000000000002	3.689185676854644
0.5	3.731466858912372
0.5100000000000002	3.668812226229197
0.52	3.6523979878935084
0.5300000000000002	3.6215553080604757
0.54	3.5400751579798997
0.5500000000000003	3.581900117204047
0.56	3.5471331433120987
0.5700000000000003	3.5220244547609516
0.5800000000000001	3.464558125207877
0.5899999999999999	3.3867541988572265
0.6000000000000001	3.2762241909023366
0.6099999999999999	3.267661497520629
0.6200000000000001	3.1911390093595675
0.6299999999999999	3.051356124373415
0.6400000000000001	2.8819822896096414
0.6499999999999999	2.7182499270629576
0.6600000000000001	2.559193311886544
0.6699999999999999	2.3905901031839787
0.6800000000000002	1.8877065926485563
0.69	2.441764812453619
0.7000000000000002	2.0579190157955543
0.71	2.105983497358249
0.7200000000000002	2.340025234716791
0.73	2.2884287172894338
0.7400000000000002	2.2451363588967577
0.75	2.6130412911579177
0.7600000000000002	2.7351087499707694
0.77	2.9270795962159633
0.7800000000000002	2.843922814955053
0.79	2.730788329624569
0.8000000000000003	2.9238468799702004
0.81	3.1122097350463545
0.8200000000000003	3.1946162096766373
0.8300000000000001	3.219604252121532
0.8399999999999999	3.261014048645664
0.8500000000000001	3.2250593237235727
0.8599999999999999	3.2390487981319076
0.8700000000000001	3.332810887538727
0.8799999999999999	3.2963895991718397
0.8900000000000001	3.225738547092912
0.8999999999999999	3.2375394912882576
0.9100000000000001	3.301167854323701
0.9199999999999999	3.3283849331643123
0.9300000000000002	3.358612894271143
0.94	3.354157078021404
0.9500000000000002	3.360444768708189
0.96	3.2983418670251226
0.9700000000000002	3.2922140885749656
0.98	3.277402845814382
0.9900000000000002	3.2616590792601117
1.	3.217027018223319
1.0099999999999998	3.130419257016883
1.0200000000000005	3.1481435826944497
1.0300000000000002	3.1796530059666352
1.04	3.1788499964051136
1.0499999999999998	3.127468006760001
1.0600000000000005	3.073150845834213
1.0700000000000003	2.9861755319387466
1.08	2.9171520750837847
1.0899999999999999	2.9405622292960354
1.0999999999999996	2.874233518395981
1.1100000000000003	2.8151017810643264
1.12	2.6158165166683847
1.13	2.2809548338476153
1.1399999999999997	2.2236060316150614
1.1500000000000004	2.103274884497186
1.1600000000000001	1.78599941319684
1.17	1.6755261721300998
1.1799999999999997	1.6749751908263504
1.1900000000000004	1.6081556405684319
1.2000000000000002	1.778480137204146
1.21	2.162958561333879
1.2199999999999998	2.2977930953254337
1.2300000000000004	2.0253716870123464
1.2400000000000002	2.102784845123995
1.25	2.152070003924033
1.2599999999999998	2.445778293685336
1.2700000000000005	2.4971443240096667
1.2800000000000002	2.6551215890592235
1.29	2.657025072126075
1.2999999999999998	2.4594506573444432
1.3100000000000005	2.5115803664921788
1.3200000000000003	2.6492592280624025
1.33	2.8055139288323234
1.3399999999999999	2.776025640539008
1.3500000000000005	2.686985829512768
1.3600000000000003	2.780525659203744
1.37	2.815873670134987
1.38	2.8591992237693655
1.3899999999999997	2.857735600430079
1.4000000000000004	2.921483408890126
1.4100000000000001	2.8397812584429385
1.42	2.7821674723880023
1.4299999999999997	2.8153164696937876
1.4400000000000004	2.8557043277856065
1.4500000000000002	2.9187094188806597
1.46	2.899081113914429
1.4699999999999998	2.823335379019501
1.4800000000000004	2.8047612021491273
1.4900000000000002	2.8869100031493744
1.5	2.9003196018828725
1.5099999999999998	2.8950616143951162
1.5200000000000005	2.8901043564578432
1.5300000000000002	2.8052684747017533
1.54	2.7232828641111966
1.5499999999999998	2.721713938752721
1.5600000000000005	2.7995938469453265
1.5700000000000003	2.813666066206162
1.58	2.745087915032655
1.5899999999999999	2.6748031672952557
1.6000000000000005	2.660051168523387
1.6100000000000003	2.6551626416211773
1.62	2.6272011493908303
1.63	2.5919636999813984
1.6399999999999997	2.513375890101102
1.6500000000000004	2.4659899398284186
1.6600000000000001	2.338333860014406
1.67	2.1332328793980353
1.6799999999999997	1.9969891555688342
1.6900000000000004	1.9484492087038652
1.7000000000000002	1.8250796532680496
1.71	1.4280240404914188
1.7199999999999998	1.457096935722804
1.7300000000000004	1.4893202385347695
1.7400000000000002	1.468070829786572
1.75	1.5195829477109215
1.7599999999999998	1.6190632524949522
1.7700000000000005	1.8638572714938169
1.7800000000000002	1.7403345711382243
1.79	1.5478607692143207
1.7999999999999998	1.6508188555334782
1.8100000000000005	1.9465232045717316
1.8200000000000003	2.063345106608815
1.83	1.9338615929395229
1.8399999999999999	2.041548774406702
1.8500000000000005	2.1688153399349495
1.8600000000000003	2.2215013781623183
1.87	2.11745962742733
1.88	2.167102126620084
1.8899999999999997	2.224177747487936
1.9000000000000004	2.163996114689566
1.9100000000000001	2.142920405131625
1.92	2.2294097890109343
1.9299999999999997	2.2963428017536107
1.9400000000000004	2.371673872112816
1.9500000000000002	2.350933969678461
1.96	2.3727016271941905
1.9699999999999998	2.4272111336967246
1.9800000000000004	2.449879025459857
1.9900000000000002	2.329576026347108
2.	2.320438932349805
2.01	2.2918803708408055
2.0200000000000005	2.286999615874343
2.0300000000000002	2.2990703434002353
2.04	2.385289075217731
2.05	2.442161653730427
2.0600000000000005	2.4692519383980303
2.0700000000000003	2.4194052106225783
2.08	2.4195552587367137
2.09	2.4072312084066145
2.1000000000000005	2.3724770146325427
2.1100000000000003	2.292247503033651
2.12	2.280285443318456
2.13	2.262011235502451
2.1399999999999997	2.249072301862541
2.1500000000000004	2.2385260100657423
2.16	2.2786090773970074
2.17	2.326641539105353
2.1799999999999997	2.3166040305974884
2.1900000000000004	2.2598155717093587
2.2	2.176842096992337
2.21	2.1258521259765666
2.2199999999999998	2.0329249244025176
2.2300000000000004	1.895310827726916
2.24	1.8899348728265926
2.25	1.755403295661843
2.26	1.6822786824895828
2.2700000000000005	1.4695819249852846
2.2800000000000002	1.1526903771261512
2.29	1.6942400157916646
2.3	1.3130043702231051
2.3100000000000005	1.3433745474893044
2.3200000000000003	1.262566892299823
2.33	1.2413773680980125
2.34	1.237469016290661
2.3500000000000005	1.3027197934862733
2.3600000000000003	1.3446492891181536
2.37	1.3572846415538933
2.38	1.5230143657196744
2.3899999999999997	1.503096442040225
2.4000000000000004	1.368447234256755
2.41	1.529717283716846
2.42	1.6918799515775835
2.4299999999999997	1.7285303347443715
2.4400000000000004	1.6105611277978646
2.45	1.6364105202736712
2.46	1.6828102058478906
2.4699999999999998	1.797384614515828
2.4800000000000004	1.7756746981011349
2.49	1.753499484767071
2.5	1.790642426520537
2.51	1.730719457691259
2.5200000000000005	1.7130442983108973
2.5300000000000002	1.8429623533867339
2.54	1.8591488522939066
2.55	1.880793258429463
2.5600000000000005	1.8717731931754582
2.5700000000000003	1.8910468078547742
2.58	1.8951760316888913
2.59	1.897935701327377
2.6000000000000005	1.8175431405458895
2.6100000000000003	1.7834409235785083
2.62	1.749628011647529
2.63	1.758408589855472
2.6399999999999997	1.8839766514219998
2.6500000000000004	1.9494860621492927
2.66	1.9242692096214677
2.67	1.9036599244888324
2.6799999999999997	1.8912188068926847
2.6900000000000004	1.8852888276171025
2.7	1.8336114114638666
2.71	1.7722597571811567
2.7199999999999998	1.702592085757582
2.7300000000000004	1.660161910147217
2.74	1.6587476965491654
2.75	1.696388157011688
2.76	1.763989301019556
2.7700000000000005	1.7273840191407581
2.7800000000000002	1.6161250640078635
2.79	1.5685633303216364
2.8	1.3881230070235502
2.8100000000000005	1.1954136241588234
2.8200000000000003	1.0121896370703207
2.83	0.9967073569457356
2.84	0.9969081017396272
2.8500000000000005	1.0351075876861597
2.8600000000000003	1.0893866491637085
2.87	1.0767884275242636
2.88	1.0284456205921115
2.8899999999999997	1.0311141684554816
2.9000000000000004	1.0002920671024182
2.91	1.0386144001302937
2.92	1.1088209269794467
2.9299999999999997	1.1479686133957896
2.9400000000000004	1.0414573799064892
2.95	0.9970469762949015
2.96	1.0663378928868
2.9699999999999998	1.1134501360016447
2.9800000000000004	1.2172754551734541
2.99	1.214698663005785
3.	1.193829854761743