-3.	1.5966043253778435
-2.99	1.6622508310556248
-2.98	1.6409105776962247
-2.97	1.5160109590426702
-2.96	1.2951252023411122
-2.95	1.3528432547270404
-2.94	1.400312551650926
-2.93	1.371540073393136
-2.92	1.4319895106062395
-2.91	1.0762308905936393
-2.9	1.2350083282292357
-2.89	1.4904285643882644
-2.88	1.3343071960488155
-2.87	0.9957992861256608
-2.86	1.03970523442093
-2.85	1.3797554914884904
-2.84	1.0972022574528573
-2.83	0.9983252773367216
-2.82	1.6393967682078234
-2.81	1.2861172219575712
-2.8	1.4342175025045583
-2.79	1.591557889858027
-2.78	1.7449179760053748
-2.77	1.8308547940406965
-2.76	2.12962346508883
-2.75	2.195994689888911
-2.74	2.1138265981659417
-2.73	2.218844062614389
-2.7199999999999998	2.4969075753540753
-2.71	2.27239839387036
-2.7	1.8409204787263789
-2.69	1.6865963791299707
-2.68	1.8669367290666783
-2.67	2.0964734398030798
-2.66	2.344774591060904
-2.65	2.5832874347288417
-2.64	2.4377694009398456
-2.63	2.2470980699426883
-2.62	2.2989269343423238
-2.61	2.2719284773130735
-2.6	2.09750212624132
-2.59	1.8292756037753597
-2.58	1.8238749501396245
-2.57	1.944745431939194
-2.56	2.1884719804891035
-2.55	2.34506305209512
-2.54	2.572395672688991
-2.53	2.2879335297325607
-2.52	1.9421395891419169
-2.51	2.0462552499957813
-2.5	1.9692059630135637
-2.49	2.159051490086849
-2.48	1.9005657969261067
-2.4699999999999998	1.9216405748961543
-2.46	1.9240923352278905
-2.45	2.214108987248452
-2.44	2.0694685102933734
-2.4299999999999997	2.346721803357575
-2.42	1.86106336482117
-2.41	1.8283865519218407
-2.4	1.6939716048800355
-2.39	1.8644743757031574
-2.38	1.9376133251376113
-2.37	2.2307719866036115
-2.36	1.2785261955400582
-2.35	1.7708489713893336
-2.34	1.729830734350462
-2.33	1.225427872065778
-2.32	1.455603548131971
-2.31	1.2423117081419448
-2.3	1.1792225418176583
-2.29	1.3770498752710774
-2.2800000000000002	1.4967099925215426
-2.27	1.9500389837394823
-2.26	2.320545451722083
-2.25	2.328002849510923
-2.24	2.487884523325705
-2.23	2.2353543058854055
-2.2199999999999998	2.180051729856172
-2.21	2.372605408246156
-2.2	2.4060607170782498
-2.19	2.1417982954611654
-2.1799999999999997	2.324404343720583
-2.17	2.608747968511539
-2.16	2.6312859492233036
-2.15	2.7744082087541266
-2.14	3.1153141099902633
-2.13	2.9706616916351036
-2.12	2.568424120973415
-2.11	2.3877694762497916
-2.1	2.436965166122419
-2.09	2.498079869263358
-2.08	2.5750788762485963
-2.07	2.4786003476348286
-2.06	2.685747726502521
-2.05	2.792348369547626
-2.04	2.7801710854200765
-2.0300000000000002	2.9387120484285427
-2.02	2.9363709270887104
-2.01	2.7373915435991174
-2.	2.678643669269553
-1.99	2.416049653097276
-1.98	2.3940225060702995
-1.97	2.4892661370441758
-1.96	2.5885602507686527
-1.95	2.646816718512845
-1.94	2.7472902777371875
-1.93	2.8405179877468334
-1.92	2.6200754305241127
-1.91	2.6626779068475552
-1.9	2.7284893749087953
-1.89	2.5577467166162995
-1.88	2.561407530163935
-1.8699999999999999	2.2017776141016534
-1.8599999999999999	2.308019336854165
-1.8499999999999999	2.447855335336877
-1.84	2.480695319921257
-1.83	2.484072315027789
-1.82	2.295090494975769
-1.81	2.5715945148777455
-1.8	1.9469077743816992
-1.79	2.1899757341202157
-1.78	2.5079984532983346
-1.77	1.8368653626763785
-1.76	1.5997223050387759
-1.75	1.4311414942266913
-1.74	1.9104872206454664
-1.73	2.1204846410321934
-1.72	1.5321937895148363
-1.71	1.625864700696132
-1.7	1.7240020763725197
-1.69	2.3812308902639976
-1.68	2.4211867229010795
-1.67	2.638724335929008
-1.66	2.8591448145917324
-1.65	2.9038884459613463
-1.64	2.5901331940732817
-1.63	2.6902177831143455
-1.6199999999999999	2.7709751757909875
-1.6099999999999999	3.114482086453242
-1.5999999999999999	3.3079908818888604
-1.59	3.1682508584710205
-1.58	3.017195365210407
-1.57	2.9905264395835482
-1.56	2.9733333601777976
-1.55	3.0934108295092964
-1.54	3.188431130807773
-1.53	3.2653746474593426
-1.52	3.0734627310924614
-1.51	2.985279783340598
-1.5	2.927251743855377
-1.49	3.2658816909333974
-1.48	3.416039139075644
-1.47	3.235738319428763
-1.46	3.198654522579107
-1.45	3.155531906129614
-1.44	3.117794885017248
-1.43	3.2454016068835583
-1.42	3.3305810336234183
-1.41	3.298444264105983
-1.4	3.134414509310679
-1.39	3.019354721961021
-1.38	2.873209818082256
-1.3699999999999999	3.2414188936594566
-1.3599999999999999	3.311892045007731
-1.3499999999999999	3.1094388968569038
-1.3399999999999999	3.12986931137364
-1.33	3.0104551616517363
-1.32	3.1310190785833965
-1.31	3.0013977938273895
-1.3	3.351510029700932
-1.29	3.103143625942175
-1.28	2.7703196032427715
-1.27	2.4279766689507016
-1.26	2.7220286867778647
-1.25	3.094700518128276
-1.24	2.8538592253823856
-1.23	2.6144870389994295
-1.22	2.6318043246442784
-1.21	1.8607463330078153
-1.2	2.407162511918631
-1.19	2.210392520611818
-1.18	2.7929461903396278
-1.17	1.969295490671483
-1.16	1.3055954998900738
-1.15	2.2846536907663038
-1.14	3.028377385889845
-1.13	3.1462685854340995
-1.1199999999999999	3.14281784192607
-1.1099999999999999	3.1599481603758743
-1.0999999999999999	3.1004357377398875
-1.0899999999999999	3.1513054549822055
-1.08	3.4109691446517054
-1.07	3.625237887209323
-1.06	3.510722617118718
-1.05	3.560846242014861
-1.04	3.5005368835127646
-1.03	3.5853575723120397
-1.02	3.7124190008210998
-1.01	3.6728477826801824
-1.	3.6472247792638575
-0.9899999999999998	3.5863864518454602
-0.98	3.5528663054683753
-0.9699999999999998	3.630796598839744
-0.96	3.715212479768761
-0.9500000000000002	3.6478409037430275
-0.94	3.762280654296694
-0.9300000000000002	3.944202736956947
-0.9199999999999999	3.775200225097707
-0.9100000000000001	4.007615409378902
-0.8999999999999999	4.025395205394504
-0.8900000000000001	3.7691695977102535
-0.8799999999999999	3.6153396794898134
-0.8700000000000001	3.6089874328402773
-0.8599999999999999	3.582928313734385
-0.8500000000000001	3.495665070134067
-0.8399999999999999	3.693099801227063
-0.8300000000000001	3.7751311027212835
-0.8199999999999998	3.634334725487317
-0.81	3.696012096414208
-0.7999999999999998	3.8836739446482755
-0.79	3.850471522859288
-0.7799999999999998	3.9627788487625484
-0.77	3.185574676933243
-0.7599999999999998	2.7624902369749806
-0.75	2.845516891529225
-0.7399999999999998	3.162980775619127
-0.73	3.1445481314332464
-0.7199999999999998	2.716449236990132
-0.71	2.1941590753533555
-0.6999999999999997	2.1259919575788224
-0.69	2.548669359539602
-0.6800000000000002	3.0180197641193063
-0.6699999999999999	2.970451008215663
-0.6600000000000001	2.70173503351358
-0.6499999999999999	3.1025681007510406
-0.6400000000000001	3.414891448368361
-0.6299999999999999	3.4637922797270986
-0.6200000000000001	3.5272352390228887
-0.6099999999999999	3.633058599668369
-0.6000000000000001	3.869383956685615
-0.5899999999999999	4.007900315867143
-0.5800000000000001	4.0971077143573424
-0.5699999999999998	4.00520975973692
-0.56	3.9540140224810747
-0.5499999999999998	4.1938144173429555
-0.54	4.212555653416339
-0.5299999999999998	4.061626297955635
-0.52	4.099102486222857
-0.5099999999999998	4.04264712435452
-0.5	4.082723991804145
-0.48999999999999977	4.072498352057362
-0.48	4.176386267771631
-0.46999999999999975	4.125603856889967
-0.45999999999999996	4.185472951830259
-0.44999999999999973	4.250147414275627
-0.43999999999999995	4.5616319347342955
-0.43000000000000016	4.399522252115723
-0.41999999999999993	4.0640206354663775
-0.41000000000000014	4.028099993217194
-0.3999999999999999	3.9164678196473695
-0.3900000000000001	3.8449612467975305
-0.3799999999999999	3.464477849709935
-0.3700000000000001	3.4963599003913624
-0.3599999999999999	3.9265061977615505
-0.3500000000000001	3.3749065998258807
-0.33999999999999986	2.4799437504655155
-0.33000000000000007	2.819894217653714
-0.31999999999999984	2.5392411704478444
-0.31000000000000005	2.4335258974139196
-0.2999999999999998	2.6638823135104834
-0.29000000000000004	3.2073676705623546
-0.2799999999999998	3.2199801135972574
-0.27	3.178173015427054
-0.2599999999999998	3.399127044817348
-0.25	3.7090149940033426
-0.23999999999999977	3.881766073473211
-0.22999999999999998	3.84631000080048
-0.21999999999999975	4.081092336320973
-0.20999999999999996	4.208557691909644
-0.19999999999999973	4.110323760274061
-0.18999999999999995	4.330534450179705
-0.18000000000000016	4.619162640106412
-0.16999999999999993	4.330343066118183
-0.16000000000000014	4.119954784920282
-0.1499999999999999	4.020048400923587
-0.14000000000000012	4.036226625365192
-0.1299999999999999	4.044623623136272
-0.1200000000000001	3.8847147114480287
-0.10999999999999988	3.3996319128314076
-0.10000000000000009	3.192412129831265
-0.08999999999999986	2.8216289075054024
-0.08000000000000007	3.488077615376381
-0.06999999999999984	2.6094751172291577
-0.06000000000000005	2.8364582810443766
-0.04999999999999982	2.8220564029868145
-0.040000000000000036	2.859724803329929
-0.029999999999999805	3.045020570417888
-0.020000000000000018	3.169127416544574
-0.009999999999999787	3.5044747572419395
0.	3.615130671854432
0.010000000000000231	3.4811254265660376
0.020000000000000018	3.1223336506921204
0.03000000000000025	2.8222107592203103
0.040000000000000036	2.648185762779751
0.050000000000000266	2.3833140317614188
0.06000000000000005	2.276922102843583
0.07000000000000028	2.5290351144431016
0.08000000000000007	5.797046398290129
0.08999999999999986	4.099702453512159
0.10000000000000009	2.9130146559495023
0.10999999999999988	2.58884195613431
0.1200000000000001	2.7274373821445623
0.1299999999999999	2.8621851079096032
0.14000000000000012	2.9635753330783006
0.1499999999999999	3.087047487949969
0.16000000000000014	3.23839566149449
0.16999999999999993	3.2802331457597393
0.18000000000000016	3.392921778756934
0.18999999999999995	3.1938956875101123
0.20000000000000018	3.139268149935557
0.20999999999999996	3.102833150097738
0.2200000000000002	3.1152718556247567
0.22999999999999998	3.065914212091782
0.2400000000000002	2.961028278194701
0.25	2.8824428768404133
0.26000000000000023	2.6729429732123022
0.27	2.6494870669788293
0.28000000000000025	2.5879406416951
0.29000000000000004	2.175837173872217
0.30000000000000027	1.854326285993624
0.31000000000000005	1.8751818529713669
0.3200000000000003	2.800101783351755
0.33000000000000007	2.365081500376227
0.33999999999999986	2.178499223950992
0.3500000000000001	2.4119651692152813
0.3599999999999999	2.4755030817419246
0.3700000000000001	2.482404182868131
0.3799999999999999	2.6727678176025775
0.3900000000000001	2.97562325365694
0.3999999999999999	3.0362021499034064
0.41000000000000014	3.000398728414371
0.41999999999999993	3.217975343628362
0.43000000000000016	3.31129051173083
0.43999999999999995	3.3179162066596666
0.4500000000000002	3.2344898836646006
0.45999999999999996	3.299505398441326
0.4700000000000002	3.421670274916818
0.48	3.4824014527008247
0.4900000000000002	3.4509970693609975
0.5	3.448905941551547
0.5100000000000002	3.4283603125884037
0.52	3.4829154469073984
0.5300000000000002	3.4046955906584166
0.54	3.336180240959814
0.5500000000000003	3.3106970770433426
0.56	3.3196721687155506
0.5700000000000003	3.271812218722703
0.5800000000000001	3.2800219189984365
0.5899999999999999	3.1559091034800826
0.6000000000000001	3.1119204170003902
0.6099999999999999	3.0583576267554533
0.6200000000000001	3.068300081490295
0.6299999999999999	2.842467039398859
0.6400000000000001	2.6609698472391794
0.6499999999999999	2.515668853523298
0.6600000000000001	2.4174901704340455
0.6699999999999999	2.193956836363439
0.6800000000000002	1.7461276361587605
0.69	2.677915455444286
0.7000000000000002	2.0843443490176496
0.71	1.9896205283720796
0.7200000000000002	2.160861207287161
0.73	2.1117512684160564
0.7400000000000002	2.085557552558858
0.75	2.3600720028277964
0.7600000000000002	2.5727923157931416
0.77	2.773946637247369
0.7800000000000002	2.6086725703961577
0.79	2.473325895422773
0.8000000000000003	2.6923639218115754
0.81	2.8956394062414765
0.8200000000000003	2.9906811828261373
0.8300000000000001	3.0428594701869724
0.8399999999999999	3.1198563658750254
0.8500000000000001	3.0471283602147796
0.8599999999999999	3.0603484565731525
0.8700000000000001	3.1891873426587334
0.8799999999999999	3.1324088947594846
0.8900000000000001	3.052999146995123
0.8999999999999999	3.066150050756617
0.9100000000000001	3.139648046757189
0.9199999999999999	3.181116987120416
0.9300000000000002	3.2071506793672446
0.94	3.1979412187160667
0.9500000000000002	3.1909700894090376
0.96	3.1778416459757284
0.9700000000000002	3.1748493568814116
0.98	3.1643762866157386
0.9900000000000002	3.1553333488475066
1.	3.1519383542727386
1.0099999999999998	3.011260720943034
1.0200000000000005	3.0277398720761157
1.0300000000000002	3.024310696239153
1.04	3.040663606474396
1.0499999999999998	3.037747077734025
1.0600000000000005	2.947280942018331
1.0700000000000003	2.8311291022289025
1.08	2.7712002967955947
1.0899999999999999	2.7936021599172016
1.0999999999999996	2.8053206981791896
1.1100000000000003	2.722426003750831
1.12	2.495503300015953
1.13	2.2324709958862075
1.1399999999999997	2.0794188169562258
1.1500000000000004	1.9346616370574912
1.1600000000000001	1.6625679493780916
1.17	1.6308458866144249
1.1799999999999997	1.6407340489506677
1.1900000000000004	1.6716016349386278
1.2000000000000002	1.6796639969421134
1.21	2.044488970327273
1.2199999999999998	2.2020259106810074
1.2300000000000004	1.967328931092164
1.2400000000000002	1.947760453240399
1.25	1.9529822431176875
1.2599999999999998	2.3113081201009096
1.2700000000000005	2.3207653295647677
1.2800000000000002	2.493760510273204
1.29	2.496246431266133
1.2999999999999998	2.3320792348415407
1.3100000000000005	2.3663019476358667
1.3200000000000003	2.5308034486966804
1.33	2.7294663311844842
1.3399999999999999	2.6757429891731825
1.3500000000000005	2.6164535923409984
1.3600000000000003	2.6567410412242993
1.37	2.676631231721425
1.38	2.7204983755092313
1.3899999999999997	2.760025700728036
1.4000000000000004	2.8331242374915826
1.4100000000000001	2.7669784402630597
1.42	2.6620158377746264
1.4299999999999997	2.698722797815265
1.4400000000000004	2.7871126362932728
1.4500000000000002	2.8260980688373154
1.46	2.7783570448387223
1.4699999999999998	2.6955330233378745
1.4800000000000004	2.7366555718224994
1.4900000000000002	2.7784639761110537
1.5	2.7641096021900693
1.5099999999999998	2.798893743730129
1.5200000000000005	2.8000092922450674
1.5300000000000002	2.733133695172555
1.54	2.636475674348588
1.5499999999999998	2.6156546718690334
1.5600000000000005	2.699430701734836
1.5700000000000003	2.7635771183763254
1.58	2.6721753603184224
1.5899999999999999	2.5843404147732425
1.6000000000000005	2.575301157290893
1.6100000000000003	2.5355135642694107
1.62	2.526549218650681
1.63	2.513570988785011
1.6399999999999997	2.47640712879266
1.6500000000000004	2.4224080475436702
1.6600000000000001	2.2652292690582243
1.67	2.099902500266091
1.6799999999999997	1.8932845236212887
1.6900000000000004	1.8636567647682305
1.7000000000000002	1.7655450962409327
1.71	1.3098981695417213
1.7199999999999998	1.4852519697659314
1.7300000000000004	1.497650722473047
1.7400000000000002	1.3623293633685571
1.75	1.4026508773693904
1.7599999999999998	1.5856691991871799
1.7700000000000005	1.8280809751968234
1.7800000000000002	1.6299287877857902
1.79	1.50479783542475
1.7999999999999998	1.5797560629706808
1.8100000000000005	1.8471620746284283
1.8200000000000003	2.0022045874063106
1.83	1.8638069416681187
1.8399999999999999	1.933587134394576
1.8500000000000005	2.048399276096757
1.8600000000000003	2.0916020184413413
1.87	2.026025410243511
1.88	2.0597741126093334
1.8899999999999997	2.196484767165688
1.9000000000000004	2.1159401027880618
1.9100000000000001	2.0831579258587642
1.92	2.156086439562284
1.9299999999999997	2.2153593169498476
1.9400000000000004	2.3024884406008073
1.9500000000000002	2.276282502880671
1.96	2.2953670396712944
1.9699999999999998	2.361821212827206
1.9800000000000004	2.345763393620545
1.9900000000000002	2.276912602843916
2.	2.227147585271243
2.01	2.241898766861257
2.0200000000000005	2.254702825161472
2.0300000000000002	2.2208432756695227
2.04	2.2956935791716595
2.05	2.350018564086028
2.0600000000000005	2.3566223678564846
2.0700000000000003	2.382900440309415
2.08	2.340136582744307
2.09	2.338854021440673
2.1000000000000005	2.318773981065117
2.1100000000000003	2.232158962332556
2.12	2.218757703041778
2.13	2.2037014724051036
2.1399999999999997	2.1823313544281917
2.1500000000000004	2.181143283143159
2.16	2.1981819738601116
2.17	2.2561467464976497
2.1799999999999997	2.2577365365325432
2.1900000000000004	2.175723969027843
2.2	2.122432300995995
2.21	2.0789178869431897
2.2199999999999998	1.9590747867354692
2.2300000000000004	1.8534159134157153
2.24	1.7793388792256244
2.25	1.6933296627314385
2.26	1.6039156507412107
2.2700000000000005	1.4480347725851619
2.2800000000000002	1.1023796709881273
2.29	1.7783894311380692
2.3	1.3266515388483258
2.3100000000000005	1.255611698265414
2.3200000000000003	1.2277737322196967
2.33	1.225412041026287
2.34	1.177134506374508
2.3500000000000005	1.2181178767509342
2.3600000000000003	1.2594829399825436
2.37	1.3546862199284886
2.38	1.50437838864325
2.3899999999999997	1.479451914300114
2.4000000000000004	1.3378905592254848
2.41	1.4984929381832885
2.42	1.6161871273613084
2.4299999999999997	1.6589700625946406
2.4400000000000004	1.5668747890060104
2.45	1.5935541773847621
2.46	1.5929427079389749
2.4699999999999998	1.7103774534151694
2.4800000000000004	1.709123286941162
2.49	1.7199138739634874
2.5	1.7527042800999673
2.51	1.672002254750474
2.5200000000000005	1.636118382732178
2.5300000000000002	1.7968181529445042
2.54	1.7757906623869026
2.55	1.8014701348728446
2.5600000000000005	1.7820496247288993
2.5700000000000003	1.8038351367767254
2.58	1.847657685039567
2.59	1.8586961260300703
2.6000000000000005	1.7814125753086418
2.6100000000000003	1.7357931487299976
2.62	1.719415824916669
2.63	1.7097549544577302
2.6399999999999997	1.786074681990126
2.6500000000000004	1.8603379427614937
2.66	1.8538735165597944
2.67	1.8561507840986127
2.6799999999999997	1.8370724972397083
2.6900000000000004	1.809261790367509
2.7	1.7848313538629081
2.71	1.7123804757806165
2.7199999999999998	1.646574806239842
2.7300000000000004	1.5900308637865688
2.74	1.6409289088104053
2.75	1.6592002974027091
2.76	1.7046274971281938
2.7700000000000005	1.6646180763797165
2.7800000000000002	1.5845465214575056
2.79	1.5387505853633838
2.8	1.345910254971298
2.8100000000000005	1.1379142434866112
2.8200000000000003	0.9649402346236694
2.83	0.9481351741215196
2.84	1.0690719284725467
2.8500000000000005	1.0911736417852549
2.8600000000000003	1.1000928176056717
2.87	1.0888396673817051
2.88	0.9862785820931238
2.8899999999999997	1.0132622828413917
2.9000000000000004	0.9274503976332995
2.91	1.0215248101651562
2.92	1.0274863732267892
2.9299999999999997	1.1095998381306358
2.9400000000000004	1.0434033696964948
2.95	0.9731219011499118
2.96	1.0459722529870144
2.9699999999999998	1.0818238479864526
2.9800000000000004	1.1286836432632195
2.99	1.1767257452229365
3.	1.1109900358797273