-3.	1.2633781941947413
-2.99	1.231052234772428
-2.98	1.0724284038164382
-2.97	0.9217345988312495
-2.96	1.0526032757813324
-2.95	1.2089300496407174
-2.94	1.4633614645310866
-2.93	1.1362734614152106
-2.92	1.2098032708822577
-2.91	0.9488352518032521
-2.9	0.835100430006555
-2.89	1.0256801485563987
-2.88	1.0885321450297807
-2.87	1.0218736742906016
-2.86	1.0918259626073699
-2.85	1.1499343153707577
-2.84	0.8698820228603873
-2.83	1.0322309058622658
-2.82	1.2097723960989535
-2.81	1.1308037534106736
-2.8	1.038501205662898
-2.79	1.2536074000437603
-2.78	1.5726615546417468
-2.77	1.7374403176265454
-2.76	1.8740576686891577
-2.75	1.865637286243581
-2.74	2.0211809557614266
-2.73	1.7872981110165573
-2.7199999999999998	1.8682104358805294
-2.71	1.691959004357412
-2.7	1.4902980053933852
-2.69	1.8632244733664243
-2.68	1.8630792961496363
-2.67	1.717780616935401
-2.66	1.6554320208015616
-2.65	2.1105619187596303
-2.64	1.8561690876063444
-2.63	1.8569389560573955
-2.62	1.8070949535032637
-2.61	1.7978717396853567
-2.6	2.111367677959579
-2.59	1.8329475865912765
-2.58	1.5614283880759754
-2.57	1.6837211299241017
-2.56	1.748353014477863
-2.55	1.584063731487419
-2.54	1.6798376869391727
-2.53	1.8557122189438924
-2.52	1.6944714983546425
-2.51	1.8769126935469178
-2.5	1.7645059159085936
-2.49	1.9583401364085289
-2.48	1.7660850322782653
-2.4699999999999998	1.8667967571261612
-2.46	1.9014715686346526
-2.45	1.4771334732380372
-2.44	1.3535312715049932
-2.4299999999999997	1.2941693284229085
-2.42	1.2953513884101344
-2.41	1.4656628079037959
-2.4	1.670176357171149
-2.39	1.9030039697381678
-2.38	1.8919360840411517
-2.37	1.743201378635411
-2.36	1.2683069812499048
-2.35	1.1393068602393834
-2.34	1.1650418898622181
-2.33	1.1775586837067653
-2.32	1.110694850584296
-2.31	1.3447260341498846
-2.3	1.6592159865801448
-2.29	1.303057549834199
-2.2800000000000002	1.2145886890400086
-2.27	1.666377620836678
-2.26	2.0108243203052294
-2.25	2.1092789753030803
-2.24	1.9056988901597478
-2.23	1.7157559103890434
-2.2199999999999998	1.9167928801320802
-2.21	2.2914030884231833
-2.2	2.2381908078124972
-2.19	2.4484524470495383
-2.1799999999999997	2.5547506565119207
-2.17	2.4742748483092156
-2.16	2.2424498667948316
-2.15	2.24863457541262
-2.14	2.203229038421407
-2.13	2.207082951944312
-2.12	2.1156955936259494
-2.11	2.252603970551044
-2.1	2.3771753310180306
-2.09	2.4348305028977184
-2.08	2.4054504164565746
-2.07	2.248165759065615
-2.06	2.4856965546987575
-2.05	2.4151888843356026
-2.04	2.2429596364650166
-2.0300000000000002	2.1462180418979213
-2.02	2.0217407664263507
-2.01	2.2654337739784305
-2.	2.5192311959136515
-1.99	2.2152531902238017
-1.98	2.3118152652372355
-1.97	2.3359666491924562
-1.96	2.2453649728672915
-1.95	2.29159947720136
-1.94	2.221603571141807
-1.93	2.502219820842965
-1.92	1.675456973196979
-1.91	1.9083026043735867
-1.9	2.2364059916283003
-1.89	2.3567779248623064
-1.88	2.253719521786639
-1.8699999999999999	1.75530032240343
-1.8599999999999999	2.2639973726233884
-1.8499999999999999	2.523580577110163
-1.84	2.4212908995007445
-1.83	1.8732998918351802
-1.82	1.5044785059839634
-1.81	1.855022243306265
-1.8	1.5174509320053666
-1.79	1.511262047652921
-1.78	1.9494067006519122
-1.77	1.9663267768001769
-1.76	1.9045651023784653
-1.75	1.8855953215127046
-1.74	1.6246164096242235
-1.73	1.4242985862086344
-1.72	1.1144471798080118
-1.71	1.7660614023271655
-1.7	1.868246849460865
-1.69	2.177770923946019
-1.68	2.3221505098515403
-1.67	2.262269024904481
-1.66	2.422086660573923
-1.65	2.581010286057871
-1.64	2.813952958171956
-1.63	2.549084123960282
-1.6199999999999999	2.5281115205156044
-1.6099999999999999	2.54737409323885
-1.5999999999999999	2.4837095043066166
-1.59	2.2372160110044623
-1.58	2.547848115009188
-1.57	2.6699148057887148
-1.56	2.718575000099392
-1.55	2.5362980539671782
-1.54	2.6153004841325638
-1.53	2.9069137658075235
-1.52	3.085443723959586
-1.51	2.766951386950457
-1.5	2.507015413463906
-1.49	2.5365385861965772
-1.48	2.4461755043279783
-1.47	2.463724367820687
-1.46	2.7364604005658366
-1.45	2.594268044077766
-1.44	2.8355088903896686
-1.43	2.4210866255424026
-1.42	2.6594605458614398
-1.41	3.048231781021611
-1.4	3.099077146575653
-1.39	2.573400218876127
-1.38	2.19939440408946
-1.3699999999999999	2.4499723231963553
-1.3599999999999999	2.392482378918221
-1.3499999999999999	2.655475156721748
-1.3399999999999999	2.61701826223994
-1.33	2.271515885935106
-1.32	2.5055554774903332
-1.31	2.486097543770566
-1.3	2.690559096747678
-1.29	2.6048444161904585
-1.28	2.479816281943964
-1.27	2.020874626272761
-1.26	2.0510759461243477
-1.25	1.6750215996972195
-1.24	1.8495078615637452
-1.23	2.0999394413071624
-1.22	2.33073066512737
-1.21	1.6646826380864022
-1.2	1.6973535830585798
-1.19	1.8022893200391454
-1.18	2.3331336718009656
-1.17	1.5781180553632435
-1.16	1.4960968011012623
-1.15	1.524172180601157
-1.14	1.9462517805539474
-1.13	2.2833418075363032
-1.1199999999999999	2.675055371700945
-1.1099999999999999	2.7446254014776725
-1.0999999999999999	2.963545385974365
-1.0899999999999999	2.696960686289852
-1.08	2.624449012431568
-1.07	2.768895598465265
-1.06	2.7896859445335993
-1.05	2.7587683867219654
-1.04	2.8817779061999627
-1.03	2.722311668732415
-1.02	2.626283524497995
-1.01	2.852167263001359
-1.	3.0281298338763474
-0.9899999999999998	3.1452008195226253
-0.98	2.927991652617002
-0.9699999999999998	2.805995956037811
-0.96	2.8689627445703225
-0.9500000000000002	2.9255654920984497
-0.94	2.892449521213718
-0.9300000000000002	2.8134461045781856
-0.9199999999999999	2.5771294790959174
-0.9100000000000001	2.5895009666556286
-0.8999999999999999	2.8081826529113343
-0.8900000000000001	2.9438841122248047
-0.8799999999999999	2.8854753911546367
-0.8700000000000001	2.6151662134878197
-0.8599999999999999	2.5824810474134137
-0.8500000000000001	2.6066714359873018
-0.8399999999999999	2.7220135680950897
-0.8300000000000001	2.826248645451997
-0.8199999999999998	2.574839497259573
-0.81	2.17863798775104
-0.7999999999999998	2.498914427781012
-0.79	2.030141654902174
-0.7799999999999998	2.2957364721305753
-0.77	2.3056375413481334
-0.7599999999999998	1.9193615323820503
-0.75	1.687308073679581
-0.7399999999999998	2.153164552155179
-0.73	2.5279900393438557
-0.7199999999999998	2.163969709118872
-0.71	1.4491472153847866
-0.6999999999999997	1.6443175518021336
-0.69	1.1286777392027116
-0.6800000000000002	1.3641744957685937
-0.6699999999999999	1.6109140899947576
-0.6600000000000001	1.846817994889098
-0.6499999999999999	2.3320689823010845
-0.6400000000000001	2.4110270655805914
-0.6299999999999999	2.4791212155641555
-0.6200000000000001	2.6907477677651515
-0.6099999999999999	2.840889455608956
-0.6000000000000001	2.664046287026929
-0.5899999999999999	2.5734223655197943
-0.5800000000000001	2.6189710631621574
-0.5699999999999998	2.5788801585428844
-0.56	2.374312559367944
-0.5499999999999998	2.299371058565961
-0.54	2.3749542564418977
-0.5299999999999998	2.723185875025315
-0.52	2.739040022723885
-0.5099999999999998	2.78700826578436
-0.5	2.608084943433745
-0.48999999999999977	2.505673446899176
-0.48	2.535625912414214
-0.46999999999999975	2.461079052334197
-0.45999999999999996	2.34735188170863
-0.44999999999999973	2.2785424491795183
-0.43999999999999995	2.7568667443341752
-0.43000000000000016	2.3799017264586633
-0.41999999999999993	1.8853923178842307
-0.41000000000000014	1.941004620205317
-0.3999999999999999	1.974857779261174
-0.3900000000000001	1.8262153426311738
-0.3799999999999999	1.550890397277225
-0.3700000000000001	1.9459133288294315
-0.3599999999999999	1.9032794722280286
-0.3500000000000001	1.4641673352945728
-0.33999999999999986	1.0978816742398276
-0.33000000000000007	1.0978713813234522
-0.31999999999999984	1.3910128210330068
-0.31000000000000005	1.0717941009590712
-0.2999999999999998	0.9845903393398463
-0.29000000000000004	1.0115792133426043
-0.2799999999999998	1.3092513052922372
-0.27	1.3691864017331592
-0.2599999999999998	1.475617009736412
-0.25	1.4198053417303895
-0.23999999999999977	1.502953887491772
-0.22999999999999998	1.6294520032679276
-0.21999999999999975	1.60753695025065
-0.20999999999999996	1.4215755896556308
-0.19999999999999973	1.267455108278605
-0.18999999999999995	1.0397327509505903
-0.18000000000000016	1.1361893293421994
-0.16999999999999993	1.1032859819352554
-0.16000000000000014	1.0207305383800387
-0.1499999999999999	0.9594410889808077
-0.14000000000000012	0.8568837865256174
-0.1299999999999999	0.7707586610736503
-0.1200000000000001	0.8043010338074589
-0.10999999999999988	0.9788740457093897
-0.10000000000000009	1.3823339010510303
-0.08999999999999986	2.812862819901894
-0.08000000000000007	4.821703575293237
-0.06999999999999984	3.728121328085228
-0.06000000000000005	2.732888712563519
-0.04999999999999982	2.4795820101321118
-0.040000000000000036	2.45564442340661
-0.029999999999999805	2.4097126392695296
-0.020000000000000018	2.5427026603947978
-0.009999999999999787	2.8802926441368606
0.	3.4538673817597
0.010000000000000231	2.8764575535090033
0.020000000000000018	2.5380579144375743
0.03000000000000025	2.45898293326759
0.040000000000000036	2.40866124467516
0.050000000000000266	2.4566854051714846
0.06000000000000005	2.8295874767116573
0.07000000000000028	3.390840806730484
0.08000000000000007	6.187266374845112
0.08999999999999986	3.3636734193424656
0.10000000000000009	1.8529476265562403
0.10999999999999988	1.3056364512571894
0.1200000000000001	1.050606922915124
0.1299999999999999	0.8700453854717172
0.14000000000000012	0.8532855564398754
0.1499999999999999	0.88250696752781
0.16000000000000014	0.985693432943252
0.16999999999999993	1.0103333973056772
0.18000000000000016	1.061849785165176
0.18999999999999995	1.0950737644115338
0.20000000000000018	1.0453975082921538
0.20999999999999996	1.034128901370657
0.2200000000000002	1.0350115374297024
0.22999999999999998	1.031187707198519
0.2400000000000002	1.090248723171654
0.25	1.1428270691457783
0.26000000000000023	1.120375735725365
0.27	1.1185609102629692
0.28000000000000025	1.1333177078227252
0.29000000000000004	1.099539325702881
0.30000000000000027	0.9991441082314746
0.31000000000000005	1.2949087757083722
0.3200000000000003	2.513094447415892
0.33000000000000007	1.4112652261351954
0.33999999999999986	1.0826939240146363
0.3500000000000001	1.1054838756390695
0.3599999999999999	1.2009901144687911
0.3700000000000001	1.3398651243002488
0.3799999999999999	1.5394643667971208
0.3900000000000001	1.6203915104584046
0.3999999999999999	1.5960549508363346
0.41000000000000014	1.673197659805051
0.41999999999999993	1.8014239927084876
0.43000000000000016	1.8686286059300197
0.43999999999999995	1.8899403064882845
0.4500000000000002	1.9184657791992497
0.45999999999999996	1.9434845117239765
0.4700000000000002	1.9554507569483839
0.48	2.019816237068096
0.4900000000000002	2.094364463514874
0.5	2.167682494460446
0.5100000000000002	2.2529836256742537
0.52	2.2997201596799033
0.5300000000000002	2.2913246428826057
0.54	2.276919842284159
0.5500000000000003	2.2479147950710177
0.56	2.102393990939082
0.5700000000000003	1.979405217893057
0.5800000000000001	2.0209238401859633
0.5899999999999999	2.036372729153442
0.6000000000000001	2.070576258932487
0.6099999999999999	2.127327907458948
0.6200000000000001	2.0506785374121796
0.6299999999999999	1.9523206554160826
0.6400000000000001	1.9365291199797954
0.6499999999999999	1.9095109258887355
0.6600000000000001	1.6844914230876438
0.6699999999999999	1.439415693716929
0.6800000000000002	1.1818729646955612
0.69	1.5168846880810274
0.7000000000000002	1.2831439158315816
0.71	1.283004225345161
0.7200000000000002	1.4303970484658115
0.73	1.572401367892045
0.7400000000000002	1.6230874519700378
0.75	1.840137232529175
0.7600000000000002	2.0294849700736224
0.77	1.987037855378287
0.7800000000000002	1.8700774057702934
0.79	1.8900671421518156
0.8000000000000003	1.9708307956162414
0.81	1.9925841634139225
0.8200000000000003	2.020654440663897
0.8300000000000001	2.0541437480165796
0.8399999999999999	2.142859654607687
0.8500000000000001	2.260927474480479
0.8599999999999999	2.462482673304934
0.8700000000000001	2.5610026946903037
0.8799999999999999	2.4044326538372096
0.8900000000000001	2.2985918177737337
0.8999999999999999	2.34454127460118
0.9100000000000001	2.373332891747715
0.9199999999999999	2.3378674742206784
0.9300000000000002	2.3470966937396724
0.94	2.3976414687009027
0.9500000000000002	2.4368029464874637
0.96	2.449255991279664
0.9700000000000002	2.4901331397189326
0.98	2.573192174107208
0.9900000000000002	2.5091684055576
1.	2.451070858292524
1.0099999999999998	2.418166961256651
1.0200000000000005	2.4616081465104545
1.0300000000000002	2.4033999584647416
1.04	2.294519528311921
1.0499999999999998	2.3216501900480195
1.0600000000000005	2.3840989439219062
1.0700000000000003	2.3583267769080996
1.08	2.362247388221517
1.0899999999999999	2.3489890840552596
1.0999999999999996	2.3107810227581793
1.1100000000000003	2.1993610138790065
1.12	2.1427297697857774
1.13	2.0353340990010076
1.1399999999999997	1.8337527699949436
1.1500000000000004	1.6590856971851626
1.1600000000000001	1.5104047216641485
1.17	1.2613604435912704
1.1799999999999997	1.279074320449187
1.1900000000000004	1.2797281792489947
1.2000000000000002	1.4714073668503833
1.21	1.6316355220487275
1.2199999999999998	1.6920430025582873
1.2300000000000004	1.5031797205466395
1.2400000000000002	1.619113578412313
1.25	1.8011749483097712
1.2599999999999998	1.9463443090313717
1.2700000000000005	1.851444021448739
1.2800000000000002	1.8326335071343562
1.29	1.7713582763512472
1.2999999999999998	1.7582910624355568
1.3100000000000005	1.9280333197096038
1.3200000000000003	2.0567653005149538
1.33	2.195840700187494
1.3399999999999999	2.2630520871824666
1.3500000000000005	2.2138684575221226
1.3600000000000003	2.2136330371489676
1.37	2.2733258768737135
1.38	2.2193007702960124
1.3899999999999997	2.1826187597077706
1.4000000000000004	2.1852685218537062
1.4100000000000001	2.1913535610050414
1.42	2.2331309647982467
1.4299999999999997	2.314574577331931
1.4400000000000004	2.3740145576655496
1.4500000000000002	2.415283850274858
1.46	2.372292103406125
1.4699999999999998	2.399915687698308
1.4800000000000004	2.383555880646679
1.4900000000000002	2.3124113295591004
1.5	2.2900111684945004
1.5099999999999998	2.323177320468734
1.5200000000000005	2.328687677245972
1.5300000000000002	2.316812736673616
1.54	2.2807193535216985
1.5499999999999998	2.3749153892738915
1.5600000000000005	2.3835411825058856
1.5700000000000003	2.386231031631419
1.58	2.3255654008753126
1.5899999999999999	2.2482487443043744
1.6000000000000005	2.273775448265874
1.6100000000000003	2.194692429384122
1.62	2.1297405883253786
1.63	2.1097224553708185
1.6399999999999997	2.0965706046602146
1.6500000000000004	2.1218527086230754
1.6600000000000001	2.0327916408460616
1.67	1.9174616555650228
1.6799999999999997	1.8135900022497244
1.6900000000000004	1.6783049080604693
1.7000000000000002	1.5982509312737143
1.71	1.2043509391244211
1.7199999999999998	1.1988680642262273
1.7300000000000004	1.1507858798253663
1.7400000000000002	1.1784240749843233
1.75	1.3366763855704398
1.7599999999999998	1.408797655886634
1.7700000000000005	1.531561583579614
1.7800000000000002	1.5013970952062345
1.79	1.502887876593242
1.7999999999999998	1.4622952511373597
1.8100000000000005	1.5901791083620553
1.8200000000000003	1.5957395622259745
1.83	1.5629100571802679
1.8399999999999999	1.589292509002448
1.8500000000000005	1.5720254951060337
1.8600000000000003	1.7164222802876934
1.87	1.8813906188150271
1.88	1.9509790070563509
1.8899999999999997	2.0295989492370623
1.9000000000000004	1.9216530331249555
1.9100000000000001	1.8277591967182607
1.92	1.8674160870130314
1.9299999999999997	1.887788469996637
1.9400000000000004	1.8004853652672514
1.9500000000000002	1.7411056559789566
1.96	1.8130951417792853
1.9699999999999998	1.9571085354950961
1.9800000000000004	2.0038545159840746
1.9900000000000002	2.113579526083456
2.	2.118775680687938
2.01	2.1287021283580807
2.0200000000000005	2.0470293113006393
2.0300000000000002	1.9010981259496262
2.04	1.811293218587407
2.05	1.8432730969415698
2.0600000000000005	1.9091204252748317
2.0700000000000003	1.9990558290817555
2.08	2.0241599660986873
2.09	2.0237669520132844
2.1000000000000005	2.0743112614470194
2.1100000000000003	2.157585811075007
2.12	2.080109514950729
2.13	2.0424998428638927
2.1399999999999997	1.962350060101708
2.1500000000000004	1.831415806239449
2.16	1.7843020563364085
2.17	1.840961049350541
2.1799999999999997	1.895771777712892
2.1900000000000004	1.8908599633868615
2.2	1.864599319084306
2.21	1.8716919667410177
2.2199999999999998	1.881565911982502
2.2300000000000004	1.9142984049226943
2.24	1.7118955717249629
2.25	1.5458029724709133
2.26	1.3633431164340535
2.2700000000000005	1.1600985600956377
2.2800000000000002	0.9882672297602269
2.29	1.0556487833090027
2.3	1.0670231324039785
2.3100000000000005	1.0795679553181692
2.3200000000000003	1.0894766020964204
2.33	1.1154465959538384
2.34	1.1738714825803893
2.3500000000000005	1.1413891974963162
2.3600000000000003	1.2060168495204262
2.37	1.2086495905892343
2.38	1.254800992410172
2.3899999999999997	1.227155382166186
2.4000000000000004	1.13649248468405
2.41	1.3615271102958861
2.42	1.4747695718043978
2.4299999999999997	1.480054122395773
2.4400000000000004	1.2786784203695913
2.45	1.232956267940484
2.46	1.3329033362262481
2.4699999999999998	1.4863609108511135
2.4800000000000004	1.444942581334959
2.49	1.4222695941827077
2.5	1.5699125451227327
2.51	1.4618742533238955
2.5200000000000005	1.4703732447288118
2.5300000000000002	1.578619542362854
2.54	1.5009925455899964
2.55	1.46894905541727
2.5600000000000005	1.4612421872289938
2.5700000000000003	1.518035264045113
2.58	1.6206711612644265
2.59	1.7056666644885405
2.6000000000000005	1.6581807183592692
2.6100000000000003	1.652433491183393
2.62	1.5444662128011455
2.63	1.512910500004328
2.6399999999999997	1.5095526553238183
2.6500000000000004	1.498618692043703
2.66	1.5545592417584042
2.67	1.6158968721416158
2.6799999999999997	1.617238548852271
2.6900000000000004	1.6482979934388913
2.7	1.688024273284246
2.71	1.546722269508005
2.7199999999999998	1.437341441609391
2.7300000000000004	1.4116771784696711
2.74	1.3731457895459502
2.75	1.4354189703996254
2.76	1.512277711576945
2.7700000000000005	1.521344309271005
2.7800000000000002	1.5134900024941185
2.79	1.3669079120725423
2.8	1.310024290491107
2.8100000000000005	1.1272710983768535
2.8200000000000003	0.8683176545877164
2.83	1.0162537794894055
2.84	0.9801555329661065
2.8500000000000005	0.8896449249308839
2.8600000000000003	0.8762590458899993
2.87	0.9433223108766476
2.88	0.8478352591916805
2.8899999999999997	0.8652166341985046
2.9000000000000004	0.8350723672330231
2.91	0.8160640459371323
2.92	0.8598741289306532
2.9299999999999997	0.9053377156479171
2.9400000000000004	0.8849486676480717
2.95	0.9995573152929556
2.96	1.047955093425754
2.9699999999999998	0.9445629741586403
2.9800000000000004	0.9732117736513654
2.99	0.9226064141919719
3.	0.8736029746306906