-3.	1.2904640963773697
-2.99	1.1928837940209784
-2.98	1.0364514608003899
-2.97	0.8859021305882838
-2.96	0.8985279408396375
-2.95	1.0594677396985057
-2.94	1.386075326120579
-2.93	1.060034218932043
-2.92	1.0834970614970412
-2.91	0.8080060878881337
-2.9	0.8351424190465433
-2.89	1.0181648328687538
-2.88	0.9367287751485177
-2.87	0.9841455888898601
-2.86	0.9706007615936658
-2.85	1.0011902402741957
-2.84	0.8338030392065435
-2.83	1.0205773673260412
-2.82	1.128701309601185
-2.81	0.9720561842171515
-2.8	0.8862231449974758
-2.79	1.1409181895418588
-2.78	1.4087054669426926
-2.77	1.6279072126953313
-2.76	1.7620274168041048
-2.75	1.7514322648610428
-2.74	1.9219963915527847
-2.73	1.6977149041659076
-2.7199999999999998	1.8563062995499908
-2.71	1.5490883239353515
-2.7	1.2963520848508472
-2.69	1.6740454506307447
-2.68	1.705308993532593
-2.67	1.621502469648737
-2.66	1.5938151772378073
-2.65	2.0197893651235193
-2.64	1.7780478549397554
-2.63	1.7985939245862983
-2.62	1.6809105389842962
-2.61	1.6801648778612996
-2.6	1.9423971163996758
-2.59	1.618166560015267
-2.58	1.3962753524332525
-2.57	1.686332498111765
-2.56	1.7111587171140334
-2.55	1.492611495071653
-2.54	1.5718983144992615
-2.53	1.782798872214537
-2.52	1.5959790412253863
-2.51	1.6679719617979745
-2.5	1.6539255202950387
-2.49	1.9103799244297848
-2.48	1.6317573510203607
-2.4699999999999998	1.656271428635871
-2.46	1.7476017399935846
-2.45	1.4070126675585393
-2.44	1.3025508702145854
-2.4299999999999997	1.2261384235096033
-2.42	1.1722173482879192
-2.41	1.3481829230048648
-2.4	1.5914819500422295
-2.39	1.85275988736512
-2.38	1.8438595225645213
-2.37	1.6548680877666497
-2.36	1.1285306413157967
-2.35	1.0546856013880423
-2.34	1.1131652465906425
-2.33	1.1470131901515932
-2.32	1.0935677730631748
-2.31	1.2423333714646136
-2.3	1.5159277612217719
-2.29	1.1198270758036741
-2.2800000000000002	1.1596297988625943
-2.27	1.5946874767186368
-2.26	1.9281773203645725
-2.25	2.0414268654275203
-2.24	1.687988997858093
-2.23	1.4320588498755908
-2.2199999999999998	1.7778882114983634
-2.21	2.2290249210249597
-2.2	2.1117443066651536
-2.19	2.3123514770690177
-2.1799999999999997	2.414289397490179
-2.17	2.3526237614351575
-2.16	2.15539377314763
-2.15	2.18833180296912
-2.14	2.1165959228264417
-2.13	2.0375408567913156
-2.12	1.8702133142510171
-2.11	2.0327032854187155
-2.1	2.2174076195766097
-2.09	2.399432210714712
-2.08	2.2954575682448626
-2.07	2.132413396446112
-2.06	2.3742055361555514
-2.05	2.353263242556707
-2.04	2.1391087823630603
-2.0300000000000002	2.077706981816627
-2.02	1.9134561687334297
-2.01	2.05706810046418
-2.	2.3064546704599107
-1.99	2.0590942561857157
-1.98	2.162251162727623
-1.97	2.263267386514837
-1.96	2.1930332785937448
-1.95	2.2015923067517105
-1.94	2.075881104185779
-1.93	2.3962363086228233
-1.92	1.6122286368314396
-1.91	1.8287498547753938
-1.9	2.0587264330859405
-1.89	2.228766721146894
-1.88	2.1540093114821146
-1.8699999999999999	1.701616840485771
-1.8599999999999999	2.1748691756338228
-1.8499999999999999	2.4367796994459705
-1.84	2.2859078346448776
-1.83	1.763010038371724
-1.82	1.4136502041573722
-1.81	1.6638294619582608
-1.8	1.4339750881140463
-1.79	1.5071473797535964
-1.78	1.9660865581435432
-1.77	1.8971864922424493
-1.76	1.8267336427601346
-1.75	1.6861454672167724
-1.74	1.3585875411845123
-1.73	1.3166720274503232
-1.72	1.1022776478466003
-1.71	1.6364282782705069
-1.7	1.6186161991188142
-1.69	1.960299337676746
-1.68	2.12321388306452
-1.67	2.200563327022155
-1.66	2.311146733041526
-1.65	2.41024163364245
-1.64	2.595073299592407
-1.63	2.3743174488952246
-1.6199999999999999	2.3576778153168862
-1.6099999999999999	2.4456532532581505
-1.5999999999999999	2.296536713966589
-1.59	2.045106945294027
-1.58	2.356072868921894
-1.57	2.491207832790448
-1.56	2.549074463159582
-1.55	2.4153023837549643
-1.54	2.512394972656364
-1.53	2.8089191846727353
-1.52	2.9126009752472446
-1.51	2.6248123314043403
-1.5	2.3292774545445565
-1.49	2.393888284892973
-1.48	2.2850521498213983
-1.47	2.266509885261913
-1.46	2.535148232032737
-1.45	2.4748423074111234
-1.44	2.7098909810255627
-1.43	2.3892845546172516
-1.42	2.588201506537879
-1.41	2.86279017489399
-1.4	2.8439262266850323
-1.39	2.428518840699885
-1.38	2.0842308773953664
-1.3699999999999999	2.2968384914149462
-1.3599999999999999	2.1357279141683305
-1.3499999999999999	2.4047884897353944
-1.3399999999999999	2.4754307241572677
-1.33	2.219103184395931
-1.32	2.384590956999439
-1.31	2.4432355091168114
-1.3	2.599712519805873
-1.29	2.4015198573576373
-1.28	2.2711758100477244
-1.27	1.963663611853662
-1.26	1.8004886375828624
-1.25	1.3948229014530154
-1.24	1.6165406923494359
-1.23	1.99970900138062
-1.22	2.3003241465869535
-1.21	1.6047906425040535
-1.2	1.6367810987972344
-1.19	1.7110946869835635
-1.18	2.1125718720533087
-1.17	1.341639425040825
-1.16	1.3521682487476556
-1.15	1.3521088907922492
-1.14	1.8161841235162237
-1.13	2.1012887148818935
-1.1199999999999999	2.395033100844893
-1.1099999999999999	2.5870790657188105
-1.0999999999999999	2.794238569590484
-1.0899999999999999	2.499314977951346
-1.08	2.4430075839922347
-1.07	2.6013456520210205
-1.06	2.5619269590624874
-1.05	2.568200157830838
-1.04	2.7384438662613193
-1.03	2.559651149686556
-1.02	2.4849764715409584
-1.01	2.548213760104102
-1.	2.772631018976976
-0.9899999999999998	2.9863420223352843
-0.98	2.69002507430488
-0.9699999999999998	2.6126157740090856
-0.96	2.6827577013153463
-0.9500000000000002	2.722632303416454
-0.94	2.734598078393666
-0.9300000000000002	2.679689797293967
-0.9199999999999999	2.4189462858061597
-0.9100000000000001	2.45990543424951
-0.8999999999999999	2.6450093104655696
-0.8900000000000001	2.6659723247398976
-0.8799999999999999	2.6622472497660854
-0.8700000000000001	2.420087993929935
-0.8599999999999999	2.3983016239836425
-0.8500000000000001	2.366271905907158
-0.8399999999999999	2.5368472012366494
-0.8300000000000001	2.775190687609482
-0.8199999999999998	2.4653428133060307
-0.81	2.0550894861235007
-0.7999999999999998	2.387425409376822
-0.79	1.9893313004927486
-0.7799999999999998	2.0826112220052666
-0.77	2.0750314762994866
-0.7599999999999998	1.734039758847508
-0.75	1.5403615864051354
-0.7399999999999998	1.9826437420732024
-0.73	2.409583762387277
-0.7199999999999998	2.02658977226467
-0.71	1.3355961650937456
-0.6999999999999997	1.4234517927693298
-0.69	0.9829708154836999
-0.6800000000000002	1.366993345273147
-0.6699999999999999	1.4766662899314196
-0.6600000000000001	1.637970377112034
-0.6499999999999999	1.9966398406347243
-0.6400000000000001	2.1773877482698873
-0.6299999999999999	2.221030550531285
-0.6200000000000001	2.4299033417146148
-0.6099999999999999	2.566077658127424
-0.6000000000000001	2.3790930026327204
-0.5899999999999999	2.3534992134026003
-0.5800000000000001	2.4493175012956736
-0.5699999999999998	2.3699459588359106
-0.56	2.1167448001735876
-0.5499999999999998	2.108904429529054
-0.54	2.1126752817251893
-0.5299999999999998	2.3676764085200874
-0.52	2.382710866995137
-0.5099999999999998	2.4944032401567786
-0.5	2.290736632895174
-0.48999999999999977	2.2214989782349104
-0.48	2.323170340261914
-0.46999999999999975	2.2792836541187373
-0.45999999999999996	2.177401872780115
-0.44999999999999973	2.080389672202162
-0.43999999999999995	2.42468645653453
-0.43000000000000016	2.153709019960118
-0.41999999999999993	1.6822717721876248
-0.41000000000000014	1.6762239953391798
-0.3999999999999999	1.782196798646891
-0.3900000000000001	1.6298317269002423
-0.3799999999999999	1.3679567968436426
-0.3700000000000001	1.6228549566658876
-0.3599999999999999	1.5189660978774002
-0.3500000000000001	1.212814284360396
-0.33999999999999986	1.0235424111589562
-0.33000000000000007	1.085858232844801
-0.31999999999999984	1.2901791396927698
-0.31000000000000005	1.1080742603164644
-0.2999999999999998	1.0951921123909552
-0.29000000000000004	0.8715751044627982
-0.2799999999999998	1.0211149656911598
-0.27	1.1584056128330604
-0.2599999999999998	1.211903145295774
-0.25	1.1917622494489464
-0.23999999999999977	1.1527803777222088
-0.22999999999999998	1.2734556790516867
-0.21999999999999975	1.2644449239401139
-0.20999999999999996	1.0599797033259832
-0.19999999999999973	0.9795845572754134
-0.18999999999999995	0.8631396465786658
-0.18000000000000016	0.9126142956703792
-0.16999999999999993	0.9157133366715334
-0.16000000000000014	0.7948948996869375
-0.1499999999999999	0.7582464075996895
-0.14000000000000012	0.7774030712070953
-0.1299999999999999	0.7808532073827067
-0.1200000000000001	0.8393762454981364
-0.10999999999999988	1.1710234029539557
-0.10000000000000009	1.731074066540939
-0.08999999999999986	2.7168680523695405
-0.08000000000000007	4.947481976068593
-0.06999999999999984	4.135160455223147
-0.06000000000000005	3.3331692812146034
-0.04999999999999982	2.9636680180668846
-0.040000000000000036	2.9124298178359487
-0.029999999999999805	2.9804065737737484
-0.020000000000000018	3.2274746520082207
-0.009999999999999787	3.5925617305763615
0.	3.8134700317301378
0.010000000000000231	3.1160542484506504
0.020000000000000018	2.9327566901054634
0.03000000000000025	3.104907540304778
0.040000000000000036	3.1518034043229735
0.050000000000000266	3.2599524599995675
0.06000000000000005	3.641831577235217
0.07000000000000028	4.492197491355821
0.08000000000000007	7.828024267205515
0.08999999999999986	5.115112883703239
0.10000000000000009	3.4339225577158805
0.10999999999999988	2.4276692584376605
0.1200000000000001	1.7145160355790785
0.1299999999999999	1.3678241871658066
0.14000000000000012	1.205834319960679
0.1499999999999999	0.9940750883874958
0.16000000000000014	0.9068213591318852
0.16999999999999993	0.8467976268262554
0.18000000000000016	0.8313623880503808
0.18999999999999995	0.8858990673298147
0.20000000000000018	0.8675946121242377
0.20999999999999996	0.8434592831166017
0.2200000000000002	0.8296511958990828
0.22999999999999998	0.8624671311830618
0.2400000000000002	0.8548284357902584
0.25	0.8987001070831045
0.26000000000000023	0.9281828968815053
0.27	0.8423065860813221
0.28000000000000025	0.9246970971184285
0.29000000000000004	0.9501608197720345
0.30000000000000027	0.9989018643745871
0.31000000000000005	1.6237376678974795
0.3200000000000003	3.599282585893995
0.33000000000000007	2.0245350246512137
0.33999999999999986	1.4082467300321628
0.3500000000000001	1.1534916096472299
0.3599999999999999	1.0898753844334301
0.3700000000000001	1.1133376048762367
0.3799999999999999	1.1025631671425835
0.3900000000000001	1.2266598193600284
0.3999999999999999	1.245384986029943
0.41000000000000014	1.2658122340176177
0.41999999999999993	1.446142952567875
0.43000000000000016	1.5249536199769453
0.43999999999999995	1.4829048123825164
0.4500000000000002	1.4838883678597377
0.45999999999999996	1.487463916595532
0.4700000000000002	1.5585566060208749
0.48	1.6745482586192275
0.4900000000000002	1.7409419706372666
0.5	1.8296263712100904
0.5100000000000002	1.872893273902836
0.52	1.926119756524532
0.5300000000000002	1.8900006515075924
0.54	1.9302589384627558
0.5500000000000003	1.855656640806129
0.56	1.7573347759651297
0.5700000000000003	1.6636247894866492
0.5800000000000001	1.7094122677902996
0.5899999999999999	1.6736763529656877
0.6000000000000001	1.6962418806741995
0.6099999999999999	1.7264099306450609
0.6200000000000001	1.7210888354471885
0.6299999999999999	1.651568265422749
0.6400000000000001	1.621168428177868
0.6499999999999999	1.542814175815297
0.6600000000000001	1.3727687539809654
0.6699999999999999	1.1666010295594516
0.6800000000000002	1.0586947187667168
0.69	1.5667441109256224
0.7000000000000002	1.3965443926890737
0.71	1.15235960826579
0.7200000000000002	1.196771545381943
0.73	1.219420406149239
0.7400000000000002	1.2900621064404592
0.75	1.4565887755893887
0.7600000000000002	1.7640859040169874
0.77	1.7860429736419585
0.7800000000000002	1.58118203295618
0.79	1.5642152408632526
0.8000000000000003	1.654114138418378
0.81	1.7362655479280427
0.8200000000000003	1.6590465161929577
0.8300000000000001	1.7499359538482047
0.8399999999999999	1.8353214870992234
0.8500000000000001	1.900726406906208
0.8599999999999999	2.1039178021901157
0.8700000000000001	2.265607288212156
0.8799999999999999	2.1662490796476632
0.8900000000000001	2.013247980578705
0.8999999999999999	2.0547390688288028
0.9100000000000001	2.113971633317268
0.9199999999999999	2.110591735637411
0.9300000000000002	2.068674448921096
0.94	2.130382847875559
0.9500000000000002	2.121521453310371
0.96	2.189131226061843
0.9700000000000002	2.264615024617453
0.98	2.34861353234587
0.9900000000000002	2.3198347072868226
1.	2.2367956742020545
1.0099999999999998	2.1775179364713306
1.0200000000000005	2.240937554808228
1.0300000000000002	2.2058571566273986
1.04	2.0705037710711323
1.0499999999999998	2.085255215538306
1.0600000000000005	2.150199309570645
1.0700000000000003	2.1292933915932695
1.08	2.13119100058453
1.0899999999999999	2.109729824227662
1.0999999999999996	2.0462530934892107
1.1100000000000003	1.9528996059489305
1.12	1.8434206863211111
1.13	1.7808609821579315
1.1399999999999997	1.6185302320741608
1.1500000000000004	1.4721115121232646
1.1600000000000001	1.3221050877522753
1.17	1.1670138600084041
1.1799999999999997	1.2574946403978495
1.1900000000000004	1.1435281900246093
1.2000000000000002	1.3289672941115682
1.21	1.4815499208020333
1.2199999999999998	1.5282083869546945
1.2300000000000004	1.412758207429305
1.2400000000000002	1.492332943605502
1.25	1.6025247847966706
1.2599999999999998	1.6916381069217103
1.2700000000000005	1.6042617323041246
1.2800000000000002	1.5754706334760735
1.29	1.5644633165707966
1.2999999999999998	1.597175172840589
1.3100000000000005	1.7228118646388513
1.3200000000000003	1.9205549797745356
1.33	2.0857700349310253
1.3399999999999999	2.099630322406583
1.3500000000000005	2.021035222100324
1.3600000000000003	2.015953910623531
1.37	2.045243069203952
1.38	2.0196938838673706
1.3899999999999997	1.9706859114890962
1.4000000000000004	2.0234805601459107
1.4100000000000001	2.018128490678796
1.42	2.02680521851375
1.4299999999999997	2.1411212676797002
1.4400000000000004	2.270850458362157
1.4500000000000002	2.283817208118845
1.46	2.1738864021336366
1.4699999999999998	2.208064122162908
1.4800000000000004	2.174458906294717
1.4900000000000002	2.1360825900730953
1.5	2.1218299273925747
1.5099999999999998	2.145422941572417
1.5200000000000005	2.1300135247135588
1.5300000000000002	2.1438912173414226
1.54	2.1003213707816104
1.5499999999999998	2.219900794830117
1.5600000000000005	2.2846330475073846
1.5700000000000003	2.25810094745975
1.58	2.168628926156277
1.5899999999999999	2.0904526315782164
1.6000000000000005	2.094410428149082
1.6100000000000003	2.026446351824748
1.62	1.94174189925056
1.63	1.8836298981507509
1.6399999999999997	1.911057926558779
1.6500000000000004	1.9923789461495212
1.6600000000000001	1.9015175844584744
1.67	1.791181597655411
1.6799999999999997	1.704361425746631
1.6900000000000004	1.5260259737595434
1.7000000000000002	1.433140844995759
1.71	1.1047450990761158
1.7199999999999998	1.098842326898675
1.7300000000000004	1.1063061672804333
1.7400000000000002	1.100523014506906
1.75	1.1353191856132112
1.7599999999999998	1.191521373093151
1.7700000000000005	1.347863623334393
1.7800000000000002	1.4080188208238276
1.79	1.3985362801992787
1.7999999999999998	1.3469621998580732
1.8100000000000005	1.512458371923819
1.8200000000000003	1.5064520958053809
1.83	1.3912770911746957
1.8399999999999999	1.4281351112800433
1.8500000000000005	1.4316279511605716
1.8600000000000003	1.496444269995388
1.87	1.6576166398283048
1.88	1.7715354088864124
1.8899999999999997	1.9605598342178037
1.9000000000000004	1.8059871828496314
1.9100000000000001	1.671665284969653
1.92	1.7237149596000072
1.9299999999999997	1.737324729665112
1.9400000000000004	1.694219408841966
1.9500000000000002	1.6016413638282292
1.96	1.6659014912447065
1.9699999999999998	1.8106623490703815
1.9800000000000004	1.8705338691706628
1.9900000000000002	1.9678680658421994
2.	1.9457022350443949
2.01	2.0160737727843556
2.0200000000000005	1.963915934514189
2.0300000000000002	1.8019453812269433
2.04	1.746988209171444
2.05	1.752341968652098
2.0600000000000005	1.79472618032513
2.0700000000000003	1.8841709712038548
2.08	1.8746030588006055
2.09	1.8843758376274504
2.1000000000000005	1.96022013527504
2.1100000000000003	2.029088953552995
2.12	1.9608813583672589
2.13	1.9427432658470842
2.1399999999999997	1.873980658374394
2.1500000000000004	1.7782820046076007
2.16	1.6891084024224192
2.17	1.7587370690860238
2.1799999999999997	1.8244150897525628
2.1900000000000004	1.8124824451820019
2.2	1.7576642414787542
2.21	1.7743289302039469
2.2199999999999998	1.8161214194442583
2.2300000000000004	1.7974705846808892
2.24	1.6010839655709541
2.25	1.4055021237857954
2.26	1.2507742764221472
2.2700000000000005	1.0330637744055609
2.2800000000000002	0.9325831527558102
2.29	1.0077744428371505
2.3	1.0864438589838494
2.3100000000000005	0.9879534895628895
2.3200000000000003	1.0180237639994547
2.33	1.0702062852811238
2.34	1.1241048205630144
2.3500000000000005	1.091273558883174
2.3600000000000003	1.0391369867553377
2.37	1.0278147348507234
2.38	1.06011354805089
2.3899999999999997	1.0674333001034941
2.4000000000000004	1.0387034424622248
2.41	1.2524143009423505
2.42	1.4210002324227302
2.4299999999999997	1.4207663019401195
2.4400000000000004	1.2333847087790633
2.45	1.1434857670235434
2.46	1.1566276066125647
2.4699999999999998	1.3195104896158585
2.4800000000000004	1.2643480891841037
2.49	1.2641969161699844
2.5	1.4416106764835221
2.51	1.381163757195031
2.5200000000000005	1.3925338007328196
2.5300000000000002	1.5303964991282946
2.54	1.4249449507848644
2.55	1.4003185594206797
2.5600000000000005	1.3581588324173173
2.5700000000000003	1.382879704078271
2.58	1.453153103227604
2.59	1.5232393584773867
2.6000000000000005	1.5291549196581404
2.6100000000000003	1.545467669247617
2.62	1.4659623097624024
2.63	1.4645524526401354
2.6399999999999997	1.4853904313523512
2.6500000000000004	1.4354228909774236
2.66	1.4783617835007474
2.67	1.4997825366016517
2.6799999999999997	1.4585169776490674
2.6900000000000004	1.486474905304562
2.7	1.5282035220432528
2.71	1.3842493391140887
2.7199999999999998	1.3879178034306194
2.7300000000000004	1.3717494895840685
2.74	1.2914196613812852
2.75	1.313009978032468
2.76	1.3984947832989565
2.7700000000000005	1.4126618432491813
2.7800000000000002	1.3932861742310612
2.79	1.2604971741026025
2.8	1.2163948461189866
2.8100000000000005	1.0614570717654224
2.8200000000000003	0.7976156789567946
2.83	0.954345122587204
2.84	1.124779102897092
2.8500000000000005	0.8971478436594413
2.8600000000000003	0.868876327219511
2.87	0.8597309765203974
2.88	0.8303318654100157
2.8899999999999997	0.8304196542952691
2.9000000000000004	0.7917933231704789
2.91	0.7659709385396372
2.92	0.7773928942403087
2.9299999999999997	0.8684746743550839
2.9400000000000004	0.8744764785360176
2.95	0.9357258039386234
2.96	0.9635498835084034
2.9699999999999998	0.9526629987883329
2.9800000000000004	0.9935834179609235
2.99	0.906605785418972
3.	0.8316050907899203