-3.	1.2875517528126283
-2.99	1.201629891097733
-2.98	1.039563809927109
-2.97	0.9355136200501742
-2.96	0.8909475335833025
-2.95	1.076951531429453
-2.94	1.3993897788744853
-2.93	1.069697525499137
-2.92	1.1176998784178458
-2.91	0.8342828737599678
-2.9	0.7969417154273767
-2.89	1.0303928134212752
-2.88	0.8816695720449026
-2.87	1.0170406946679362
-2.86	0.9614317549543978
-2.85	1.0409252171036656
-2.84	0.8149870893940683
-2.83	1.000853352905314
-2.82	1.154066383527556
-2.81	0.9819809760755972
-2.8	0.8697957982771716
-2.79	1.1539004277141003
-2.78	1.4485297954812677
-2.77	1.6678175708916323
-2.76	1.7606655482779665
-2.75	1.7778501787715777
-2.74	1.9452817027332574
-2.73	1.727999781211351
-2.7199999999999998	1.8411802736178555
-2.71	1.5557224322653935
-2.7	1.3124184791469813
-2.69	1.7208753929680898
-2.68	1.755128555000546
-2.67	1.6132664573941393
-2.66	1.606125096635464
-2.65	2.0378947408368067
-2.64	1.777467139340366
-2.63	1.7891755544915522
-2.62	1.6889470858693763
-2.61	1.6816596779800774
-2.6	1.9724488133890832
-2.59	1.6409753960555498
-2.58	1.4174575832528382
-2.57	1.662519305366025
-2.56	1.728095731981519
-2.55	1.5061826853123073
-2.54	1.5858938312999875
-2.53	1.7691237325481939
-2.52	1.604485776557412
-2.51	1.6881335937628863
-2.5	1.5976574397644632
-2.49	1.9328061623755128
-2.48	1.6655316579400679
-2.4699999999999998	1.6746193505884777
-2.46	1.787757531865636
-2.45	1.3983141695358425
-2.44	1.2943019234475435
-2.4299999999999997	1.2048718960655942
-2.42	1.1639433104131232
-2.41	1.3467021492854045
-2.4	1.5724590116666137
-2.39	1.848009668708596
-2.38	1.8512442434126297
-2.37	1.671317394849441
-2.36	1.182785693645505
-2.35	1.0750836334948777
-2.34	1.1341788959823085
-2.33	1.150085882661546
-2.32	1.098307596496745
-2.31	1.2370250516645998
-2.3	1.5741236400470584
-2.29	1.188201181079267
-2.2800000000000002	1.083130652256825
-2.27	1.5900071830098372
-2.26	1.9502098537778438
-2.25	2.0475386583997506
-2.24	1.7390241767113703
-2.23	1.4840841244715754
-2.2199999999999998	1.7873426156856194
-2.21	2.247299664158467
-2.2	2.1345984905825017
-2.19	2.305264137598154
-2.1799999999999997	2.4346667459463847
-2.17	2.3949157192981247
-2.16	2.1656743628073776
-2.15	2.191795191412154
-2.14	2.115257465000072
-2.13	2.0752046908750454
-2.12	1.9092817284241426
-2.11	2.0545537392061344
-2.1	2.2492164478773238
-2.09	2.3878759976355868
-2.08	2.3033140255567903
-2.07	2.1389569729761977
-2.06	2.3809590381658765
-2.05	2.349963831937297
-2.04	2.1509330890931895
-2.0300000000000002	2.1006851171837844
-2.02	1.9423787097044436
-2.01	2.108844301593196
-2.	2.3612152510924305
-1.99	2.0758110946084933
-1.98	2.1839465692005007
-1.97	2.2807513812505933
-1.96	2.1848537813718276
-1.95	2.2095271027698047
-1.94	2.106589708875955
-1.93	2.414755129614781
-1.92	1.6022168003300126
-1.91	1.8629180120001725
-1.9	2.0910948310240647
-1.89	2.2584474903175984
-1.88	2.167980140793154
-1.8699999999999999	1.7082068978173515
-1.8599999999999999	2.1864210546683807
-1.8499999999999999	2.4482813691905965
-1.84	2.2943525774465297
-1.83	1.7542820996620554
-1.82	1.4482802771538692
-1.81	1.7018158995802004
-1.8	1.4355793094374343
-1.79	1.5408925134566724
-1.78	1.965384600039704
-1.77	1.9196116343718586
-1.76	1.7993900688522677
-1.75	1.7148385590701618
-1.74	1.416750179000871
-1.73	1.3170443655997268
-1.72	1.0962102746678224
-1.71	1.6642244330701461
-1.7	1.67740853249336
-1.69	1.9923851408735718
-1.68	2.1625977141544337
-1.67	2.1965675485999103
-1.66	2.3125928486550618
-1.65	2.4411908767407042
-1.64	2.6384181831187754
-1.63	2.358618914642325
-1.6199999999999999	2.373579140247226
-1.6099999999999999	2.473350134819585
-1.5999999999999999	2.3472767702949007
-1.59	2.0621716427635297
-1.58	2.386132019343621
-1.57	2.5387297464586256
-1.56	2.5839909024824808
-1.55	2.427777258593933
-1.54	2.516106275090568
-1.53	2.809211443984726
-1.52	2.945419539887894
-1.51	2.616490002169685
-1.5	2.3556164771285557
-1.49	2.40740776981719
-1.48	2.319501517929992
-1.47	2.3234260404067264
-1.46	2.601990583771487
-1.45	2.502959527830066
-1.44	2.72712737550427
-1.43	2.3697006436143058
-1.42	2.590588380555463
-1.41	2.9152419870709974
-1.4	2.889800771482468
-1.39	2.4495979641237655
-1.38	2.074308507947489
-1.3699999999999999	2.3203997645710004
-1.3599999999999999	2.184169844324021
-1.3499999999999999	2.4459446829976077
-1.3399999999999999	2.5274061395412346
-1.33	2.230132822135461
-1.32	2.400479889722214
-1.31	2.4405243396444494
-1.3	2.6109824166066846
-1.29	2.407044225937061
-1.28	2.3016722460488626
-1.27	1.9531723622864274
-1.26	1.8805199960935826
-1.25	1.4713917713530071
-1.24	1.6438732067506439
-1.23	2.0160013994342143
-1.22	2.3088624954394446
-1.21	1.625950057741983
-1.2	1.612336720168234
-1.19	1.6710674025329402
-1.18	2.1222371265229114
-1.17	1.416099525261804
-1.16	1.4036646900936662
-1.15	1.3868144680796972
-1.14	1.8470945640599699
-1.13	2.123801563030673
-1.1199999999999999	2.4257879070155095
-1.1099999999999999	2.6462343408657656
-1.0999999999999999	2.7974273442173527
-1.0899999999999999	2.5338051433526796
-1.08	2.4390490335599377
-1.07	2.6040614902090766
-1.06	2.5785148154786777
-1.05	2.592606095298412
-1.04	2.7729295727447023
-1.03	2.584350027986742
-1.02	2.4851463899223147
-1.01	2.6265087940401384
-1.	2.792409894573105
-0.9899999999999998	3.0053676134977985
-0.98	2.7353089716237773
-0.9699999999999998	2.630004164836254
-0.96	2.69180935402501
-0.9500000000000002	2.7414662168561796
-0.94	2.7533247104656766
-0.9300000000000002	2.724335511672345
-0.9199999999999999	2.455399471256558
-0.9100000000000001	2.4795338508427434
-0.8999999999999999	2.6495803507258544
-0.8900000000000001	2.7082725301207375
-0.8799999999999999	2.6877773719638025
-0.8700000000000001	2.4481737929893863
-0.8599999999999999	2.42011905940005
-0.8500000000000001	2.4276595418875817
-0.8399999999999999	2.5723507400625203
-0.8300000000000001	2.7822773281700166
-0.8199999999999998	2.46833176363006
-0.81	2.106544430839628
-0.7999999999999998	2.413123457937165
-0.79	1.9863854579297122
-0.7799999999999998	2.136871941473034
-0.77	2.1123901422481075
-0.7599999999999998	1.769453314279122
-0.75	1.60945467827251
-0.7399999999999998	2.00407061145859
-0.73	2.4454161608605336
-0.7199999999999998	2.0666262575371195
-0.71	1.3289265089597433
-0.6999999999999997	1.4777273775617124
-0.69	1.0654433585565881
-0.6800000000000002	1.3470642232559868
-0.6699999999999999	1.4591534474901708
-0.6600000000000001	1.673156949162596
-0.6499999999999999	2.069664488820489
-0.6400000000000001	2.213293545430464
-0.6299999999999999	2.2403416052691854
-0.6200000000000001	2.4451212507968227
-0.6099999999999999	2.613699989533617
-0.6000000000000001	2.4356573666240497
-0.5899999999999999	2.3618218163870597
-0.5800000000000001	2.4408186722121847
-0.5699999999999998	2.3818422175480727
-0.56	2.12806747504588
-0.5499999999999998	2.1356810930981656
-0.54	2.1538119057406258
-0.5299999999999998	2.430118235364095
-0.52	2.4653209746433395
-0.5099999999999998	2.554766088276677
-0.5	2.3599333132193623
-0.48999999999999977	2.273771524708615
-0.48	2.317717838312294
-0.46999999999999975	2.285344013583861
-0.45999999999999996	2.2406563130455095
-0.44999999999999973	2.1499301306990164
-0.43999999999999995	2.490623308219809
-0.43000000000000016	2.196499287837283
-0.41999999999999993	1.7152578060272854
-0.41000000000000014	1.7299292250525304
-0.3999999999999999	1.8158272690931923
-0.3900000000000001	1.6445482914536589
-0.3799999999999999	1.3948904790594123
-0.3700000000000001	1.7144259738571561
-0.3599999999999999	1.566111301361389
-0.3500000000000001	1.235768343874207
-0.33999999999999986	1.0828249785578876
-0.33000000000000007	1.0756845724728779
-0.31999999999999984	1.3269806533232547
-0.31000000000000005	1.0864794879952762
-0.2999999999999998	1.0326512344834675
-0.29000000000000004	0.8836357616013787
-0.2799999999999998	1.0240792713282276
-0.27	1.1283801189457936
-0.2599999999999998	1.2674098286440776
-0.25	1.2237383592707638
-0.23999999999999977	1.1788763659361021
-0.22999999999999998	1.3431390362618976
-0.21999999999999975	1.260865955501687
-0.20999999999999996	1.1403842825779007
-0.19999999999999973	1.005136656668911
-0.18999999999999995	0.8558119481279052
-0.18000000000000016	0.9048748147536974
-0.16999999999999993	0.9145032893981739
-0.16000000000000014	0.7978251653613658
-0.1499999999999999	0.7906686956557569
-0.14000000000000012	0.7304583117111363
-0.1299999999999999	0.8083066576985842
-0.1200000000000001	0.8103194040486701
-0.10999999999999988	1.157735944875298
-0.10000000000000009	1.7439023861574519
-0.08999999999999986	2.8008352486390793
-0.08000000000000007	4.930126048983282
-0.06999999999999984	3.983847505471871
-0.06000000000000005	3.145417896816007
-0.04999999999999982	2.894630510794257
-0.040000000000000036	2.762082185346699
-0.029999999999999805	2.8587562063738092
-0.020000000000000018	3.2099821203859524
-0.009999999999999787	3.6027225598568715
0.	3.763313175783082
0.010000000000000231	3.076101041226731
0.020000000000000018	2.8431091683267304
0.03000000000000025	3.052525638036421
0.040000000000000036	3.020505714468045
0.050000000000000266	3.124658070719553
0.06000000000000005	3.6454909289139765
0.07000000000000028	4.535940169876495
0.08000000000000007	7.609955755785623
0.08999999999999986	5.025272234810555
0.10000000000000009	3.1196423490350336
0.10999999999999988	2.3398489627962573
0.1200000000000001	1.8004038997915963
0.1299999999999999	1.2560467119079677
0.14000000000000012	1.1250429584335575
0.1499999999999999	1.01724644848143
0.16000000000000014	0.9123193255906142
0.16999999999999993	0.8756746916643595
0.18000000000000016	0.8723678735961264
0.18999999999999995	0.8591544428422901
0.20000000000000018	0.8806335384812837
0.20999999999999996	0.8792862333454151
0.2200000000000002	0.839115467073022
0.22999999999999998	0.8733752091070314
0.2400000000000002	0.8700705560037308
0.25	0.8896505484478556
0.26000000000000023	0.9190576875442391
0.27	0.8788731574178845
0.28000000000000025	0.9128068083420101
0.29000000000000004	0.9664731701619269
0.30000000000000027	1.0090311355850012
0.31000000000000005	1.4484042885011617
0.3200000000000003	3.247495311140382
0.33000000000000007	1.7586907739060726
0.33999999999999986	1.3687527097593672
0.3500000000000001	1.1453041971367535
0.3599999999999999	1.1038158638477136
0.3700000000000001	1.1326918142306037
0.3799999999999999	1.2310310799792843
0.3900000000000001	1.2900240571910968
0.3999999999999999	1.295329081625428
0.41000000000000014	1.315621312224707
0.41999999999999993	1.5017857868423794
0.43000000000000016	1.54681355261261
0.43999999999999995	1.514864352333841
0.4500000000000002	1.535484866278157
0.45999999999999996	1.6035485083002778
0.4700000000000002	1.6214357272929254
0.48	1.6903056016678415
0.4900000000000002	1.7778647006999266
0.5	1.874411944941081
0.5100000000000002	1.9344019433679882
0.52	1.9819336379681372
0.5300000000000002	1.9667150524308585
0.54	1.9838783553857098
0.5500000000000003	1.915794035302517
0.56	1.8047916551871426
0.5700000000000003	1.7101361295794772
0.5800000000000001	1.7217833261726714
0.5899999999999999	1.726826521807177
0.6000000000000001	1.7373244631213602
0.6099999999999999	1.8094391282239342
0.6200000000000001	1.812548347703599
0.6299999999999999	1.6887950135392407
0.6400000000000001	1.646807588898601
0.6499999999999999	1.599950751463397
0.6600000000000001	1.4519894421760196
0.6699999999999999	1.2516590419998939
0.6800000000000002	1.1194492765820383
0.69	1.5252759318367226
0.7000000000000002	1.4761511081917198
0.71	1.1574500575537015
0.7200000000000002	1.2196829744590794
0.73	1.2763687016560807
0.7400000000000002	1.294577936602161
0.75	1.5205085714707305
0.7600000000000002	1.8163822459188792
0.77	1.8249257107337205
0.7800000000000002	1.6332867472887775
0.79	1.6146600333152974
0.8000000000000003	1.7101092404298774
0.81	1.7394145337188271
0.8200000000000003	1.717100061546662
0.8300000000000001	1.741534656367571
0.8399999999999999	1.8832935106603328
0.8500000000000001	1.9619011776810085
0.8599999999999999	2.1422943078986862
0.8700000000000001	2.3173631871591125
0.8799999999999999	2.2375177674342703
0.8900000000000001	2.05519234334856
0.8999999999999999	2.1187021681201754
0.9100000000000001	2.168188611696468
0.9199999999999999	2.158638377757833
0.9300000000000002	2.128953416750969
0.94	2.1070453977142334
0.9500000000000002	2.172959579606055
0.96	2.217270699626942
0.9700000000000002	2.291078971637436
0.98	2.3635248698667692
0.9900000000000002	2.3528194331883934
1.	2.282853175223201
1.0099999999999998	2.2095728869799927
1.0200000000000005	2.243928331512788
1.0300000000000002	2.2248924905162473
1.04	2.114502627328062
1.0499999999999998	2.095148999546385
1.0600000000000005	2.1878832710963505
1.0700000000000003	2.1412052454449753
1.08	2.159698826271326
1.0899999999999999	2.1605810393391205
1.0999999999999996	2.112205830293092
1.1100000000000003	2.0036325422393784
1.12	1.9319504366626337
1.13	1.8177379493643275
1.1399999999999997	1.6337811682509475
1.1500000000000004	1.4797908792913768
1.1600000000000001	1.3537732668079463
1.17	1.1564697015687377
1.1799999999999997	1.2446754432121756
1.1900000000000004	1.1575313926433195
1.2000000000000002	1.3403871424214568
1.21	1.500826269872375
1.2199999999999998	1.5433185890078762
1.2300000000000004	1.4530985205431608
1.2400000000000002	1.4756876857714334
1.25	1.6290864240452188
1.2599999999999998	1.7489340744892283
1.2700000000000005	1.631444738394674
1.2800000000000002	1.5707542067410993
1.29	1.6070402766166925
1.2999999999999998	1.5795735238678161
1.3100000000000005	1.746924066623635
1.3200000000000003	1.9215619561867847
1.33	2.08434384317473
1.3399999999999999	2.1370899119188396
1.3500000000000005	2.0377762568262976
1.3600000000000003	2.0322003670008018
1.37	2.0480157236472114
1.38	2.0015350486063643
1.3899999999999997	1.9828344726182092
1.4000000000000004	1.98349741808192
1.4100000000000001	2.0453911414867028
1.42	2.057762932012725
1.4299999999999997	2.180234767459884
1.4400000000000004	2.320246805262426
1.4500000000000002	2.311577517147871
1.46	2.2049308564635313
1.4699999999999998	2.219609876364744
1.4800000000000004	2.1939610474986693
1.4900000000000002	2.1105279871452343
1.5	2.1460253814272563
1.5099999999999998	2.159451235988557
1.5200000000000005	2.165061553840409
1.5300000000000002	2.125877769332852
1.54	2.1277563659522554
1.5499999999999998	2.2493347924093747
1.5600000000000005	2.3033799680530436
1.5700000000000003	2.2903445110416234
1.58	2.201316854502251
1.5899999999999999	2.1066767062835696
1.6000000000000005	2.0814532352200112
1.6100000000000003	2.007436596200182
1.62	1.9721256241615437
1.63	1.971678651236987
1.6399999999999997	1.9271479353338714
1.6500000000000004	2.010140131735579
1.6600000000000001	1.9347606276268074
1.67	1.794088819777282
1.6799999999999997	1.7051064519471615
1.6900000000000004	1.5254695191350103
1.7000000000000002	1.4527813716335691
1.71	1.1183573503249824
1.7199999999999998	1.1279723441737466
1.7300000000000004	1.1211892050707628
1.7400000000000002	1.0709238687519218
1.75	1.160039346297886
1.7599999999999998	1.276818595050074
1.7700000000000005	1.3945443099950896
1.7800000000000002	1.4187945573081848
1.79	1.4414956010553828
1.7999999999999998	1.4021584410293688
1.8100000000000005	1.5086153362424755
1.8200000000000003	1.5072354209072083
1.83	1.4091379221152833
1.8399999999999999	1.4416647365065856
1.8500000000000005	1.4433182357814975
1.8600000000000003	1.5002287172643285
1.87	1.684930352394432
1.88	1.8091258322842705
1.8899999999999997	1.9401634204135303
1.9000000000000004	1.818162038670996
1.9100000000000001	1.6876094221400635
1.92	1.7573802955890074
1.9299999999999997	1.7881222187827834
1.9400000000000004	1.69892351715714
1.9500000000000002	1.6331764528844466
1.96	1.7040324738233257
1.9699999999999998	1.8177656486970315
1.9800000000000004	1.9238713689467826
1.9900000000000002	1.989898316962355
2.	1.9468346479548924
2.01	2.0340763876153973
2.0200000000000005	1.9517947602302539
2.0300000000000002	1.7985637896187017
2.04	1.7739016573369084
2.05	1.7476715848596123
2.0600000000000005	1.824984883883194
2.0700000000000003	1.8847994218045743
2.08	1.8913335423430426
2.09	1.8932695630433718
2.1000000000000005	1.9397068321311368
2.1100000000000003	2.047896797117462
2.12	1.991700048473043
2.13	1.9400792603412196
2.1399999999999997	1.9019007065501219
2.1500000000000004	1.7677265790321235
2.16	1.7152202592178531
2.17	1.7501481887007333
2.1799999999999997	1.8165738470992423
2.1900000000000004	1.8478976430276153
2.2	1.8110676902129512
2.21	1.7916859708735164
2.2199999999999998	1.8153673397717494
2.2300000000000004	1.822621706996294
2.24	1.6129028147407996
2.25	1.458124366928728
2.26	1.2463942723085633
2.2700000000000005	1.0353910463052667
2.2800000000000002	0.9428725274832441
2.29	1.0574673839197968
2.3	1.0030767570085504
2.3100000000000005	0.9698937864463149
2.3200000000000003	1.0133592303141765
2.33	1.0647500287761726
2.34	1.1624449860839003
2.3500000000000005	1.1262242472470572
2.3600000000000003	1.0584695762948346
2.37	1.0636118631076639
2.38	1.0886533126316436
2.3899999999999997	1.1051296260985883
2.4000000000000004	1.0909868294428802
2.41	1.2766883581664368
2.42	1.4211996412073995
2.4299999999999997	1.4309821530471054
2.4400000000000004	1.23737821286711
2.45	1.1631551795151607
2.46	1.2089041999217252
2.4699999999999998	1.3400467285149569
2.4800000000000004	1.2771777531099064
2.49	1.2694386638766042
2.5	1.451894298793033
2.51	1.423668716010511
2.5200000000000005	1.3948508742337153
2.5300000000000002	1.5049288309946451
2.54	1.434021093093014
2.55	1.4335514324720298
2.5600000000000005	1.3616007475697987
2.5700000000000003	1.4104472366232699
2.58	1.4665852349339084
2.59	1.5624654916952103
2.6000000000000005	1.5517318089735397
2.6100000000000003	1.56000076368695
2.62	1.4381340217525522
2.63	1.4446443492425056
2.6399999999999997	1.488666742758883
2.6500000000000004	1.4742941901482394
2.66	1.4844283791340604
2.67	1.5090214337507264
2.6799999999999997	1.475030586448535
2.6900000000000004	1.542141737629639
2.7	1.5546864840570538
2.71	1.4075536480438986
2.7199999999999998	1.3954990197259602
2.7300000000000004	1.3851379438574063
2.74	1.3196232797053422
2.75	1.3657045439442694
2.76	1.4143963952665526
2.7700000000000005	1.4155916278963456
2.7800000000000002	1.4114968926417404
2.79	1.2595710494238146
2.8	1.2031181763176142
2.8100000000000005	1.0491810778180093
2.8200000000000003	0.7565108514920046
2.83	0.9490022838794284
2.84	1.1400218272075415
2.8500000000000005	0.8835866791788808
2.8600000000000003	0.8986341541533891
2.87	0.8664129912480149
2.88	0.8437846247900992
2.8899999999999997	0.8191659002024708
2.9000000000000004	0.8349994205710143
2.91	0.8101875074835839
2.92	0.8056871267651842
2.9299999999999997	0.8245307555363578
2.9400000000000004	0.8879013454284919
2.95	0.9265942314318731
2.96	0.9515181649977872
2.9699999999999998	0.9719668213713247
2.9800000000000004	1.0062692403151208
2.99	0.9183976883461704
3.	0.8145175493018548