0.	7.287718576667045
0.01	7.362905296897469
0.02	7.346238407498516
0.03	7.250405450521969
0.04	7.121955026344527
0.05	6.931970374771245
0.06	6.593473462607194
0.07	5.778943050426276
0.08	2.8464553090343006
0.09	6.434099821296784
0.1	6.668119483249545
0.11	6.711745456277228
0.12	6.738109589814275
0.13	6.7306705617791
0.14	6.7394081213461305
0.15	6.7066826820045025
0.16	6.683972298661594
0.17	6.683664724764747
0.18	6.660402932434445
0.19	6.634034095427999
0.2	6.613461198584959
0.21	6.5887607847646725
0.22	6.5123600429849615
0.23	6.4493990932104115
0.24	6.37461854880313
0.25	6.28846522486583
0.26	6.139143411854545
0.27	6.01438649408892
0.28	5.743000384193918
0.29	5.345939216567824
0.3	4.628096525897672
0.31	2.8800359645969382
0.32	9.625688137440415
0.33	4.992309382912389
0.34	5.87509068936812
0.35000000000000003	6.050666137685686
0.36	6.11364289982066
0.37	6.149269652850042
0.38	6.166511114640324
0.39	6.160863092229321
0.4	6.1688103630291895
0.41000000000000003	6.163711777894898
0.42	6.150224383696858
0.43	6.149967977483308
0.44	6.146471969289196
0.45	6.144398730915633
0.46	6.1309404916349175
0.47000000000000003	6.119791119847778
0.48	6.09959033742795
0.49	6.067085075072286
0.5	6.065045718412311
0.51	6.038491915560246
0.52	6.019776573953838
0.53	5.997461884552156
0.54	5.96063833530454
0.55	5.898828427251247
0.56	5.86363752034523
0.5700000000000001	5.8288187730685515
0.58	5.7549649324913625
0.59	5.696362499301482
0.6	5.607480667011531
0.61	5.541444517623166
0.62	5.440031354295439
0.63	5.282577516014497
0.64	5.126120681456231
0.65	4.89499748512185
0.66	4.512404688762503
0.67	3.9920791250766796
0.68	2.8708767852204153
0.6900000000000001	5.157572632058479
0.7000000000000001	4.452315215774839
0.71	3.748966258452946
0.72	4.976776849285276
0.73	5.296100420121321
0.74	5.418515196774284
0.75	5.4658772546738055
0.76	5.514623632217556
0.77	5.54154134918783
0.78	5.536003288851623
0.79	5.550253495309956
0.8	5.550131553156255
0.81	5.561702877038395
0.8200000000000001	5.559178959546618
0.8300000000000001	5.574986408325518
0.84	5.554907392687268
0.85	5.546422042346388
0.86	5.531739992893088
0.87	5.507051847174958
0.88	5.511764883056588
0.89	5.501725988479993
0.9	5.501955776787301
0.91	5.501582854436893
0.92	5.466139016369993
0.93	5.448499563671016
0.9400000000000001	5.426550006995356
0.9500000000000001	5.412002547585385
0.96	5.389706181977284
0.97	5.373968348264432
0.98	5.349210009279419
0.99	5.312050395420592
1.	5.285548214779645
1.01	5.251831031784493
1.02	5.2233677516991515
1.03	5.18308292640001
1.04	5.118944540238783
1.05	5.096359946875692
1.06	5.025623573049972
1.07	4.959203817472073
1.08	4.891234470879781
1.09	4.823776189529159
1.1	4.702134900375399
1.11	4.564487966589275
1.12	4.441562442734055
1.1300000000000001	4.209807002204928
1.1400000000000001	3.8946479754221404
1.1500000000000001	3.4543174453193477
1.16	2.5242586221883787
1.17	5.833947476740515
1.18	4.060367001639573
1.19	3.0261410160071938
1.2	3.458218573389483