0.	8.778164094820688
0.01	8.798357706812297
0.02	8.764766017118589
0.03	8.741378138629418
0.04	8.675430709750964
0.05	8.592404767110462
0.06	8.429195634997853
0.07	8.001613349421559
0.08	2.7910129339794354
0.09	7.8485550649255735
0.1	7.927489395940469
0.11	7.9482260912332
0.12	7.951784688197166
0.13	7.9487805027065965
0.14	7.9442574195148845
0.15	7.93273045583567
0.16	7.932350997258796
0.17	7.924452956589635
0.18	7.910462992641806
0.19	7.882854675950799
0.2	7.88061104107927
0.21	7.848054941098286
0.22	7.814268523035336
0.23	7.791873320461033
0.24	7.757288388751407
0.25	7.706374702923905
0.26	7.626393332925916
0.27	7.52231909732949
0.28	7.3906228877616105
0.29	7.12780266935531
0.3	6.68260193833546
0.31	5.384026634396945
0.32	6.34936476704457
0.33	6.834977856816392
0.34	7.024030663427304
0.35000000000000003	7.082166200206025
0.36	7.106048095541888
0.37	7.11834250984722
0.38	7.126256472341782
0.39	7.123166158445082
0.4	7.131779837954817
0.41000000000000003	7.129578591918569
0.42	7.1250675229437945
0.43	7.121291071192518
0.44	7.1089440099172405
0.45	7.110306880559818
0.46	7.098124636702527
0.47000000000000003	7.097138368719381
0.48	7.087124154956395
0.49	7.07016047504451
0.5	7.06423278531559
0.51	7.0486613532716005
0.52	7.030572905691398
0.53	7.010856905532765
0.54	7.003996554012085
0.55	6.968325296028327
0.56	6.9577399319909015
0.5700000000000001	6.926263681500844
0.58	6.891861091461844
0.59	6.838799335337159
0.6	6.800814116002065
0.61	6.75279028359786
0.62	6.684383184929057
0.63	6.589234094115602
0.64	6.485963021530594
0.65	6.298361247569968
0.66	6.055902192827684
0.67	5.630076100432938
0.68	4.678084475239323
0.6900000000000001	5.019135620495004
0.7000000000000001	4.627775340457501
0.71	5.939243625742416
0.72	6.142330156162808
0.73	6.212218853455791
0.74	6.237592268390102
0.75	6.260012757257975
0.76	6.279187123827138
0.77	6.280879986134318
0.78	6.287163547658665
0.79	6.298131977326696
0.8	6.301785004606112
0.81	6.302145791094039
0.8200000000000001	6.294184532285273
0.8300000000000001	6.2896142281744085
0.84	6.283274802314254
0.85	6.2849329289067555
0.86	6.282167456868796
0.87	6.276756799929422
0.88	6.273291078196839
0.89	6.265213202646857
0.9	6.26303791118329
0.91	6.253662541339084
0.92	6.244807064723712
0.93	6.236541913890445
0.9400000000000001	6.22388616132141
0.9500000000000001	6.209389756378595
0.96	6.20337129910632
0.97	6.190255181837319
0.98	6.171300168422748
0.99	6.154210025808958
1.	6.145586757832922
1.01	6.115822153694972
1.02	6.103342561272375
1.03	6.078292890401182
1.04	6.039365723300105
1.05	6.011395308679628
1.06	5.971770838876968
1.07	5.928956613725444
1.08	5.889598944041815
1.09	5.823459315943233
1.1	5.76300408403197
1.11	5.663013057786981
1.12	5.540174618808788
1.1300000000000001	5.3810014970364355
1.1400000000000001	5.148410234514374
1.1500000000000001	4.709140400756935
1.16	3.8353354965338577
1.17	7.173928676859852
1.18	3.886897586447336
1.19	4.727056607580318
1.2	5.1930126040518845