0.	7.605811132403507
0.01	7.694491906364151
0.02	7.650189597016197
0.03	7.566532975628918
0.04	7.4666825918563795
0.05	7.286689232921299
0.06	7.005875989491029
0.07	6.249892218494167
0.08	2.447561512819602
0.09	6.755141686045603
0.1	6.942344254862103
0.11	6.982795959717324
0.12	7.013255567502589
0.13	7.017173750465223
0.14	6.9972146294579085
0.15	6.979728783618935
0.16	6.975453486483374
0.17	6.950950978206025
0.18	6.9269281659918995
0.19	6.904705333271219
0.2	6.889360192581624
0.21	6.85293755359738
0.22	6.802118669432333
0.23	6.72402502813005
0.24	6.661847912442306
0.25	6.58932623940817
0.26	6.460928397211747
0.27	6.298891394100439
0.28	6.10940018350857
0.29	5.690437707352659
0.3	5.089576347636029
0.31	3.364820988088683
0.32	8.278854160790281
0.33	5.506020151899848
0.34	6.143700360300423
0.35000000000000003	6.281437903434639
0.36	6.33353011707173
0.37	6.36248963165262
0.38	6.375722839068707
0.39	6.367191805358464
0.4	6.3841242100943125
0.41000000000000003	6.380862401982052
0.42	6.364640737843146
0.43	6.37151175827617
0.44	6.367792659771761
0.45	6.358876741210007
0.46	6.335340293307679
0.47000000000000003	6.308071835833531
0.48	6.308985993622799
0.49	6.274279929699755
0.5	6.258904471984485
0.51	6.25221788541832
0.52	6.228481991705095
0.53	6.205415221848348
0.54	6.174126360921307
0.55	6.144057830514417
0.56	6.0875983868599235
0.5700000000000001	6.056745538752749
0.58	5.995587942991832
0.59	5.934510959822212
0.6	5.870647136545171
0.61	5.776304188400675
0.62	5.677580085530591
0.63	5.537105731165548
0.64	5.398682720271122
0.65	5.141388793205755
0.66	4.823383275816833
0.67	4.252060560252566
0.68	3.1772723110050025
0.6900000000000001	5.1721542624007215
0.7000000000000001	4.0728336996955345
0.71	4.316153902322558
0.72	5.299943729230938
0.73	5.5175903300203775
0.74	5.603101484926504
0.75	5.646789468571893
0.76	5.684474541582291
0.77	5.698812816529174
0.78	5.704439880326181
0.79	5.705202697272531
0.8	5.719589721541361
0.81	5.721342145084566
0.8200000000000001	5.7191347021287475
0.8300000000000001	5.718064486338781
0.84	5.709324292214433
0.85	5.68976454923152
0.86	5.700718377813937
0.87	5.680947440400976
0.88	5.6807622041962444
0.89	5.666414949247355
0.9	5.657977236814078
0.91	5.654036418086668
0.92	5.630859963701365
0.93	5.6059827880108495
0.9400000000000001	5.582125913919315
0.9500000000000001	5.586536412922376
0.96	5.5487172801844515
0.97	5.535077193344298
0.98	5.513793138059036
0.99	5.490405281002465
1.	5.452987620081249
1.01	5.429514373989918
1.02	5.407401372597684
1.03	5.368108498481597
1.04	5.324463895186882
1.05	5.283786945908528
1.06	5.227305031891517
1.07	5.15487034306834
1.08	5.0879362885592005
1.09	4.994881793197888
1.1	4.908734861769822
1.11	4.772041620847405
1.12	4.632720496779
1.1300000000000001	4.429921198121261
1.1400000000000001	4.12209870075788
1.1500000000000001	3.607981309318998
1.16	2.6920326497957756
1.17	6.972937504745914
1.18	4.004758359969193
1.19	3.2654485539252347
1.2	3.971472789741465