0.	8.281043807006805
0.01	8.316401397090962
0.02	8.288243965965645
0.03	8.226004819528029
0.04	8.1337520927846
0.05	8.026706244360785
0.06	7.807492319396783
0.07	7.227621319974622
0.08	2.0690008099511235
0.09	7.382866757301263
0.1	7.498936440729456
0.11	7.510318075089478
0.12	7.524612257128724
0.13	7.527506349116814
0.14	7.520588732009505
0.15	7.51622887559836
0.16	7.490127676945353
0.17	7.495086018639084
0.18	7.473843549907896
0.19	7.447930284973465
0.2	7.428314585466194
0.21	7.394278692383027
0.22	7.35489955317047
0.23	7.313411534913415
0.24	7.260462173710755
0.25	7.191808985466992
0.26	7.110830486219384
0.27	6.98391869571065
0.28	6.773504934626212
0.29	6.461304123917031
0.3	5.941026858128278
0.31	4.304151758560516
0.32	8.15347114514513
0.33	6.303223112620752
0.34	6.625144022741319
0.35000000000000003	6.720387327664054
0.36	6.751035898463445
0.37	6.770484915414918
0.38	6.774467820343051
0.39	6.782641451150055
0.4	6.795037691864671
0.41000000000000003	6.799863081708676
0.42	6.794686973910477
0.43	6.779514974971786
0.44	6.783513492418421
0.45	6.774102217157682
0.46	6.770519558708933
0.47000000000000003	6.750856001561628
0.48	6.733362740827222
0.49	6.716291149038756
0.5	6.698032430904222
0.51	6.684757418170161
0.52	6.673366818126904
0.53	6.646497213720307
0.54	6.62389615260867
0.55	6.594310686207324
0.56	6.559915568208135
0.5700000000000001	6.533010979257607
0.58	6.4862923921082585
0.59	6.413793636898449
0.6	6.3805866058216525
0.61	6.303332336551721
0.62	6.209091352544429
0.63	6.086695196991925
0.64	5.934971628451071
0.65	5.7564317575109625
0.66	5.455487753619334
0.67	4.96991914049028
0.68	3.9051285252769072
0.6900000000000001	5.855352449340971
0.7000000000000001	3.887687090970472
0.71	5.351915996640135
0.72	5.7829509479488275
0.73	5.892038026250572
0.74	5.949415974798729
0.75	5.985164676551752
0.76	6.002010511279936
0.77	6.012695074415509
0.78	6.019718469921825
0.79	6.02542793678765
0.8	6.028229839361557
0.81	6.028000243669203
0.8200000000000001	6.024505570221603
0.8300000000000001	6.032945794644222
0.84	6.027333590448616
0.85	6.0211394772701805
0.86	6.014302780593652
0.87	6.006418773329052
0.88	5.9992953821770065
0.89	5.987360189420517
0.9	5.975202962299205
0.91	5.978773678649586
0.92	5.957916752774965
0.93	5.946428482724759
0.9400000000000001	5.933313827104811
0.9500000000000001	5.91841520948342
0.96	5.907228557143024
0.97	5.883011647937877
0.98	5.8756070477490825
0.99	5.839859605362769
1.	5.8234925296761215
1.01	5.797513256822145
1.02	5.77815517897338
1.03	5.744301765831159
1.04	5.7190103204641325
1.05	5.679299099294815
1.06	5.6223002610372586
1.07	5.56719426575042
1.08	5.518697452058408
1.09	5.428565242810565
1.1	5.352451470837453
1.11	5.245479470859556
1.12	5.08741283974495
1.1300000000000001	4.8724831203852625
1.1400000000000001	4.631112696335759
1.1500000000000001	4.211614578878661
1.16	3.2526505751743824
1.17	7.141375551646099
1.18	4.14402457563679
1.19	3.9207375680084873
1.2	4.7748872177000905