0.	7.603757580051579
0.01	7.670151651511052
0.02	7.611809573253637
0.03	7.5260529944383086
0.04	7.430138084575375
0.05	7.2546707591083095
0.06	6.971979515232371
0.07	6.213074507756582
0.08	2.533718593784662
0.09	6.718526552436616
0.1	6.9192440032009594
0.11	6.94832459123775
0.12	6.959579617937483
0.13	6.948395009141912
0.14	6.952024297535025
0.15	6.947020442405781
0.16	6.915339238448534
0.17	6.913903071255477
0.18	6.867933066311195
0.19	6.855205770628063
0.2	6.849780470628169
0.21	6.813852180108416
0.22	6.756251068246038
0.23	6.69172480123169
0.24	6.622454321048781
0.25	6.543553907833935
0.26	6.421524476761455
0.27	6.2383889087122935
0.28	6.0229994524948625
0.29	5.642031116710978
0.3	4.9953151741779935
0.31	3.3106407567046143
0.32	9.34966201662367
0.33	5.442796608952437
0.34	6.113956604780262
0.35000000000000003	6.231751822669299
0.36	6.290849769537428
0.37	6.30920360295916
0.38	6.323384101375572
0.39	6.322299822952993
0.4	6.330177256389945
0.41000000000000003	6.323444075485224
0.42	6.330248084022336
0.43	6.3299146693457145
0.44	6.327284527849107
0.45	6.306503513878393
0.46	6.293201660902469
0.47000000000000003	6.282945615131446
0.48	6.267717312995703
0.49	6.246704375989446
0.5	6.223993827141114
0.51	6.1983399089496345
0.52	6.218624990191232
0.53	6.154430444582605
0.54	6.149314669323413
0.55	6.106047011274941
0.56	6.069943707841551
0.5700000000000001	6.027684685515889
0.58	5.954948890825895
0.59	5.895667468896976
0.6	5.859339689861898
0.61	5.754861262931687
0.62	5.642516206606454
0.63	5.508962068380145
0.64	5.3387482841643115
0.65	5.101194993210229
0.66	4.786242057115178
0.67	4.242752400716508
0.68	3.199062434576771
0.6900000000000001	5.281046403725368
0.7000000000000001	4.274976146562251
0.71	4.294229236459907
0.72	5.245925553554305
0.73	5.495955298649372
0.74	5.553313786605097
0.75	5.608750332928471
0.76	5.645472181703892
0.77	5.661323317479352
0.78	5.680923506282463
0.79	5.673818502557151
0.8	5.690403703349959
0.81	5.691045786105241
0.8200000000000001	5.685746256227298
0.8300000000000001	5.68083668222727
0.84	5.689290730782159
0.85	5.662958737029589
0.86	5.66242894865937
0.87	5.632334365332866
0.88	5.6453135257661
0.89	5.6212778673280654
0.9	5.639749988565736
0.91	5.609069788434181
0.92	5.5985480500390965
0.93	5.576151764269866
0.9400000000000001	5.5690909668411495
0.9500000000000001	5.557749959734114
0.96	5.527602749408588
0.97	5.500553876662829
0.98	5.485699002141174
0.99	5.464430302499853
1.	5.4239100318754865
1.01	5.399572515769149
1.02	5.3740613089551355
1.03	5.32798001150366
1.04	5.302184215311814
1.05	5.256205038888267
1.06	5.201835099517972
1.07	5.139674013648277
1.08	5.055114441690808
1.09	4.981557567332806
1.1	4.8733314128961425
1.11	4.7540627327459815
1.12	4.608672683723158
1.1300000000000001	4.39535831107844
1.1400000000000001	4.071422119026412
1.1500000000000001	3.6310394293295785
1.16	2.7256835212427695
1.17	6.462985780865007
1.18	4.068636332279646
1.19	3.1502011021467076
1.2	3.856991889553228