0.	7.323501635986394
0.01	7.400581084602739
0.02	7.367569938935116
0.03	7.289336815832873
0.04	7.142225943746645
0.05	6.953053426075372
0.06	6.6340589768023515
0.07	5.800516872576658
0.08	2.8512072723125215
0.09	6.469757673936365
0.1	6.692744445495904
0.11	6.705870701918925
0.12	6.722670758121478
0.13	6.7445254171546205
0.14	6.72356673286544
0.15	6.716522831841039
0.16	6.694268017764966
0.17	6.6904063810085175
0.18	6.649707533282925
0.19	6.629843898141155
0.2	6.622819557677447
0.21	6.590717474885087
0.22	6.498734890471505
0.23	6.462256077951857
0.24	6.38884050648164
0.25	6.285208152903452
0.26	6.162304964963839
0.27	5.979084662850854
0.28	5.703432609598778
0.29	5.319940041206332
0.3	4.695835367002898
0.31	2.881532172916348
0.32	8.959447878632414
0.33	5.053949709412488
0.34	5.889811951942543
0.35000000000000003	6.044180231160002
0.36	6.106746363402593
0.37	6.135578739111375
0.38	6.165596890866418
0.39	6.154327762124884
0.4	6.16429662018688
0.41000000000000003	6.159470036760451
0.42	6.1476287544623975
0.43	6.152870396168041
0.44	6.141684446752483
0.45	6.147943396421924
0.46	6.125713179657316
0.47000000000000003	6.107996418029651
0.48	6.088596837784947
0.49	6.091416614495105
0.5	6.072538359304114
0.51	6.043994904869585
0.52	6.020470012434648
0.53	5.989391141166251
0.54	5.96129024733336
0.55	5.929660279583177
0.56	5.881137664849412
0.5700000000000001	5.8369716638512905
0.58	5.7587844485834445
0.59	5.718682864829858
0.6	5.62926859623024
0.61	5.496482674066639
0.62	5.39872229612298
0.63	5.3014756250707835
0.64	5.10426207121243
0.65	4.852438489645628
0.66	4.524042536091014
0.67	3.96362475297519
0.68	2.8696771478757044
0.6900000000000001	5.441699782855867
0.7000000000000001	3.981770220799018
0.71	3.7261123025109475
0.72	4.969337399648657
0.73	5.284762277057129
0.74	5.410348019677053
0.75	5.462282999484099
0.76	5.504193659867318
0.77	5.52831006906122
0.78	5.540315926650017
0.79	5.556965684596007
0.8	5.553309125270561
0.81	5.561013008818567
0.8200000000000001	5.551423157880096
0.8300000000000001	5.551709650680144
0.84	5.548691153433192
0.85	5.551676645011422
0.86	5.544335498092425
0.87	5.503439781980533
0.88	5.516066117647708
0.89	5.492413210350602
0.9	5.48512136151694
0.91	5.4801856763608106
0.92	5.445442305958643
0.93	5.437031675855264
0.9400000000000001	5.432662510238575
0.9500000000000001	5.39337759435734
0.96	5.391424414335075
0.97	5.357856377160447
0.98	5.32599639007105
0.99	5.306319697234951
1.	5.297076710514047
1.01	5.276973830394241
1.02	5.2154503394441765
1.03	5.18985779051827
1.04	5.139464730947937
1.05	5.100381125649354
1.06	5.043625128251357
1.07	4.982359824289727
1.08	4.907617878584245
1.09	4.810427443520226
1.1	4.713299281630741
1.11	4.5636739033712725
1.12	4.434347642343907
1.1300000000000001	4.1905414818749565
1.1400000000000001	3.9080933163645315
1.1500000000000001	3.4114181896125655
1.16	2.4979958542341607
1.17	5.890190177065091
1.18	3.935379042433126
1.19	3.0821525024594165
1.2	3.5163977042593078