0.	7.643587247860041
0.01	7.716508750786743
0.02	7.661402737527175
0.03	7.57644289248182
0.04	7.480640642385164
0.05	7.312863132898451
0.06	7.009268678062034
0.07	6.313807089561129
0.08	2.4140583166744545
0.09	6.78756778390013
0.1	6.967912363567178
0.11	6.996911349344038
0.12	6.99343223166379
0.13	7.000247073467577
0.14	6.9948012771484915
0.15	6.987092969371864
0.16	6.961115803284139
0.17	6.961006525718322
0.18	6.9384550134339875
0.19	6.90097616791995
0.2	6.890118450765798
0.21	6.864475934157071
0.22	6.803794315396094
0.23	6.737421407540972
0.24	6.662429811958898
0.25	6.592987963253591
0.26	6.482343105018248
0.27	6.339482193865355
0.28	6.1007305540593295
0.29	5.706872801714468
0.3	5.014385446928908
0.31	3.360112708410945
0.32	8.698347804083147
0.33	5.558769057074265
0.34	6.143514652119959
0.35000000000000003	6.266276248535911
0.36	6.319575787848369
0.37	6.347715771157296
0.38	6.366288242649391
0.39	6.376358990037577
0.4	6.369496502295917
0.41000000000000003	6.351211760780581
0.42	6.364469459300557
0.43	6.349121544367048
0.44	6.357565167496677
0.45	6.348445624190164
0.46	6.349152911098034
0.47000000000000003	6.335324189529938
0.48	6.3127960831753995
0.49	6.290799282853382
0.5	6.262224443243255
0.51	6.247505202241655
0.52	6.2447697736401135
0.53	6.197957686452822
0.54	6.1849146664112995
0.55	6.1402321656025745
0.56	6.115814903524321
0.5700000000000001	6.060746021084179
0.58	6.011069359760719
0.59	5.93937049602015
0.6	5.876872293798919
0.61	5.77816077789173
0.62	5.676800664407287
0.63	5.541349369015965
0.64	5.386498513599036
0.65	5.195164419316176
0.66	4.865277509480819
0.67	4.314332025028376
0.68	3.213151071537648
0.6900000000000001	5.382706685862858
0.7000000000000001	4.461244735218813
0.71	4.353229389255904
0.72	5.27888751069168
0.73	5.506091430358901
0.74	5.581852013929896
0.75	5.633993825818832
0.76	5.666528888400334
0.77	5.689512641400568
0.78	5.6946021363997295
0.79	5.70410494742278
0.8	5.713113493996254
0.81	5.703055128991971
0.8200000000000001	5.699978197428274
0.8300000000000001	5.707294507378135
0.84	5.708592595330693
0.85	5.6942686284447825
0.86	5.696818736688209
0.87	5.685919201976696
0.88	5.68083747342604
0.89	5.66695730323572
0.9	5.651654273708457
0.91	5.639894350730768
0.92	5.637648596179729
0.93	5.609166060406613
0.9400000000000001	5.60011626171481
0.9500000000000001	5.583231694748709
0.96	5.5612348589044815
0.97	5.542963614941127
0.98	5.510734450460144
0.99	5.498430468930001
1.	5.473557434826955
1.01	5.432540216346673
1.02	5.400217472850821
1.03	5.358567094114764
1.04	5.339314584084941
1.05	5.288128388395472
1.06	5.236223488431419
1.07	5.175121295116045
1.08	5.098443049801595
1.09	5.014740190649583
1.1	4.92712052167056
1.11	4.793881998127066
1.12	4.64600117374548
1.1300000000000001	4.411924838149319
1.1400000000000001	4.151554942854633
1.1500000000000001	3.6654529289191604
1.16	2.687848905424159
1.17	6.394494063122196
1.18	4.0329766806250404
1.19	3.2435987481965176
1.2	3.954208501236093