0.	7.397896498835839
0.01	7.480678012974277
0.02	7.433816580007922
0.03	7.361205657454983
0.04	7.205500739012939
0.05	7.016453325197312
0.06	6.704238697657453
0.07	5.906296625139938
0.08	2.7249253263991458
0.09	6.541742930043855
0.1	6.737508490481558
0.11	6.776647267684784
0.12	6.780950530666129
0.13	6.783620645672358
0.14	6.782361972604142
0.15	6.764712563899085
0.16	6.756468347256785
0.17	6.745480235415238
0.18	6.741650509430532
0.19	6.695596810882222
0.2	6.670643017576522
0.21	6.637954713049438
0.22	6.592952227088228
0.23	6.529090499828943
0.24	6.454529205295303
0.25	6.352348422854936
0.26	6.232730999862902
0.27	6.053300655100298
0.28	5.7949437751938095
0.29	5.38425789898833
0.3	4.767109528062241
0.31	2.955672700241133
0.32	9.373123859954918
0.33	5.063073568301996
0.34	5.913652639254523
0.35000000000000003	6.102032257362236
0.36	6.157521713523705
0.37	6.1892953996958555
0.38	6.20126890351765
0.39	6.195236573023563
0.4	6.198061571708535
0.41000000000000003	6.202328386772647
0.42	6.199421735631661
0.43	6.192170912722673
0.44	6.18852236618436
0.45	6.196051413846728
0.46	6.1660674019617305
0.47000000000000003	6.149561945257872
0.48	6.148327815060806
0.49	6.128004007540804
0.5	6.109096369759958
0.51	6.080852582272717
0.52	6.070300259175854
0.53	6.017338303494367
0.54	6.0024394912502546
0.55	5.970424263920382
0.56	5.948257796324049
0.5700000000000001	5.877156979744921
0.58	5.821098555923307
0.59	5.756630404051142
0.6	5.687727655535022
0.61	5.59806582417227
0.62	5.492706041625762
0.63	5.337751206242492
0.64	5.178985858208185
0.65	4.904396698666773
0.66	4.580168537784759
0.67	4.072911350912767
0.68	2.9212364113097937
0.6900000000000001	5.099613989944008
0.7000000000000001	4.449610062116059
0.71	3.79946121377514
0.72	5.021385270627439
0.73	5.337627066045454
0.74	5.454352889158469
0.75	5.509622468977888
0.76	5.544989005478697
0.77	5.556330311100161
0.78	5.571001512196777
0.79	5.588340883241975
0.8	5.5888367294002075
0.81	5.580656133800636
0.8200000000000001	5.593361730123654
0.8300000000000001	5.589212198349346
0.84	5.581032983700581
0.85	5.576670986302997
0.86	5.5661331346837795
0.87	5.552714779369508
0.88	5.542653972639544
0.89	5.542326082214424
0.9	5.523391841039187
0.91	5.515376575423226
0.92	5.500658551278695
0.93	5.478117529827159
0.9400000000000001	5.472399474009565
0.9500000000000001	5.451402951670349
0.96	5.4263899563379745
0.97	5.408507923438804
0.98	5.378897518038915
0.99	5.345651964361553
1.	5.324892120294419
1.01	5.294642947438935
1.02	5.256518475286586
1.03	5.2057189658337055
1.04	5.164829493274123
1.05	5.1316314589822065
1.06	5.077366942961749
1.07	5.01611551572483
1.08	4.945241634554693
1.09	4.885256360981886
1.1	4.786365227249554
1.11	4.637839611976969
1.12	4.459560791592427
1.1300000000000001	4.279170538785291
1.1400000000000001	3.9622054060268654
1.1500000000000001	3.465395653169386
1.16	2.55216478862506
1.17	6.377896095745088
1.18	4.2970523473064155
1.19	3.3160228119925796
1.2	3.6042884051658444