0.	7.885409952542482
0.01	7.960812096319252
0.02	7.922749413182406
0.03	7.8509000535225955
0.04	7.725075634888494
0.05	7.5668593009665805
0.06	7.335576790569565
0.07	6.656808860254752
0.08	2.1664935448657525
0.09	7.011714303855184
0.1	7.176551574720545
0.11	7.194754798424038
0.12	7.216015480743614
0.13	7.232752366071654
0.14	7.1887969637708045
0.15	7.191200634708752
0.16	7.174551290813468
0.17	7.167849282560091
0.18	7.146614649718425
0.19	7.1193290268672555
0.2	7.098869956275343
0.21	7.0785705021255705
0.22	7.019171816746194
0.23	6.97723791388091
0.24	6.9060857226522065
0.25	6.826483739244939
0.26	6.721758904761263
0.27	6.5603288761691525
0.28	6.34074102749966
0.29	6.008610557538386
0.3	5.373403364648712
0.31	3.6818040194413726
0.32	9.628055581500863
0.33	5.855296261002548
0.34	6.343286977382486
0.35000000000000003	6.442463895855128
0.36	6.495320979226842
0.37	6.505199713993009
0.38	6.522791710909398
0.39	6.5329873402671375
0.4	6.539960643870044
0.41000000000000003	6.536358105172089
0.42	6.531723554070562
0.43	6.5353673604842974
0.44	6.528024527224223
0.45	6.525418111944349
0.46	6.495278929642316
0.47000000000000003	6.496128351915186
0.48	6.479284531143736
0.49	6.447311986962914
0.5	6.444262648943784
0.51	6.409251241625127
0.52	6.404632314927902
0.53	6.373903081871847
0.54	6.360150256568025
0.55	6.33033716335105
0.56	6.28184708512654
0.5700000000000001	6.241227060939236
0.58	6.192038103458483
0.59	6.124923519056189
0.6	6.059880811915187
0.61	5.987894854030552
0.62	5.86634589050215
0.63	5.7513113720184155
0.64	5.612363310008331
0.65	5.399573761973585
0.66	5.063814395736871
0.67	4.566999819217968
0.68	3.504981044982732
0.6900000000000001	5.510285157288472
0.7000000000000001	4.272344785674378
0.71	4.804099907437943
0.72	5.483257489993355
0.73	5.654393122260422
0.74	5.722251389328585
0.75	5.776215102990716
0.76	5.803042785397291
0.77	5.809676175609179
0.78	5.825185302158148
0.79	5.8296472472652265
0.8	5.832991637126496
0.81	5.8421386823534665
0.8200000000000001	5.831640621128981
0.8300000000000001	5.837432680782136
0.84	5.823274572106183
0.85	5.830535964550523
0.86	5.83033341442484
0.87	5.820145394994417
0.88	5.816307071391282
0.89	5.796986063043319
0.9	5.800073835047399
0.91	5.778019683108716
0.92	5.758427352891403
0.93	5.744781765885166
0.9400000000000001	5.720816355847912
0.9500000000000001	5.715990571532206
0.96	5.690242650493901
0.97	5.673783014409019
0.98	5.644155040660467
0.99	5.625612788510715
1.	5.598395046520785
1.01	5.578168571144065
1.02	5.549463557078654
1.03	5.52432895235395
1.04	5.477551790276213
1.05	5.429238066814897
1.06	5.395575071124585
1.07	5.33891710113917
1.08	5.2688348363589395
1.09	5.179463696824934
1.1	5.089718036570211
1.11	4.967806263141214
1.12	4.80327014486562
1.1300000000000001	4.601141242228537
1.1400000000000001	4.323526387471592
1.1500000000000001	3.87034980073136
1.16	2.9187966656759765
1.17	6.276048265407686
1.18	4.13328616869722
1.19	3.5106165232606883
1.2	4.351046263397902