0.	7.9115755812826825
0.01	7.967443080812674
0.02	7.9345616055395505
0.03	7.854306527692421
0.04	7.759314291835606
0.05	7.6258334003512935
0.06	7.360007745196281
0.07	6.674729813019789
0.08	2.2393922747032686
0.09	7.053600233370025
0.1	7.190015259452576
0.11	7.223181593367559
0.12	7.219632204526377
0.13	7.229565372031959
0.14	7.212280238514446
0.15	7.212912596589755
0.16	7.1940266960374295
0.17	7.173437638869812
0.18	7.157823328621647
0.19	7.143485338497001
0.2	7.132686924733056
0.21	7.101177879308843
0.22	7.026935906772301
0.23	6.973963736397061
0.24	6.909308341894036
0.25	6.847054905105042
0.26	6.739321569783958
0.27	6.587067695062864
0.28	6.389598321525342
0.29	6.036621015432471
0.3	5.40642713659409
0.31	3.722183898853905
0.32	10.099729008537327
0.33	5.869832928328864
0.34	6.357485084776051
0.35000000000000003	6.472200120323504
0.36	6.515640325613947
0.37	6.52466218340477
0.38	6.536038665552505
0.39	6.542430033238443
0.4	6.552698354170417
0.41000000000000003	6.5469453475817465
0.42	6.548958457322216
0.43	6.544931811189535
0.44	6.53563328216497
0.45	6.526435653322891
0.46	6.517390319544925
0.47000000000000003	6.502861200168204
0.48	6.497973843892622
0.49	6.4783990389746675
0.5	6.446503193378321
0.51	6.428208157117866
0.52	6.4075227500899326
0.53	6.394185992458209
0.54	6.373316632027716
0.55	6.327856861483853
0.56	6.285899273475768
0.5700000000000001	6.243184093286621
0.58	6.199632728833722
0.59	6.154038459328306
0.6	6.0919683668645765
0.61	6.013629172929088
0.62	5.898282317264906
0.63	5.7897951851485
0.64	5.610368292796648
0.65	5.417756010484714
0.66	5.084049654014294
0.67	4.582185978773199
0.68	3.503694348767137
0.6900000000000001	5.689530503661821
0.7000000000000001	4.012686120972056
0.71	4.87635666697428
0.72	5.513044284270264
0.73	5.670786975071666
0.74	5.75530602771308
0.75	5.794572314358961
0.76	5.814139574244229
0.77	5.826523237238003
0.78	5.839017336681243
0.79	5.843455225445751
0.8	5.849764359509586
0.81	5.843459364700053
0.8200000000000001	5.833043592383148
0.8300000000000001	5.834781184765523
0.84	5.825838093806758
0.85	5.823689028822569
0.86	5.827408077949683
0.87	5.816693813418904
0.88	5.808391140706582
0.89	5.789563252152714
0.9	5.793481558436313
0.91	5.76776457487281
0.92	5.770317095957639
0.93	5.750109587997615
0.9400000000000001	5.751135582273333
0.9500000000000001	5.728049569511488
0.96	5.71087601425388
0.97	5.676825817069451
0.98	5.656916091265841
0.99	5.6503914503202575
1.	5.611131845846876
1.01	5.596201378770972
1.02	5.5441507793289295
1.03	5.5153547524858055
1.04	5.487148984023135
1.05	5.448519429060813
1.06	5.402089784994549
1.07	5.326365110693274
1.08	5.27464001868695
1.09	5.186901093038694
1.1	5.105510275570632
1.11	4.980289941022451
1.12	4.812592591531255
1.1300000000000001	4.633915361706479
1.1400000000000001	4.336021926654925
1.1500000000000001	3.8738739740915284
1.16	2.9266594752926594
1.17	6.27607654077126
1.18	4.29067101031852
1.19	3.227580871438415
1.2	4.369068014978558