0.	3.6837062084247896e-7
0.01	5.738545906356269e-7
0.02	1.3975782701794737e-6
0.03	3.0910818682303885e-6
0.04	5.541285352468173e-6
0.05	7.911949741379396e-6
0.06	0.000010915819538309848
0.07	0.000015082928384521798
0.08	0.00002110475938467708
0.09	0.00003005001352159914
0.1	0.0000375989105165098
0.11	0.000041611846183676126
0.12	0.00005937999901565139
0.13	0.00008005366374527822
0.14	0.00010441111676825927
0.15	0.00011280116948412813
0.16	0.00015724238270278267
0.17	0.00021751669671954334
0.18	0.0003014017516524797
0.19	0.0004145814289687607
0.2	0.0005341980296376751
0.21	0.0008572676916777574
0.22	0.0014427403608387533
0.23	0.004439653671491759
0.24	0.4804887800033608
0.25	0.7046260962705102
0.26	0.7943378198080238
0.27	0.8291701022083514
0.28	0.8564403489448359
0.29	0.8744394458780674
0.3	0.8871051805036474
0.31	0.8969331364709157
0.32	0.9035978961269171
0.33	0.9089604711108775
0.34	0.9145083696730373
0.35000000000000003	0.9175060565708895
0.36	0.9205778220000804
0.37	0.9243074280898825
0.38	0.925471884511779
0.39	0.92594870856739
0.4	0.9232836127313303
0.41000000000000003	0.8829828277880443
0.42	0.8605699409077558
0.43	1.077212978031749
0.44	1.317824877033406
0.45	1.4531832377899412
0.46	1.5360997339259401
0.47000000000000003	1.592923642664419
0.48	1.63823112465822
0.49	1.6561965336259032
0.5	1.6834961906768093
0.51	1.7058954725146847
0.52	1.7200508222560682
0.53	1.729108261805505
0.54	1.7436281708869033
0.55	1.755382570448484
0.56	1.7651386741082657
0.5700000000000001	1.776225136865036
0.58	1.7826473281858162
0.59	1.7791045200335007
0.6	1.7909226554473276
0.61	1.798119096587789
0.62	1.79764008227511
0.63	1.8018753470632833
0.64	1.8097723619460653
0.65	1.8093720035227252
0.66	1.8151706950096438
0.67	1.8184002706610867
0.68	1.8195033885847574
0.6900000000000001	1.8221184987194436
0.7000000000000001	1.8253098836423396
0.71	1.8246736192199566
0.72	1.8298086335215682
0.73	1.83274312988562
0.74	1.8403515996483424
0.75	1.838104501997467
0.76	1.8387469035200636
0.77	1.8433421637957736
0.78	1.848078844037378
0.79	1.8509194723023705
0.8	1.8550965722030672
0.81	1.8571422365216472
0.8200000000000001	1.859103787611561
0.8300000000000001	1.8584083795606645
0.84	1.8535978049057855
0.85	1.149271975198439
0.86	1.5225368574744527
0.87	1.8808964617806905
0.88	2.1081137312516427
0.89	2.2502725609829315
0.9	2.3139260248300944
0.91	2.3980554808516534
0.92	2.4556536209092994
0.93	2.4935976267730346
0.9400000000000001	2.5303425853393717
0.9500000000000001	2.558357955761376
0.96	2.58431671214441
0.97	2.605320155198738
0.98	2.6333610085786296
0.99	2.6504455437379346
1.	2.663345879797403
1.01	2.6707839746782303
1.02	2.6334171789652947
1.03	2.53454694845521
1.04	2.2433856967828594
1.05	1.555490716353451
1.06	0.797481722365516
1.07	0.8132861805459517
1.08	1.2381416113909618
1.09	1.5825162134382136
1.1	1.8074079179375948
1.11	1.9544587838266672
1.12	2.0529827799384948
1.1300000000000001	2.131788313815203
1.1400000000000001	2.192641201787101
1.1500000000000001	2.229540602071938
1.16	2.274637272020363
1.17	2.2987897863189106
1.18	2.3233903792519284
1.19	2.3329975312770803
1.2	2.3559424517501033
1.21	2.362153103252673
1.22	2.3833055301366395
1.23	2.3934270965332822
1.24	2.3880086528955644
1.25	2.3986808757608538
1.26	2.4090281073492057
1.27	2.3987800659200724
1.28	2.4070940776559504
1.29	2.4000003513918347
1.3	2.416114480107792
1.31	2.4158414493084295
1.32	2.4132247390649217
1.33	2.4242018205300058
1.34	2.4103212194960912
1.35	2.4216707498234986
1.36	2.422008945877128
1.37	2.42441924325789
1.3800000000000001	2.4196991676051605
1.3900000000000001	2.4018962664295973
1.4000000000000001	2.4080666406009876
1.41	2.4048496792131213
1.42	2.3948227150405144
1.43	2.39768312942999
1.44	2.3930689109110848
1.45	2.3775831357716997
1.46	2.368547119698661
1.47	2.379684060356451
1.48	2.364649755679579
1.49	2.365179186126436
1.5	2.3621718226218706
1.51	2.357083561816058
1.52	2.347005635233259
1.53	2.333608304501974
1.54	2.322351734115103
1.55	2.3112829505793338
1.56	2.29797497451827
1.57	2.2795724867098617
1.58	2.2484030499395553
1.59	2.2410644453796804
1.6	2.2225219232140994
1.61	2.2006298990716853
1.62	2.1871648028329007
1.6300000000000001	2.166365774841237
1.6400000000000001	2.1508657869420387
1.6500000000000001	2.1303052061135133
1.6600000000000001	2.0717595819063126
1.67	2.0178309465876425
1.68	1.990524389491231
1.69	1.9646699984781932
1.7	1.8610551233466015
1.71	1.8193108019619864
1.72	1.6803578742949328
1.73	1.596916574471315
1.74	1.4846477585115978
1.75	1.2233771609794362
1.76	1.0880762838013707
1.77	1.118905535678763
1.78	0.9961590467636019
1.79	1.1472173332217739
1.8	1.3783849969388138
1.81	1.5027363648335126
1.82	1.5790014390645055
1.83	1.6135028811746241
1.84	1.6367372988664675
1.85	1.6573668506134331
1.86	1.667023585515852
1.87	1.6753887341122775
1.8800000000000001	1.6867807903528784
1.8900000000000001	1.6882654061064655
1.9000000000000001	1.6886783869016804
1.9100000000000001	1.68930236242112
1.92	1.6975342967693767
1.93	1.692885007423185
1.94	1.696684068591724
1.95	1.6985798373603531
1.96	1.6972819965178292
1.97	1.694325097624979
1.98	1.692657957807614
1.99	1.6940084103588553
2.	1.696636549623818
2.0100000000000002	1.6924997586477406
2.02	1.690503832144587
2.0300000000000002	1.6849886164695476
2.04	1.6846744419640807
2.05	1.6809264074167782
2.06	1.682161591228999
2.07	1.6812038742434527
2.08	1.6746986422996106
2.09	1.6675398295384323
2.1	1.663648415285797
2.11	1.6581075258202778
2.12	1.6548702819377947
2.13	1.645577296385725
2.14	1.640514878102429
2.15	1.636659483403753
2.16	1.6325296862794985
2.17	1.6286854478457085
2.18	1.6162287991225535
2.19	1.6152958109994615
2.2	1.5970053737758954
2.21	1.5932845380385718
2.22	1.5798779099561493
2.23	1.5685149244851246
2.24	1.5680786729517104
2.25	1.544159166799893
2.2600000000000002	1.536442481968081
2.27	1.5192403247341968
2.2800000000000002	1.502244079640447
2.29	1.4846542328787444
2.3000000000000003	1.4639120983674845
2.31	1.4409294464623832
2.32	1.4184948988129693
2.33	1.3864900635657145
2.34	1.3538295424661764
2.35	1.3206492594015147
2.36	1.2607305299534473
2.37	1.206152674918635
2.38	1.1179948150294643
2.39	1.0223516529487187
2.4	0.8886911758295293
2.41	0.755677454246612
2.42	0.7689796294659081
2.43	0.4232562800692107
2.44	0.6267723650950525
2.45	0.7137506609957475
2.46	0.768351219945533
2.47	0.7911386574875742
2.48	0.8087102272247336
2.49	0.8166914627196085
2.5	0.8218886638611218
2.5100000000000002	0.8243434760072113
2.52	0.8271832716165496
2.5300000000000002	0.8276713097193514
2.54	0.8275990392440162
2.5500000000000003	0.8236561970976756
2.56	0.8262537509471556
2.57	0.8256760778436238
2.58	0.8213698599942749
2.59	0.8179786134160911
2.6	0.8161157732399709
2.61	0.8070572589807055
2.62	0.8015995259900665
2.63	0.8020615979912448
2.64	0.7997068628923014
2.65	0.7880709607063765
2.66	0.7876606238706026
2.67	0.7778174364763965
2.68	0.7749937437879961
2.69	0.7638758531475912
2.7	0.7572866788883001
2.71	0.7432935937377017
2.72	0.7369803640573384
2.73	0.7163693727013567
2.74	0.703166020072397
2.75	0.6863863042883308
2.7600000000000002	0.67301175295351
2.77	0.6458443274832744
2.7800000000000002	0.6200607269583146
2.79	0.5889842531071421
2.8000000000000003	0.5526034917115953
2.81	0.5060429757319261
2.82	0.4531541387796122
2.83	0.38072781638357617
2.84	0.3072924390949514
2.85	0.032750822296518725
2.86	0.09085058763398401
2.87	0.015909294375139372
2.88	0.005467563908090898
2.89	0.0014817286022897093
2.9	0.000869768692329856
2.91	0.0006797905836999118
2.92	0.0004182779337285998
2.93	0.0002866374005278436
2.94	0.0002090182731920105
2.95	0.00016247645547739803
2.96	0.0001343146192141214
2.97	0.00010202278223165833
2.98	0.00008647470493304889
2.99	0.00007408965427992447
3.	0.00005947768728901469
3.0100000000000002	0.00005742420843224494
3.02	0.00004793321273631712
3.0300000000000002	0.000040547461255633525
3.04	0.00003673764455037732
3.0500000000000003	0.000024898967224822808
3.06	0.0000327208010060288
3.0700000000000003	0.000023851457864430807
3.08	0.00002194437999325025
3.09	0.000021311679323976127
3.1	0.000015159457917348324
3.11	0.000016931189070783675
3.12	0.000012408183417465486
3.13	0.000011772373954913134
3.14	0.000011851868621998296
3.15	9.376902917992067e-6
3.16	0.000010415513048682977
3.17	8.282241611963417e-6
3.18	7.053411820122241e-6
3.19	7.0949198468804525e-6
3.2	5.862558910276552e-6
3.21	6.614118589364089e-6
3.22	5.272812629990277e-6
3.23	5.837206602780666e-6
3.24	4.95036221345338e-6
3.25	4.289553557877912e-6
3.2600000000000002	3.265143297414231e-6
3.27	3.429864293531171e-6
3.2800000000000002	3.4583540681489626e-6
3.29	3.5519753886135578e-6
3.3000000000000003	2.4996318970767193e-6
3.31	2.573262825580287e-6
3.3200000000000003	2.6100907179973875e-6
3.33	2.7547757863886982e-6
3.34	2.4937600508008035e-6
3.35	2.213622079432827e-6
3.36	1.939430745182808e-6
3.37	1.8036132096263924e-6
3.38	1.7059651372995806e-6
3.39	1.5277486682223529e-6
3.4	1.6327270966157825e-6
3.41	1.2962778197646616e-6
3.42	1.2498073629901467e-6
3.43	1.320886150423173e-6
3.44	1.2283095616512985e-6
3.45	1.2551145053113603e-6
3.46	1.1102110191317183e-6
3.47	8.81990117294208e-7
3.48	1.2578651745627178e-6
3.49	1.109105794014913e-6
3.5	9.17551865312753e-7
3.5100000000000002	8.425004133544238e-7
3.52	7.977835536760482e-7
3.5300000000000002	7.363204697843876e-7
3.54	7.088838506389708e-7
3.5500000000000003	7.674210709811088e-7
3.56	5.097789384765854e-7
3.5700000000000003	7.424804104052787e-7
3.58	5.403109021676218e-7
3.59	5.079069259340701e-7
3.6	5.231247536901913e-7
3.61	5.323102139932453e-7
3.62	4.466985397181756e-7
3.63	3.797201368768144e-7
3.64	4.1626367697397395e-7
3.65	4.390958087302884e-7
3.66	3.814947932173263e-7
3.67	3.604919552808861e-7
3.68	3.4137962127308433e-7
3.69	3.21763666002799e-7
3.7	2.5653365296508456e-7
3.71	2.317807197651652e-7
3.72	2.3745397421632424e-7
3.73	2.3939282506940313e-7
3.74	2.1190605104835546e-7
3.75	2.757735551485426e-7
3.7600000000000002	2.851906348485563e-7
3.77	2.3554784093120263e-7
3.7800000000000002	2.2025761467778143e-7
3.79	1.7839123709157743e-7
3.8000000000000003	1.5209265194371007e-7
3.81	1.5501814964277342e-7
3.8200000000000003	1.6290309194623406e-7
3.83	1.80693725136766e-7
3.84	1.9843937763373948e-7
3.85	1.5217052912759946e-7
3.86	1.3383094192861037e-7
3.87	1.410950974341626e-7
3.88	1.5766539597945626e-7
3.89	1.263769976479421e-7
3.9	1.0636225405839825e-7
3.91	1.3165222484514966e-7
3.92	1.2409436700514804e-7
3.93	9.7270551780686e-8
3.94	8.43555219026244e-8
3.95	1.0258438553171143e-7
3.96	8.543035432390028e-8
3.97	9.639556769912028e-8
3.98	8.898246663606318e-8
3.99	7.34695795691032e-8
4.	6.584444848020205e-8